0 1
0 3
0 20
0 9
1 4
1 45
1 54
2 32
2 66
2 62
2 38
3 73
3 26
3 4
4 61
4 39
5 42
5 11
5 76
5 62
6 10
6 20
6 74
6 7
7 23
7 36
7 47
8 27
8 75
8 62
8 55
9 58
9 13
9 15
10 41
10 34
10 30
11 48
11 20
11 68
12 64
12 72
12 34
12 35
13 67
13 15
13 65
14 76
14 69
14 54
14 55
15 73
15 58
16 64
16 17
16 19
16 60
17 57
17 43
17 39
18 40
18 60
18 78
18 23
19 41
19 46
19 56
20 70
21 32
21 33
21 72
21 31
22 48
22 72
22 36
22 40
23 64
23 55
24 49
24 50
24 71
24 39
25 42
25 35
25 45
25 38
26 33
26 43
26 47
27 74
27 28
27 53
28 59
28 67
28 52
29 41
29 60
29 69
29 61
30 48
30 36
30 63
31 65
31 36
31 71
32 51
32 46
33 68
33 44
34 37
34 77
35 50
35 70
37 56
37 59
37 78
38 75
38 70
39 61
40 58
40 45
41 66
42 75
42 54
43 75
43 47
44 77
44 65
44 69
45 54
46 48
46 73
47 55
49 50
49 51
49 76
50 57
51 76
51 69
52 77
52 62
52 63
53 63
53 68
53 79
56 74
56 78
57 73
57 79
58 59
59 60
61 70
63 64
65 79
66 67
66 68
67 71
71 77
72 78
74 79
0 80
0 81
0 82
0 83
1 84
1 85
1 86
1 87
2 88
2 89
2 90
2 91
3 92
3 93
3 94
3 95
4 96
4 97
4 98
4 99
5 100
5 101
5 102
5 103
6 104
6 105
6 106
6 107
7 108
7 109
7 110
7 111
8 112
8 113
8 114
8 115
9 116
9 117
9 118
9 119
10 120
10 121
10 122
10 123
11 124
11 125
11 126
11 127
12 128
12 129
12 130
12 131
13 132
13 133
13 134
13 135
14 136
14 137
14 138
14 139
15 140
15 141
15 142
15 143
16 144
16 145
16 146
16 147
17 148
17 149
17 150
17 151
18 152
18 153
18 154
18 155
19 156
19 157
19 158
19 159
20 160
20 161
20 162
20 163
21 164
21 165
21 166
21 167
22 168
22 169
22 170
22 171
23 172
23 173
23 174
23 175
24 176
24 177
24 178
24 179
25 180
25 181
25 182
25 183
26 184
26 185
26 186
26 187
27 188
27 189
27 190
27 191
28 192
28 193
28 194
28 195
29 196
29 197
29 198
29 199
30 200
30 201
30 202
30 203
31 204
31 205
31 206
31 207
32 208
32 209
32 210
32 211
33 212
33 213
33 214
33 215
34 216
34 217
34 218
34 219
35 220
35 221
35 222
35 223
36 224
36 225
36 226
36 227
37 228
37 229
37 230
37 231
38 232
38 233
38 234
38 235
39 236
39 237
39 238
39 239
40 240
40 241
40 242
40 243
41 244
41 245
41 246
41 247
42 248
42 249
42 250
42 251
43 252
43 253
43 254
43 255
44 256
44 257
44 258
44 259
45 260
45 261
45 262
45 263
46 264
46 265
46 266
46 267
47 268
47 269
47 270
47 271
48 272
48 273
48 274
48 275
49 276
49 277
49 278
49 279
50 280
50 281
50 282
50 283
51 284
51 285
51 286
51 287
52 288
52 289
52 290
52 291
53 292
53 293
53 294
53 295
54 296
54 297
54 298
54 299
55 300
55 301
55 302
55 303
56 304
56 305
56 306
56 307
57 308
57 309
57 310
57 311
58 312
58 313
58 314
58 315
59 316
59 317
59 318
59 319
60 320
60 321
60 322
60 323
61 324
61 325
61 326
61 327
62 328
62 329
62 330
62 331
63 332
63 333
63 334
63 335
64 336
64 337
64 338
64 339
65 340
65 341
65 342
65 343
66 344
66 345
66 346
66 347
67 348
67 349
67 350
67 351
68 352
68 353
68 354
68 355
69 356
69 357
69 358
69 359
70 360
70 361
70 362
70 363
71 364
71 365
71 366
71 367
72 368
72 369
72 370
72 371
73 372
73 373
73 374
73 375
74 376
74 377
74 378
74 379
75 380
75 381
75 382
75 383
76 384
76 385
76 386
76 387
77 388
77 389
77 390
77 391
78 392
78 393
78 394
78 395
79 396
79 397
79 398
79 399
