0 48
0 100
0 76
0 295
1 336
1 34
1 106
1 197
2 82
2 323
2 317
2 255
3 324
3 323
3 340
3 269
4 168
4 188
4 212
4 78
5 344
5 51
5 94
5 287
6 307
6 162
6 331
6 225
7 80
7 161
7 21
7 263
8 336
8 132
8 85
8 118
9 35
9 259
9 340
9 294
10 330
10 261
10 70
10 165
11 273
11 324
11 213
11 229
12 39
12 67
12 235
12 243
13 160
13 147
13 230
13 351
14 193
14 43
14 148
14 293
15 129
15 109
15 78
15 17
16 339
16 284
16 358
16 319
17 88
17 29
17 246
18 340
18 125
18 310
18 213
19 57
19 275
19 244
19 97
20 242
20 165
20 318
20 154
21 304
21 306
21 238
22 331
22 218
22 187
22 110
23 226
23 205
23 102
23 31
24 80
24 145
24 90
24 230
25 89
25 114
25 173
25 143
26 272
26 90
26 235
26 178
27 106
27 36
27 242
27 54
28 175
28 149
28 294
28 351
29 184
29 171
29 190
30 352
30 276
30 92
30 197
31 152
31 306
31 189
32 232
32 209
32 35
32 119
33 113
33 34
33 67
33 215
34 116
34 198
35 161
35 66
36 304
36 201
36 115
37 249
37 123
37 100
37 94
38 265
38 100
38 157
38 223
39 72
39 244
39 240
40 176
40 124
40 334
40 86
41 315
41 52
41 221
41 327
42 76
42 221
42 342
42 309
43 329
43 114
43 51
44 216
44 161
44 146
44 195
45 310
45 173
45 318
45 47
46 194
46 322
46 262
46 166
47 58
47 298
47 269
48 335
48 187
48 303
49 250
49 118
49 286
49 142
50 144
50 105
50 204
50 292
51 155
51 268
52 260
52 270
52 343
53 264
53 298
53 204
53 318
54 240
54 166
54 311
55 258
55 319
55 180
55 295
56 112
56 216
56 155
56 70
57 171
57 309
57 277
58 87
58 271
58 220
59 257
59 114
59 301
59 181
60 178
60 171
60 69
60 310
61 139
61 188
61 126
61 326
62 96
62 329
62 202
62 167
63 344
63 194
63 187
63 349
64 89
64 298
64 332
64 74
65 216
65 172
65 282
65 180
66 329
66 345
66 127
67 91
67 357
68 120
68 249
68 98
68 69
69 354
69 157
70 219
70 262
71 137
71 106
71 211
71 358
72 347
72 348
72 142
73 200
73 176
73 162
73 216
74 289
74 300
74 247
75 274
75 357
75 125
75 271
76 218
76 359
77 120
77 151
77 300
77 359
78 178
78 163
79 192
79 288
79 179
79 308
80 95
80 92
81 153
81 274
81 262
81 287
82 266
82 90
82 213
83 164
83 315
83 92
83 165
84 184
84 186
84 227
84 118
85 256
85 97
85 211
86 283
86 269
86 207
87 312
87 150
87 231
88 105
88 154
88 308
89 128
89 301
90 175
91 336
91 117
91 110
92 359
93 193
93 355
93 356
93 159
94 265
94 338
95 224
95 238
95 303
96 144
96 266
96 341
97 99
97 214
98 279
98 341
98 333
99 280
99 316
99 209
100 226
101 241
101 220
101 278
101 342
102 256
102 103
102 197
103 286
103 292
103 302
104 161
104 194
104 228
104 111
105 281
105 153
106 284
107 152
107 280
107 252
107 111
108 145
108 332
108 158
108 271
109 344
109 242
109 182
110 332
110 325
111 201
111 228
112 248
112 210
112 293
113 265
113 185
113 319
114 314
115 208
115 152
115 174
116 233
116 325
116 125
117 212
117 170
117 356
118 199
119 203
119 260
119 214
120 337
120 129
121 304
121 352
121 349
121 150
122 273
122 146
122 335
122 289
123 283
123 203
123 263
124 288
124 357
124 182
125 345
126 282
126 131
126 205
127 138
127 219
127 215
128 130
128 172
128 333
129 307
129 222
130 345
130 177
130 321
131 331
131 198
131 293
132 288
132 274
132 147
133 328
133 354
133 258
133 290
134 257
134 339
134 347
134 333
135 307
135 276
135 246
135 158
136 291
136 188
136 199
136 151
137 209
137 303
137 205
138 330
138 159
138 324
139 312
139 297
139 315
140 226
140 316
140 278
140 191
141 217
141 186
141 190
141 175
142 179
142 276
143 328
143 196
143 230
144 193
144 183
145 347
145 174
146 169
146 306
147 152
147 150
148 305
148 260
148 169
149 337
149 237
149 294
150 317
151 200
151 247
153 299
153 265
154 274
154 327
155 353
155 326
156 248
156 352
156 259
156 261
157 177
157 305
158 225
158 262
159 220
159 287
160 328
160 186
160 252
162 163
162 285
163 164
163 198
164 228
164 295
165 300
166 360
166 236
167 281
167 186
167 183
168 176
168 245
168 286
169 313
169 299
170 188
170 182
170 285
171 260
172 218
172 333
173 352
173 321
174 305
174 322
175 249
176 322
177 284
177 285
178 220
179 297
179 303
180 240
180 215
181 296
181 346
181 295
182 297
183 244
183 278
184 256
184 338
185 290
185 195
185 316
187 195
189 218
189 206
189 190
190 327
191 217
191 269
191 223
192 282
192 243
192 234
193 340
194 239
195 258
196 248
196 334
196 223
197 230
198 346
199 242
199 229
200 258
200 293
201 252
201 302
202 330
202 348
202 214
203 232
203 312
204 296
204 206
205 267
206 281
206 301
207 275
207 292
207 254
208 275
208 347
208 270
209 235
210 320
210 313
210 350
211 289
211 239
212 354
212 307
213 255
214 356
215 349
217 353
217 337
219 248
219 314
221 317
221 319
222 335
222 350
222 255
223 282
224 241
224 317
224 238
225 323
225 277
226 250
227 251
227 324
227 231
228 351
229 232
229 351
231 298
231 263
232 343
233 250
233 315
233 237
234 257
234 283
234 268
235 281
236 289
236 247
236 279
237 290
237 316
238 313
239 291
239 301
240 360
241 243
241 292
243 320
244 263
245 267
245 291
245 336
246 308
246 341
247 323
249 337
250 253
251 360
251 332
251 318
252 272
253 264
253 305
253 314
254 330
254 322
254 359
255 277
256 297
257 299
259 348
259 353
261 355
261 309
264 327
264 270
266 304
266 310
267 355
267 341
268 309
268 311
270 291
271 354
272 296
272 302
273 344
273 275
276 331
277 279
278 321
279 343
280 358
280 342
283 334
284 348
285 287
286 313
288 326
290 312
294 314
296 320
299 346
300 342
302 355
306 325
308 345
311 356
311 329
320 339
321 338
325 360
326 357
328 350
334 353
335 358
338 346
339 350
343 349
0 361
0 362
0 363
0 364
0 365
0 366
0 367
0 368
0 369
0 370
0 371
0 372
0 373
1 374
1 375
1 376
1 377
1 378
1 379
1 380
1 381
1 382
1 383
1 384
1 385
1 386
2 387
2 388
2 389
2 390
2 391
2 392
2 393
2 394
2 395
2 396
2 397
2 398
2 399
3 400
3 401
3 402
3 403
3 404
3 405
3 406
3 407
3 408
3 409
3 410
3 411
3 412
4 413
4 414
4 415
4 416
4 417
4 418
4 419
4 420
4 421
4 422
4 423
4 424
4 425
5 426
5 427
5 428
5 429
5 430
5 431
5 432
5 433
5 434
5 435
5 436
5 437
5 438
6 439
6 440
6 441
6 442
6 443
6 444
6 445
6 446
6 447
6 448
6 449
6 450
6 451
7 452
7 453
7 454
7 455
7 456
7 457
7 458
7 459
7 460
7 461
7 462
7 463
7 464
8 465
8 466
8 467
8 468
8 469
8 470
8 471
8 472
8 473
8 474
8 475
8 476
8 477
9 478
9 479
9 480
9 481
9 482
9 483
9 484
9 485
9 486
9 487
9 488
9 489
9 490
10 491
10 492
10 493
10 494
10 495
10 496
10 497
10 498
10 499
10 500
10 501
10 502
10 503
11 504
11 505
11 506
11 507
11 508
11 509
11 510
11 511
11 512
11 513
11 514
11 515
11 516
12 517
12 518
12 519
12 520
12 521
12 522
12 523
12 524
12 525
12 526
12 527
12 528
12 529
13 530
13 531
13 532
13 533
13 534
13 535
13 536
13 537
13 538
13 539
13 540
13 541
13 542
14 543
14 544
14 545
14 546
14 547
14 548
14 549
14 550
14 551
14 552
14 553
14 554
14 555
15 556
15 557
15 558
15 559
15 560
15 561
15 562
15 563
15 564
15 565
15 566
15 567
15 568
16 569
16 570
16 571
16 572
16 573
16 574
16 575
16 576
16 577
16 578
16 579
16 580
16 581
17 582
17 583
17 584
17 585
17 586
17 587
17 588
17 589
17 590
17 591
17 592
17 593
17 594
18 595
18 596
18 597
18 598
18 599
18 600
18 601
18 602
18 603
18 604
18 605
18 606
18 607
19 608
19 609
19 610
19 611
19 612
19 613
19 614
19 615
19 616
19 617
19 618
19 619
19 620
20 621
20 622
20 623
20 624
20 625
20 626
20 627
20 628
20 629
20 630
20 631
20 632
20 633
21 634
21 635
21 636
21 637
21 638
21 639
21 640
21 641
21 642
21 643
21 644
21 645
21 646
22 647
22 648
22 649
22 650
22 651
22 652
22 653
22 654
22 655
22 656
22 657
22 658
22 659
23 660
23 661
23 662
23 663
23 664
23 665
23 666
23 667
23 668
23 669
23 670
23 671
23 672
24 673
24 674
24 675
24 676
24 677
24 678
24 679
24 680
24 681
24 682
24 683
24 684
24 685
25 686
25 687
25 688
25 689
25 690
25 691
25 692
25 693
25 694
25 695
25 696
25 697
25 698
26 699
26 700
26 701
26 702
26 703
26 704
26 705
26 706
26 707
26 708
26 709
26 710
26 711
27 712
27 713
27 714
27 715
27 716
27 717
27 718
27 719
27 720
27 721
27 722
27 723
27 724
28 725
28 726
28 727
28 728
28 729
28 730
28 731
28 732
28 733
28 734
28 735
28 736
28 737
29 738
29 739
29 740
29 741
29 742
29 743
29 744
29 745
29 746
29 747
29 748
29 749
29 750
30 751
30 752
30 753
30 754
30 755
30 756
30 757
30 758
30 759
30 760
30 761
30 762
30 763
31 764
31 765
31 766
31 767
31 768
31 769
31 770
31 771
31 772
31 773
31 774
31 775
31 776
32 777
32 778
32 779
32 780
32 781
32 782
32 783
32 784
32 785
32 786
32 787
32 788
32 789
33 790
33 791
33 792
33 793
33 794
33 795
33 796
33 797
33 798
33 799
33 800
33 801
33 802
34 803
34 804
34 805
34 806
34 807
34 808
34 809
34 810
34 811
34 812
34 813
34 814
34 815
35 816
35 817
35 818
35 819
35 820
35 821
35 822
35 823
35 824
35 825
35 826
35 827
35 828
36 829
36 830
36 831
36 832
36 833
36 834
36 835
36 836
36 837
36 838
36 839
36 840
36 841
37 842
37 843
37 844
37 845
37 846
37 847
37 848
37 849
37 850
37 851
37 852
37 853
37 854
38 855
38 856
38 857
38 858
38 859
38 860
38 861
38 862
38 863
38 864
38 865
38 866
38 867
39 868
39 869
39 870
39 871
39 872
39 873
39 874
39 875
39 876
39 877
39 878
39 879
39 880
40 881
40 882
40 883
40 884
40 885
40 886
40 887
40 888
40 889
40 890
40 891
40 892
40 893
41 894
41 895
41 896
41 897
41 898
41 899
41 900
41 901
41 902
41 903
41 904
41 905
41 906
42 907
42 908
42 909
42 910
42 911
42 912
42 913
42 914
42 915
42 916
42 917
42 918
42 919
43 920
43 921
43 922
43 923
43 924
43 925
43 926
43 927
43 928
43 929
43 930
43 931
43 932
44 933
44 934
44 935
44 936
44 937
44 938
44 939
44 940
44 941
44 942
44 943
44 944
44 945
45 946
45 947
45 948
45 949
45 950
45 951
45 952
45 953
45 954
45 955
45 956
45 957
45 958
46 959
46 960
46 961
46 962
46 963
46 964
46 965
46 966
46 967
46 968
46 969
46 970
46 971
47 972
47 973
47 974
47 975
47 976
47 977
47 978
47 979
47 980
47 981
47 982
47 983
47 984
48 985
48 986
48 987
48 988
48 989
48 990
48 991
48 992
48 993
48 994
48 995
48 996
48 997
49 998
49 999
49 1000
49 1001
49 1002
49 1003
49 1004
49 1005
49 1006
49 1007
49 1008
49 1009
49 1010
50 1011
50 1012
50 1013
50 1014
50 1015
50 1016
50 1017
50 1018
50 1019
50 1020
50 1021
50 1022
50 1023
51 1024
51 1025
51 1026
51 1027
51 1028
51 1029
51 1030
51 1031
51 1032
51 1033
51 1034
51 1035
51 1036
52 1037
52 1038
52 1039
52 1040
52 1041
52 1042
52 1043
52 1044
52 1045
52 1046
52 1047
52 1048
52 1049
53 1050
53 1051
53 1052
53 1053
53 1054
53 1055
53 1056
53 1057
53 1058
53 1059
53 1060
53 1061
53 1062
54 1063
54 1064
54 1065
54 1066
54 1067
54 1068
54 1069
54 1070
54 1071
54 1072
54 1073
54 1074
54 1075
55 1076
55 1077
55 1078
55 1079
55 1080
55 1081
55 1082
55 1083
55 1084
55 1085
55 1086
55 1087
55 1088
56 1089
56 1090
56 1091
56 1092
56 1093
56 1094
56 1095
56 1096
56 1097
56 1098
56 1099
56 1100
56 1101
57 1102
57 1103
57 1104
57 1105
57 1106
57 1107
57 1108
57 1109
57 1110
57 1111
57 1112
57 1113
57 1114
58 1115
58 1116
58 1117
58 1118
58 1119
58 1120
58 1121
58 1122
58 1123
58 1124
58 1125
58 1126
58 1127
59 1128
59 1129
59 1130
59 1131
59 1132
59 1133
59 1134
59 1135
59 1136
59 1137
59 1138
59 1139
59 1140
60 1141
60 1142
60 1143
60 1144
60 1145
60 1146
60 1147
60 1148
60 1149
60 1150
60 1151
60 1152
60 1153
61 1154
61 1155
61 1156
61 1157
61 1158
61 1159
61 1160
61 1161
61 1162
61 1163
61 1164
61 1165
61 1166
62 1167
62 1168
62 1169
62 1170
62 1171
62 1172
62 1173
62 1174
62 1175
62 1176
62 1177
62 1178
62 1179
63 1180
63 1181
63 1182
63 1183
63 1184
63 1185
63 1186
63 1187
63 1188
63 1189
63 1190
63 1191
63 1192
64 1193
64 1194
64 1195
64 1196
64 1197
64 1198
64 1199
64 1200
64 1201
64 1202
64 1203
64 1204
64 1205
65 1206
65 1207
65 1208
65 1209
65 1210
65 1211
65 1212
65 1213
65 1214
65 1215
65 1216
65 1217
65 1218
66 1219
66 1220
66 1221
66 1222
66 1223
66 1224
66 1225
66 1226
66 1227
66 1228
66 1229
66 1230
66 1231
67 1232
67 1233
67 1234
67 1235
67 1236
67 1237
67 1238
67 1239
67 1240
67 1241
67 1242
67 1243
67 1244
68 1245
68 1246
68 1247
68 1248
68 1249
68 1250
68 1251
68 1252
68 1253
68 1254
68 1255
68 1256
68 1257
69 1258
69 1259
69 1260
69 1261
69 1262
69 1263
69 1264
69 1265
69 1266
69 1267
69 1268
69 1269
69 1270
70 1271
70 1272
70 1273
70 1274
70 1275
70 1276
70 1277
70 1278
70 1279
70 1280
70 1281
70 1282
70 1283
71 1284
71 1285
71 1286
71 1287
71 1288
71 1289
71 1290
71 1291
71 1292
71 1293
71 1294
71 1295
71 1296
72 1297
72 1298
72 1299
72 1300
72 1301
72 1302
72 1303
72 1304
72 1305
72 1306
72 1307
72 1308
72 1309
73 1310
73 1311
73 1312
73 1313
73 1314
73 1315
73 1316
73 1317
73 1318
73 1319
73 1320
73 1321
73 1322
74 1323
74 1324
74 1325
74 1326
74 1327
74 1328
74 1329
74 1330
74 1331
74 1332
74 1333
74 1334
74 1335
75 1336
75 1337
75 1338
75 1339
75 1340
75 1341
75 1342
75 1343
75 1344
75 1345
75 1346
75 1347
75 1348
76 1349
76 1350
76 1351
76 1352
76 1353
76 1354
76 1355
76 1356
76 1357
76 1358
76 1359
76 1360
76 1361
77 1362
77 1363
77 1364
77 1365
77 1366
77 1367
77 1368
77 1369
77 1370
77 1371
77 1372
77 1373
77 1374
78 1375
78 1376
78 1377
78 1378
78 1379
78 1380
78 1381
78 1382
78 1383
78 1384
78 1385
78 1386
78 1387
79 1388
79 1389
79 1390
79 1391
79 1392
79 1393
79 1394
79 1395
79 1396
79 1397
79 1398
79 1399
79 1400
80 1401
80 1402
80 1403
80 1404
80 1405
80 1406
80 1407
80 1408
80 1409
80 1410
80 1411
80 1412
80 1413
81 1414
81 1415
81 1416
81 1417
81 1418
81 1419
81 1420
81 1421
81 1422
81 1423
81 1424
81 1425
81 1426
82 1427
82 1428
82 1429
82 1430
82 1431
82 1432
82 1433
82 1434
82 1435
82 1436
82 1437
82 1438
82 1439
83 1440
83 1441
83 1442
83 1443
83 1444
83 1445
83 1446
83 1447
83 1448
83 1449
83 1450
83 1451
83 1452
84 1453
84 1454
84 1455
84 1456
84 1457
84 1458
84 1459
84 1460
84 1461
84 1462
84 1463
84 1464
84 1465
85 1466
85 1467
85 1468
85 1469
85 1470
85 1471
85 1472
85 1473
85 1474
85 1475
85 1476
85 1477
85 1478
86 1479
86 1480
86 1481
86 1482
86 1483
86 1484
86 1485
86 1486
86 1487
86 1488
86 1489
86 1490
86 1491
87 1492
87 1493
87 1494
87 1495
87 1496
87 1497
87 1498
87 1499
87 1500
87 1501
87 1502
87 1503
87 1504
88 1505
88 1506
88 1507
88 1508
88 1509
88 1510
88 1511
88 1512
88 1513
88 1514
88 1515
88 1516
88 1517
89 1518
89 1519
89 1520
89 1521
89 1522
89 1523
89 1524
89 1525
89 1526
89 1527
89 1528
89 1529
89 1530
90 1531
90 1532
90 1533
90 1534
90 1535
90 1536
90 1537
90 1538
90 1539
90 1540
90 1541
90 1542
90 1543
91 1544
91 1545
91 1546
91 1547
91 1548
91 1549
91 1550
91 1551
91 1552
91 1553
91 1554
91 1555
91 1556
92 1557
92 1558
92 1559
92 1560
92 1561
92 1562
92 1563
92 1564
92 1565
92 1566
92 1567
92 1568
92 1569
93 1570
93 1571
93 1572
93 1573
93 1574
93 1575
93 1576
93 1577
93 1578
93 1579
93 1580
93 1581
93 1582
94 1583
94 1584
94 1585
94 1586
94 1587
94 1588
94 1589
94 1590
94 1591
94 1592
94 1593
94 1594
94 1595
95 1596
95 1597
95 1598
95 1599
95 1600
95 1601
95 1602
95 1603
95 1604
95 1605
95 1606
95 1607
95 1608
96 1609
96 1610
96 1611
96 1612
96 1613
96 1614
96 1615
96 1616
96 1617
96 1618
96 1619
96 1620
96 1621
97 1622
97 1623
97 1624
97 1625
97 1626
97 1627
97 1628
97 1629
97 1630
97 1631
97 1632
97 1633
97 1634
98 1635
98 1636
98 1637
98 1638
98 1639
98 1640
98 1641
98 1642
98 1643
98 1644
98 1645
98 1646
98 1647
99 1648
99 1649
99 1650
99 1651
99 1652
99 1653
99 1654
99 1655
99 1656
99 1657
99 1658
99 1659
99 1660
100 1661
100 1662
100 1663
100 1664
100 1665
100 1666
100 1667
100 1668
100 1669
100 1670
100 1671
100 1672
100 1673
101 1674
101 1675
101 1676
101 1677
101 1678
101 1679
101 1680
101 1681
101 1682
101 1683
101 1684
101 1685
101 1686
102 1687
102 1688
102 1689
102 1690
102 1691
102 1692
102 1693
102 1694
102 1695
102 1696
102 1697
102 1698
102 1699
103 1700
103 1701
103 1702
103 1703
103 1704
103 1705
103 1706
103 1707
103 1708
103 1709
103 1710
103 1711
103 1712
104 1713
104 1714
104 1715
104 1716
104 1717
104 1718
104 1719
104 1720
104 1721
104 1722
104 1723
104 1724
104 1725
105 1726
105 1727
105 1728
105 1729
105 1730
105 1731
105 1732
105 1733
105 1734
105 1735
105 1736
105 1737
105 1738
106 1739
106 1740
106 1741
106 1742
106 1743
106 1744
106 1745
106 1746
106 1747
106 1748
106 1749
106 1750
106 1751
107 1752
107 1753
107 1754
107 1755
107 1756
107 1757
107 1758
107 1759
107 1760
107 1761
107 1762
107 1763
107 1764
108 1765
108 1766
108 1767
108 1768
108 1769
108 1770
108 1771
108 1772
108 1773
108 1774
108 1775
108 1776
108 1777
109 1778
109 1779
109 1780
109 1781
109 1782
109 1783
109 1784
109 1785
109 1786
109 1787
109 1788
109 1789
109 1790
110 1791
110 1792
110 1793
110 1794
110 1795
110 1796
110 1797
110 1798
110 1799
110 1800
110 1801
110 1802
110 1803
111 1804
111 1805
111 1806
111 1807
111 1808
111 1809
111 1810
111 1811
111 1812
111 1813
111 1814
111 1815
111 1816
112 1817
112 1818
112 1819
112 1820
112 1821
112 1822
112 1823
112 1824
112 1825
112 1826
112 1827
112 1828
112 1829
113 1830
113 1831
113 1832
113 1833
113 1834
113 1835
113 1836
113 1837
113 1838
113 1839
113 1840
113 1841
113 1842
114 1843
114 1844
114 1845
114 1846
114 1847
114 1848
114 1849
114 1850
114 1851
114 1852
114 1853
114 1854
114 1855
115 1856
115 1857
115 1858
115 1859
115 1860
115 1861
115 1862
115 1863
115 1864
115 1865
115 1866
115 1867
115 1868
116 1869
116 1870
116 1871
116 1872
116 1873
116 1874
116 1875
116 1876
116 1877
116 1878
116 1879
116 1880
116 1881
117 1882
117 1883
117 1884
117 1885
117 1886
117 1887
117 1888
117 1889
117 1890
117 1891
117 1892
117 1893
117 1894
118 1895
118 1896
118 1897
118 1898
118 1899
118 1900
118 1901
118 1902
118 1903
118 1904
118 1905
118 1906
118 1907
119 1908
119 1909
119 1910
119 1911
119 1912
119 1913
119 1914
119 1915
119 1916
119 1917
119 1918
119 1919
119 1920
120 1921
120 1922
120 1923
120 1924
120 1925
120 1926
120 1927
120 1928
120 1929
120 1930
120 1931
120 1932
120 1933
121 1934
121 1935
121 1936
121 1937
121 1938
121 1939
121 1940
121 1941
121 1942
121 1943
121 1944
121 1945
121 1946
122 1947
122 1948
122 1949
122 1950
122 1951
122 1952
122 1953
122 1954
122 1955
122 1956
122 1957
122 1958
122 1959
123 1960
123 1961
123 1962
123 1963
123 1964
123 1965
123 1966
123 1967
123 1968
123 1969
123 1970
123 1971
123 1972
124 1973
124 1974
124 1975
124 1976
124 1977
124 1978
124 1979
124 1980
124 1981
124 1982
124 1983
124 1984
124 1985
125 1986
125 1987
125 1988
125 1989
125 1990
125 1991
125 1992
125 1993
125 1994
125 1995
125 1996
125 1997
125 1998
126 1999
126 2000
126 2001
126 2002
126 2003
126 2004
126 2005
126 2006
126 2007
126 2008
126 2009
126 2010
126 2011
127 2012
127 2013
127 2014
127 2015
127 2016
127 2017
127 2018
127 2019
127 2020
127 2021
127 2022
127 2023
127 2024
128 2025
128 2026
128 2027
128 2028
128 2029
128 2030
128 2031
128 2032
128 2033
128 2034
128 2035
128 2036
128 2037
129 2038
129 2039
129 2040
129 2041
129 2042
129 2043
129 2044
129 2045
129 2046
129 2047
129 2048
129 2049
129 2050
130 2051
130 2052
130 2053
130 2054
130 2055
130 2056
130 2057
130 2058
130 2059
130 2060
130 2061
130 2062
130 2063
131 2064
131 2065
131 2066
131 2067
131 2068
131 2069
131 2070
131 2071
131 2072
131 2073
131 2074
131 2075
131 2076
132 2077
132 2078
132 2079
132 2080
132 2081
132 2082
132 2083
132 2084
132 2085
132 2086
132 2087
132 2088
132 2089
133 2090
133 2091
133 2092
133 2093
133 2094
133 2095
133 2096
133 2097
133 2098
133 2099
133 2100
133 2101
133 2102
134 2103
134 2104
134 2105
134 2106
134 2107
134 2108
134 2109
134 2110
134 2111
134 2112
134 2113
134 2114
134 2115
135 2116
135 2117
135 2118
135 2119
135 2120
135 2121
135 2122
135 2123
135 2124
135 2125
135 2126
135 2127
135 2128
136 2129
136 2130
136 2131
136 2132
136 2133
136 2134
136 2135
136 2136
136 2137
136 2138
136 2139
136 2140
136 2141
137 2142
137 2143
137 2144
137 2145
137 2146
137 2147
137 2148
137 2149
137 2150
137 2151
137 2152
137 2153
137 2154
138 2155
138 2156
138 2157
138 2158
138 2159
138 2160
138 2161
138 2162
138 2163
138 2164
138 2165
138 2166
138 2167
139 2168
139 2169
139 2170
139 2171
139 2172
139 2173
139 2174
139 2175
139 2176
139 2177
139 2178
139 2179
139 2180
140 2181
140 2182
140 2183
140 2184
140 2185
140 2186
140 2187
140 2188
140 2189
140 2190
140 2191
140 2192
140 2193
141 2194
141 2195
141 2196
141 2197
141 2198
141 2199
141 2200
141 2201
141 2202
141 2203
141 2204
141 2205
141 2206
142 2207
142 2208
142 2209
142 2210
142 2211
142 2212
142 2213
142 2214
142 2215
142 2216
142 2217
142 2218
142 2219
143 2220
143 2221
143 2222
143 2223
143 2224
143 2225
143 2226
143 2227
143 2228
143 2229
143 2230
143 2231
143 2232
144 2233
144 2234
144 2235
144 2236
144 2237
144 2238
144 2239
144 2240
144 2241
144 2242
144 2243
144 2244
144 2245
145 2246
145 2247
145 2248
145 2249
145 2250
145 2251
145 2252
145 2253
145 2254
145 2255
145 2256
145 2257
145 2258
146 2259
146 2260
146 2261
146 2262
146 2263
146 2264
146 2265
146 2266
146 2267
146 2268
146 2269
146 2270
146 2271
147 2272
147 2273
147 2274
147 2275
147 2276
147 2277
147 2278
147 2279
147 2280
147 2281
147 2282
147 2283
147 2284
148 2285
148 2286
148 2287
148 2288
148 2289
148 2290
148 2291
148 2292
148 2293
148 2294
148 2295
148 2296
148 2297
149 2298
149 2299
149 2300
149 2301
149 2302
149 2303
149 2304
149 2305
149 2306
149 2307
149 2308
149 2309
149 2310
150 2311
150 2312
150 2313
150 2314
150 2315
150 2316
150 2317
150 2318
150 2319
150 2320
150 2321
150 2322
150 2323
151 2324
151 2325
151 2326
151 2327
151 2328
151 2329
151 2330
151 2331
151 2332
151 2333
151 2334
151 2335
151 2336
152 2337
152 2338
152 2339
152 2340
152 2341
152 2342
152 2343
152 2344
152 2345
152 2346
152 2347
152 2348
152 2349
153 2350
153 2351
153 2352
153 2353
153 2354
153 2355
153 2356
153 2357
153 2358
153 2359
153 2360
153 2361
153 2362
154 2363
154 2364
154 2365
154 2366
154 2367
154 2368
154 2369
154 2370
154 2371
154 2372
154 2373
154 2374
154 2375
155 2376
155 2377
155 2378
155 2379
155 2380
155 2381
155 2382
155 2383
155 2384
155 2385
155 2386
155 2387
155 2388
156 2389
156 2390
156 2391
156 2392
156 2393
156 2394
156 2395
156 2396
156 2397
156 2398
156 2399
156 2400
156 2401
157 2402
157 2403
157 2404
157 2405
157 2406
157 2407
157 2408
157 2409
157 2410
157 2411
157 2412
157 2413
157 2414
158 2415
158 2416
158 2417
158 2418
158 2419
158 2420
158 2421
158 2422
158 2423
158 2424
158 2425
158 2426
158 2427
159 2428
159 2429
159 2430
159 2431
159 2432
159 2433
159 2434
159 2435
159 2436
159 2437
159 2438
159 2439
159 2440
160 2441
160 2442
160 2443
160 2444
160 2445
160 2446
160 2447
160 2448
160 2449
160 2450
160 2451
160 2452
160 2453
161 2454
161 2455
161 2456
161 2457
161 2458
161 2459
161 2460
161 2461
161 2462
161 2463
161 2464
161 2465
161 2466
162 2467
162 2468
162 2469
162 2470
162 2471
162 2472
162 2473
162 2474
162 2475
162 2476
162 2477
162 2478
162 2479
163 2480
163 2481
163 2482
163 2483
163 2484
163 2485
163 2486
163 2487
163 2488
163 2489
163 2490
163 2491
163 2492
164 2493
164 2494
164 2495
164 2496
164 2497
164 2498
164 2499
164 2500
164 2501
164 2502
164 2503
164 2504
164 2505
165 2506
165 2507
165 2508
165 2509
165 2510
165 2511
165 2512
165 2513
165 2514
165 2515
165 2516
165 2517
165 2518
166 2519
166 2520
166 2521
166 2522
166 2523
166 2524
166 2525
166 2526
166 2527
166 2528
166 2529
166 2530
166 2531
167 2532
167 2533
167 2534
167 2535
167 2536
167 2537
167 2538
167 2539
167 2540
167 2541
167 2542
167 2543
167 2544
168 2545
168 2546
168 2547
168 2548
168 2549
168 2550
168 2551
168 2552
168 2553
168 2554
168 2555
168 2556
168 2557
169 2558
169 2559
169 2560
169 2561
169 2562
169 2563
169 2564
169 2565
169 2566
169 2567
169 2568
169 2569
169 2570
170 2571
170 2572
170 2573
170 2574
170 2575
170 2576
170 2577
170 2578
170 2579
170 2580
170 2581
170 2582
170 2583
171 2584
171 2585
171 2586
171 2587
171 2588
171 2589
171 2590
171 2591
171 2592
171 2593
171 2594
171 2595
171 2596
172 2597
172 2598
172 2599
172 2600
172 2601
172 2602
172 2603
172 2604
172 2605
172 2606
172 2607
172 2608
172 2609
173 2610
173 2611
173 2612
173 2613
173 2614
173 2615
173 2616
173 2617
173 2618
173 2619
173 2620
173 2621
173 2622
174 2623
174 2624
174 2625
174 2626
174 2627
174 2628
174 2629
174 2630
174 2631
174 2632
174 2633
174 2634
174 2635
175 2636
175 2637
175 2638
175 2639
175 2640
175 2641
175 2642
175 2643
175 2644
175 2645
175 2646
175 2647
175 2648
176 2649
176 2650
176 2651
176 2652
176 2653
176 2654
176 2655
176 2656
176 2657
176 2658
176 2659
176 2660
176 2661
177 2662
177 2663
177 2664
177 2665
177 2666
177 2667
177 2668
177 2669
177 2670
177 2671
177 2672
177 2673
177 2674
178 2675
178 2676
178 2677
178 2678
178 2679
178 2680
178 2681
178 2682
178 2683
178 2684
178 2685
178 2686
178 2687
179 2688
179 2689
179 2690
179 2691
179 2692
179 2693
179 2694
179 2695
179 2696
179 2697
179 2698
179 2699
179 2700
180 2701
180 2702
180 2703
180 2704
180 2705
180 2706
180 2707
180 2708
180 2709
180 2710
180 2711
180 2712
180 2713
181 2714
181 2715
181 2716
181 2717
181 2718
181 2719
181 2720
181 2721
181 2722
181 2723
181 2724
181 2725
181 2726
182 2727
182 2728
182 2729
182 2730
182 2731
182 2732
182 2733
182 2734
182 2735
182 2736
182 2737
182 2738
182 2739
183 2740
183 2741
183 2742
183 2743
183 2744
183 2745
183 2746
183 2747
183 2748
183 2749
183 2750
183 2751
183 2752
184 2753
184 2754
184 2755
184 2756
184 2757
184 2758
184 2759
184 2760
184 2761
184 2762
184 2763
184 2764
184 2765
185 2766
185 2767
185 2768
185 2769
185 2770
185 2771
185 2772
185 2773
185 2774
185 2775
185 2776
185 2777
185 2778
186 2779
186 2780
186 2781
186 2782
186 2783
186 2784
186 2785
186 2786
186 2787
186 2788
186 2789
186 2790
186 2791
187 2792
187 2793
187 2794
187 2795
187 2796
187 2797
187 2798
187 2799
187 2800
187 2801
187 2802
187 2803
187 2804
188 2805
188 2806
188 2807
188 2808
188 2809
188 2810
188 2811
188 2812
188 2813
188 2814
188 2815
188 2816
188 2817
189 2818
189 2819
189 2820
189 2821
189 2822
189 2823
189 2824
189 2825
189 2826
189 2827
189 2828
189 2829
189 2830
190 2831
190 2832
190 2833
190 2834
190 2835
190 2836
190 2837
190 2838
190 2839
190 2840
190 2841
190 2842
190 2843
191 2844
191 2845
191 2846
191 2847
191 2848
191 2849
191 2850
191 2851
191 2852
191 2853
191 2854
191 2855
191 2856
192 2857
192 2858
192 2859
192 2860
192 2861
192 2862
192 2863
192 2864
192 2865
192 2866
192 2867
192 2868
192 2869
193 2870
193 2871
193 2872
193 2873
193 2874
193 2875
193 2876
193 2877
193 2878
193 2879
193 2880
193 2881
193 2882
194 2883
194 2884
194 2885
194 2886
194 2887
194 2888
194 2889
194 2890
194 2891
194 2892
194 2893
194 2894
194 2895
195 2896
195 2897
195 2898
195 2899
195 2900
195 2901
195 2902
195 2903
195 2904
195 2905
195 2906
195 2907
195 2908
196 2909
196 2910
196 2911
196 2912
196 2913
196 2914
196 2915
196 2916
196 2917
196 2918
196 2919
196 2920
196 2921
197 2922
197 2923
197 2924
197 2925
197 2926
197 2927
197 2928
197 2929
197 2930
197 2931
197 2932
197 2933
197 2934
198 2935
198 2936
198 2937
198 2938
198 2939
198 2940
198 2941
198 2942
198 2943
198 2944
198 2945
198 2946
198 2947
199 2948
199 2949
199 2950
199 2951
199 2952
199 2953
199 2954
199 2955
199 2956
199 2957
199 2958
199 2959
199 2960
200 2961
200 2962
200 2963
200 2964
200 2965
200 2966
200 2967
200 2968
200 2969
200 2970
200 2971
200 2972
200 2973
201 2974
201 2975
201 2976
201 2977
201 2978
201 2979
201 2980
201 2981
201 2982
201 2983
201 2984
201 2985
201 2986
202 2987
202 2988
202 2989
202 2990
202 2991
202 2992
202 2993
202 2994
202 2995
202 2996
202 2997
202 2998
202 2999
203 3000
203 3001
203 3002
203 3003
203 3004
203 3005
203 3006
203 3007
203 3008
203 3009
203 3010
203 3011
203 3012
204 3013
204 3014
204 3015
204 3016
204 3017
204 3018
204 3019
204 3020
204 3021
204 3022
204 3023
204 3024
204 3025
205 3026
205 3027
205 3028
205 3029
205 3030
205 3031
205 3032
205 3033
205 3034
205 3035
205 3036
205 3037
205 3038
206 3039
206 3040
206 3041
206 3042
206 3043
206 3044
206 3045
206 3046
206 3047
206 3048
206 3049
206 3050
206 3051
207 3052
207 3053
207 3054
207 3055
207 3056
207 3057
207 3058
207 3059
207 3060
207 3061
207 3062
207 3063
207 3064
208 3065
208 3066
208 3067
208 3068
208 3069
208 3070
208 3071
208 3072
208 3073
208 3074
208 3075
208 3076
208 3077
209 3078
209 3079
209 3080
209 3081
209 3082
209 3083
209 3084
209 3085
209 3086
209 3087
209 3088
209 3089
209 3090
210 3091
210 3092
210 3093
210 3094
210 3095
210 3096
210 3097
210 3098
210 3099
210 3100
210 3101
210 3102
210 3103
211 3104
211 3105
211 3106
211 3107
211 3108
211 3109
211 3110
211 3111
211 3112
211 3113
211 3114
211 3115
211 3116
212 3117
212 3118
212 3119
212 3120
212 3121
212 3122
212 3123
212 3124
212 3125
212 3126
212 3127
212 3128
212 3129
213 3130
213 3131
213 3132
213 3133
213 3134
213 3135
213 3136
213 3137
213 3138
213 3139
213 3140
213 3141
213 3142
214 3143
214 3144
214 3145
214 3146
214 3147
214 3148
214 3149
214 3150
214 3151
214 3152
214 3153
214 3154
214 3155
215 3156
215 3157
215 3158
215 3159
215 3160
215 3161
215 3162
215 3163
215 3164
215 3165
215 3166
215 3167
215 3168
216 3169
216 3170
216 3171
216 3172
216 3173
216 3174
216 3175
216 3176
216 3177
216 3178
216 3179
216 3180
216 3181
217 3182
217 3183
217 3184
217 3185
217 3186
217 3187
217 3188
217 3189
217 3190
217 3191
217 3192
217 3193
217 3194
218 3195
218 3196
218 3197
218 3198
218 3199
218 3200
218 3201
218 3202
218 3203
218 3204
218 3205
218 3206
218 3207
219 3208
219 3209
219 3210
219 3211
219 3212
219 3213
219 3214
219 3215
219 3216
219 3217
219 3218
219 3219
219 3220
220 3221
220 3222
220 3223
220 3224
220 3225
220 3226
220 3227
220 3228
220 3229
220 3230
220 3231
220 3232
220 3233
221 3234
221 3235
221 3236
221 3237
221 3238
221 3239
221 3240
221 3241
221 3242
221 3243
221 3244
221 3245
221 3246
222 3247
222 3248
222 3249
222 3250
222 3251
222 3252
222 3253
222 3254
222 3255
222 3256
222 3257
222 3258
222 3259
223 3260
223 3261
223 3262
223 3263
223 3264
223 3265
223 3266
223 3267
223 3268
223 3269
223 3270
223 3271
223 3272
224 3273
224 3274
224 3275
224 3276
224 3277
224 3278
224 3279
224 3280
224 3281
224 3282
224 3283
224 3284
224 3285
225 3286
225 3287
225 3288
225 3289
225 3290
225 3291
225 3292
225 3293
225 3294
225 3295
225 3296
225 3297
225 3298
226 3299
226 3300
226 3301
226 3302
226 3303
226 3304
226 3305
226 3306
226 3307
226 3308
226 3309
226 3310
226 3311
227 3312
227 3313
227 3314
227 3315
227 3316
227 3317
227 3318
227 3319
227 3320
227 3321
227 3322
227 3323
227 3324
228 3325
228 3326
228 3327
228 3328
228 3329
228 3330
228 3331
228 3332
228 3333
228 3334
228 3335
228 3336
228 3337
229 3338
229 3339
229 3340
229 3341
229 3342
229 3343
229 3344
229 3345
229 3346
229 3347
229 3348
229 3349
229 3350
230 3351
230 3352
230 3353
230 3354
230 3355
230 3356
230 3357
230 3358
230 3359
230 3360
230 3361
230 3362
230 3363
231 3364
231 3365
231 3366
231 3367
231 3368
231 3369
231 3370
231 3371
231 3372
231 3373
231 3374
231 3375
231 3376
232 3377
232 3378
232 3379
232 3380
232 3381
232 3382
232 3383
232 3384
232 3385
232 3386
232 3387
232 3388
232 3389
233 3390
233 3391
233 3392
233 3393
233 3394
233 3395
233 3396
233 3397
233 3398
233 3399
233 3400
233 3401
233 3402
234 3403
234 3404
234 3405
234 3406
234 3407
234 3408
234 3409
234 3410
234 3411
234 3412
234 3413
234 3414
234 3415
235 3416
235 3417
235 3418
235 3419
235 3420
235 3421
235 3422
235 3423
235 3424
235 3425
235 3426
235 3427
235 3428
236 3429
236 3430
236 3431
236 3432
236 3433
236 3434
236 3435
236 3436
236 3437
236 3438
236 3439
236 3440
236 3441
237 3442
237 3443
237 3444
237 3445
237 3446
237 3447
237 3448
237 3449
237 3450
237 3451
237 3452
237 3453
237 3454
238 3455
238 3456
238 3457
238 3458
238 3459
238 3460
238 3461
238 3462
238 3463
238 3464
238 3465
238 3466
238 3467
239 3468
239 3469
239 3470
239 3471
239 3472
239 3473
239 3474
239 3475
239 3476
239 3477
239 3478
239 3479
239 3480
240 3481
240 3482
240 3483
240 3484
240 3485
240 3486
240 3487
240 3488
240 3489
240 3490
240 3491
240 3492
240 3493
241 3494
241 3495
241 3496
241 3497
241 3498
241 3499
241 3500
241 3501
241 3502
241 3503
241 3504
241 3505
241 3506
242 3507
242 3508
242 3509
242 3510
242 3511
242 3512
242 3513
242 3514
242 3515
242 3516
242 3517
242 3518
242 3519
243 3520
243 3521
243 3522
243 3523
243 3524
243 3525
243 3526
243 3527
243 3528
243 3529
243 3530
243 3531
243 3532
244 3533
244 3534
244 3535
244 3536
244 3537
244 3538
244 3539
244 3540
244 3541
244 3542
244 3543
244 3544
244 3545
245 3546
245 3547
245 3548
245 3549
245 3550
245 3551
245 3552
245 3553
245 3554
245 3555
245 3556
245 3557
245 3558
246 3559
246 3560
246 3561
246 3562
246 3563
246 3564
246 3565
246 3566
246 3567
246 3568
246 3569
246 3570
246 3571
247 3572
247 3573
247 3574
247 3575
247 3576
247 3577
247 3578
247 3579
247 3580
247 3581
247 3582
247 3583
247 3584
248 3585
248 3586
248 3587
248 3588
248 3589
248 3590
248 3591
248 3592
248 3593
248 3594
248 3595
248 3596
248 3597
249 3598
249 3599
249 3600
249 3601
249 3602
249 3603
249 3604
249 3605
249 3606
249 3607
249 3608
249 3609
249 3610
250 3611
250 3612
250 3613
250 3614
250 3615
250 3616
250 3617
250 3618
250 3619
250 3620
250 3621
250 3622
250 3623
251 3624
251 3625
251 3626
251 3627
251 3628
251 3629
251 3630
251 3631
251 3632
251 3633
251 3634
251 3635
251 3636
252 3637
252 3638
252 3639
252 3640
252 3641
252 3642
252 3643
252 3644
252 3645
252 3646
252 3647
252 3648
252 3649
253 3650
253 3651
253 3652
253 3653
253 3654
253 3655
253 3656
253 3657
253 3658
253 3659
253 3660
253 3661
253 3662
254 3663
254 3664
254 3665
254 3666
254 3667
254 3668
254 3669
254 3670
254 3671
254 3672
254 3673
254 3674
254 3675
255 3676
255 3677
255 3678
255 3679
255 3680
255 3681
255 3682
255 3683
255 3684
255 3685
255 3686
255 3687
255 3688
256 3689
256 3690
256 3691
256 3692
256 3693
256 3694
256 3695
256 3696
256 3697
256 3698
256 3699
256 3700
256 3701
257 3702
257 3703
257 3704
257 3705
257 3706
257 3707
257 3708
257 3709
257 3710
257 3711
257 3712
257 3713
257 3714
258 3715
258 3716
258 3717
258 3718
258 3719
258 3720
258 3721
258 3722
258 3723
258 3724
258 3725
258 3726
258 3727
259 3728
259 3729
259 3730
259 3731
259 3732
259 3733
259 3734
259 3735
259 3736
259 3737
259 3738
259 3739
259 3740
260 3741
260 3742
260 3743
260 3744
260 3745
260 3746
260 3747
260 3748
260 3749
260 3750
260 3751
260 3752
260 3753
261 3754
261 3755
261 3756
261 3757
261 3758
261 3759
261 3760
261 3761
261 3762
261 3763
261 3764
261 3765
261 3766
262 3767
262 3768
262 3769
262 3770
262 3771
262 3772
262 3773
262 3774
262 3775
262 3776
262 3777
262 3778
262 3779
263 3780
263 3781
263 3782
263 3783
263 3784
263 3785
263 3786
263 3787
263 3788
263 3789
263 3790
263 3791
263 3792
264 3793
264 3794
264 3795
264 3796
264 3797
264 3798
264 3799
264 3800
264 3801
264 3802
264 3803
264 3804
264 3805
265 3806
265 3807
265 3808
265 3809
265 3810
265 3811
265 3812
265 3813
265 3814
265 3815
265 3816
265 3817
265 3818
266 3819
266 3820
266 3821
266 3822
266 3823
266 3824
266 3825
266 3826
266 3827
266 3828
266 3829
266 3830
266 3831
267 3832
267 3833
267 3834
267 3835
267 3836
267 3837
267 3838
267 3839
267 3840
267 3841
267 3842
267 3843
267 3844
268 3845
268 3846
268 3847
268 3848
268 3849
268 3850
268 3851
268 3852
268 3853
268 3854
268 3855
268 3856
268 3857
269 3858
269 3859
269 3860
269 3861
269 3862
269 3863
269 3864
269 3865
269 3866
269 3867
269 3868
269 3869
269 3870
270 3871
270 3872
270 3873
270 3874
270 3875
270 3876
270 3877
270 3878
270 3879
270 3880
270 3881
270 3882
270 3883
271 3884
271 3885
271 3886
271 3887
271 3888
271 3889
271 3890
271 3891
271 3892
271 3893
271 3894
271 3895
271 3896
272 3897
272 3898
272 3899
272 3900
272 3901
272 3902
272 3903
272 3904
272 3905
272 3906
272 3907
272 3908
272 3909
273 3910
273 3911
273 3912
273 3913
273 3914
273 3915
273 3916
273 3917
273 3918
273 3919
273 3920
273 3921
273 3922
274 3923
274 3924
274 3925
274 3926
274 3927
274 3928
274 3929
274 3930
274 3931
274 3932
274 3933
274 3934
274 3935
275 3936
275 3937
275 3938
275 3939
275 3940
275 3941
275 3942
275 3943
275 3944
275 3945
275 3946
275 3947
275 3948
276 3949
276 3950
276 3951
276 3952
276 3953
276 3954
276 3955
276 3956
276 3957
276 3958
276 3959
276 3960
276 3961
277 3962
277 3963
277 3964
277 3965
277 3966
277 3967
277 3968
277 3969
277 3970
277 3971
277 3972
277 3973
277 3974
278 3975
278 3976
278 3977
278 3978
278 3979
278 3980
278 3981
278 3982
278 3983
278 3984
278 3985
278 3986
278 3987
279 3988
279 3989
279 3990
279 3991
279 3992
279 3993
279 3994
279 3995
279 3996
279 3997
279 3998
279 3999
279 4000
280 4001
280 4002
280 4003
280 4004
280 4005
280 4006
280 4007
280 4008
280 4009
280 4010
280 4011
280 4012
280 4013
281 4014
281 4015
281 4016
281 4017
281 4018
281 4019
281 4020
281 4021
281 4022
281 4023
281 4024
281 4025
281 4026
282 4027
282 4028
282 4029
282 4030
282 4031
282 4032
282 4033
282 4034
282 4035
282 4036
282 4037
282 4038
282 4039
283 4040
283 4041
283 4042
283 4043
283 4044
283 4045
283 4046
283 4047
283 4048
283 4049
283 4050
283 4051
283 4052
284 4053
284 4054
284 4055
284 4056
284 4057
284 4058
284 4059
284 4060
284 4061
284 4062
284 4063
284 4064
284 4065
285 4066
285 4067
285 4068
285 4069
285 4070
285 4071
285 4072
285 4073
285 4074
285 4075
285 4076
285 4077
285 4078
286 4079
286 4080
286 4081
286 4082
286 4083
286 4084
286 4085
286 4086
286 4087
286 4088
286 4089
286 4090
286 4091
287 4092
287 4093
287 4094
287 4095
287 4096
287 4097
287 4098
287 4099
287 4100
287 4101
287 4102
287 4103
287 4104
288 4105
288 4106
288 4107
288 4108
288 4109
288 4110
288 4111
288 4112
288 4113
288 4114
288 4115
288 4116
288 4117
289 4118
289 4119
289 4120
289 4121
289 4122
289 4123
289 4124
289 4125
289 4126
289 4127
289 4128
289 4129
289 4130
290 4131
290 4132
290 4133
290 4134
290 4135
290 4136
290 4137
290 4138
290 4139
290 4140
290 4141
290 4142
290 4143
291 4144
291 4145
291 4146
291 4147
291 4148
291 4149
291 4150
291 4151
291 4152
291 4153
291 4154
291 4155
291 4156
292 4157
292 4158
292 4159
292 4160
292 4161
292 4162
292 4163
292 4164
292 4165
292 4166
292 4167
292 4168
292 4169
293 4170
293 4171
293 4172
293 4173
293 4174
293 4175
293 4176
293 4177
293 4178
293 4179
293 4180
293 4181
293 4182
294 4183
294 4184
294 4185
294 4186
294 4187
294 4188
294 4189
294 4190
294 4191
294 4192
294 4193
294 4194
294 4195
295 4196
295 4197
295 4198
295 4199
295 4200
295 4201
295 4202
295 4203
295 4204
295 4205
295 4206
295 4207
295 4208
296 4209
296 4210
296 4211
296 4212
296 4213
296 4214
296 4215
296 4216
296 4217
296 4218
296 4219
296 4220
296 4221
297 4222
297 4223
297 4224
297 4225
297 4226
297 4227
297 4228
297 4229
297 4230
297 4231
297 4232
297 4233
297 4234
298 4235
298 4236
298 4237
298 4238
298 4239
298 4240
298 4241
298 4242
298 4243
298 4244
298 4245
298 4246
298 4247
299 4248
299 4249
299 4250
299 4251
299 4252
299 4253
299 4254
299 4255
299 4256
299 4257
299 4258
299 4259
299 4260
300 4261
300 4262
300 4263
300 4264
300 4265
300 4266
300 4267
300 4268
300 4269
300 4270
300 4271
300 4272
300 4273
301 4274
301 4275
301 4276
301 4277
301 4278
301 4279
301 4280
301 4281
301 4282
301 4283
301 4284
301 4285
301 4286
302 4287
302 4288
302 4289
302 4290
302 4291
302 4292
302 4293
302 4294
302 4295
302 4296
302 4297
302 4298
302 4299
303 4300
303 4301
303 4302
303 4303
303 4304
303 4305
303 4306
303 4307
303 4308
303 4309
303 4310
303 4311
303 4312
304 4313
304 4314
304 4315
304 4316
304 4317
304 4318
304 4319
304 4320
304 4321
304 4322
304 4323
304 4324
304 4325
305 4326
305 4327
305 4328
305 4329
305 4330
305 4331
305 4332
305 4333
305 4334
305 4335
305 4336
305 4337
305 4338
306 4339
306 4340
306 4341
306 4342
306 4343
306 4344
306 4345
306 4346
306 4347
306 4348
306 4349
306 4350
306 4351
307 4352
307 4353
307 4354
307 4355
307 4356
307 4357
307 4358
307 4359
307 4360
307 4361
307 4362
307 4363
307 4364
308 4365
308 4366
308 4367
308 4368
308 4369
308 4370
308 4371
308 4372
308 4373
308 4374
308 4375
308 4376
308 4377
309 4378
309 4379
309 4380
309 4381
309 4382
309 4383
309 4384
309 4385
309 4386
309 4387
309 4388
309 4389
309 4390
310 4391
310 4392
310 4393
310 4394
310 4395
310 4396
310 4397
310 4398
310 4399
310 4400
310 4401
310 4402
310 4403
311 4404
311 4405
311 4406
311 4407
311 4408
311 4409
311 4410
311 4411
311 4412
311 4413
311 4414
311 4415
311 4416
312 4417
312 4418
312 4419
312 4420
312 4421
312 4422
312 4423
312 4424
312 4425
312 4426
312 4427
312 4428
312 4429
313 4430
313 4431
313 4432
313 4433
313 4434
313 4435
313 4436
313 4437
313 4438
313 4439
313 4440
313 4441
313 4442
314 4443
314 4444
314 4445
314 4446
314 4447
314 4448
314 4449
314 4450
314 4451
314 4452
314 4453
314 4454
314 4455
315 4456
315 4457
315 4458
315 4459
315 4460
315 4461
315 4462
315 4463
315 4464
315 4465
315 4466
315 4467
315 4468
316 4469
316 4470
316 4471
316 4472
316 4473
316 4474
316 4475
316 4476
316 4477
316 4478
316 4479
316 4480
316 4481
317 4482
317 4483
317 4484
317 4485
317 4486
317 4487
317 4488
317 4489
317 4490
317 4491
317 4492
317 4493
317 4494
318 4495
318 4496
318 4497
318 4498
318 4499
318 4500
318 4501
318 4502
318 4503
318 4504
318 4505
318 4506
318 4507
319 4508
319 4509
319 4510
319 4511
319 4512
319 4513
319 4514
319 4515
319 4516
319 4517
319 4518
319 4519
319 4520
320 4521
320 4522
320 4523
320 4524
320 4525
320 4526
320 4527
320 4528
320 4529
320 4530
320 4531
320 4532
320 4533
321 4534
321 4535
321 4536
321 4537
321 4538
321 4539
321 4540
321 4541
321 4542
321 4543
321 4544
321 4545
321 4546
322 4547
322 4548
322 4549
322 4550
322 4551
322 4552
322 4553
322 4554
322 4555
322 4556
322 4557
322 4558
322 4559
323 4560
323 4561
323 4562
323 4563
323 4564
323 4565
323 4566
323 4567
323 4568
323 4569
323 4570
323 4571
323 4572
324 4573
324 4574
324 4575
324 4576
324 4577
324 4578
324 4579
324 4580
324 4581
324 4582
324 4583
324 4584
324 4585
325 4586
325 4587
325 4588
325 4589
325 4590
325 4591
325 4592
325 4593
325 4594
325 4595
325 4596
325 4597
325 4598
326 4599
326 4600
326 4601
326 4602
326 4603
326 4604
326 4605
326 4606
326 4607
326 4608
326 4609
326 4610
326 4611
327 4612
327 4613
327 4614
327 4615
327 4616
327 4617
327 4618
327 4619
327 4620
327 4621
327 4622
327 4623
327 4624
328 4625
328 4626
328 4627
328 4628
328 4629
328 4630
328 4631
328 4632
328 4633
328 4634
328 4635
328 4636
328 4637
329 4638
329 4639
329 4640
329 4641
329 4642
329 4643
329 4644
329 4645
329 4646
329 4647
329 4648
329 4649
329 4650
330 4651
330 4652
330 4653
330 4654
330 4655
330 4656
330 4657
330 4658
330 4659
330 4660
330 4661
330 4662
330 4663
331 4664
331 4665
331 4666
331 4667
331 4668
331 4669
331 4670
331 4671
331 4672
331 4673
331 4674
331 4675
331 4676
332 4677
332 4678
332 4679
332 4680
332 4681
332 4682
332 4683
332 4684
332 4685
332 4686
332 4687
332 4688
332 4689
333 4690
333 4691
333 4692
333 4693
333 4694
333 4695
333 4696
333 4697
333 4698
333 4699
333 4700
333 4701
333 4702
334 4703
334 4704
334 4705
334 4706
334 4707
334 4708
334 4709
334 4710
334 4711
334 4712
334 4713
334 4714
334 4715
335 4716
335 4717
335 4718
335 4719
335 4720
335 4721
335 4722
335 4723
335 4724
335 4725
335 4726
335 4727
335 4728
336 4729
336 4730
336 4731
336 4732
336 4733
336 4734
336 4735
336 4736
336 4737
336 4738
336 4739
336 4740
336 4741
337 4742
337 4743
337 4744
337 4745
337 4746
337 4747
337 4748
337 4749
337 4750
337 4751
337 4752
337 4753
337 4754
338 4755
338 4756
338 4757
338 4758
338 4759
338 4760
338 4761
338 4762
338 4763
338 4764
338 4765
338 4766
338 4767
339 4768
339 4769
339 4770
339 4771
339 4772
339 4773
339 4774
339 4775
339 4776
339 4777
339 4778
339 4779
339 4780
340 4781
340 4782
340 4783
340 4784
340 4785
340 4786
340 4787
340 4788
340 4789
340 4790
340 4791
340 4792
340 4793
341 4794
341 4795
341 4796
341 4797
341 4798
341 4799
341 4800
341 4801
341 4802
341 4803
341 4804
341 4805
341 4806
342 4807
342 4808
342 4809
342 4810
342 4811
342 4812
342 4813
342 4814
342 4815
342 4816
342 4817
342 4818
342 4819
343 4820
343 4821
343 4822
343 4823
343 4824
343 4825
343 4826
343 4827
343 4828
343 4829
343 4830
343 4831
343 4832
344 4833
344 4834
344 4835
344 4836
344 4837
344 4838
344 4839
344 4840
344 4841
344 4842
344 4843
344 4844
344 4845
345 4846
345 4847
345 4848
345 4849
345 4850
345 4851
345 4852
345 4853
345 4854
345 4855
345 4856
345 4857
345 4858
346 4859
346 4860
346 4861
346 4862
346 4863
346 4864
346 4865
346 4866
346 4867
346 4868
346 4869
346 4870
346 4871
347 4872
347 4873
347 4874
347 4875
347 4876
347 4877
347 4878
347 4879
347 4880
347 4881
347 4882
347 4883
347 4884
348 4885
348 4886
348 4887
348 4888
348 4889
348 4890
348 4891
348 4892
348 4893
348 4894
348 4895
348 4896
348 4897
349 4898
349 4899
349 4900
349 4901
349 4902
349 4903
349 4904
349 4905
349 4906
349 4907
349 4908
349 4909
349 4910
350 4911
350 4912
350 4913
350 4914
350 4915
350 4916
350 4917
350 4918
350 4919
350 4920
350 4921
350 4922
350 4923
351 4924
351 4925
351 4926
351 4927
351 4928
351 4929
351 4930
351 4931
351 4932
351 4933
351 4934
351 4935
351 4936
352 4937
352 4938
352 4939
352 4940
352 4941
352 4942
352 4943
352 4944
352 4945
352 4946
352 4947
352 4948
352 4949
353 4950
353 4951
353 4952
353 4953
353 4954
353 4955
353 4956
353 4957
353 4958
353 4959
353 4960
353 4961
353 4962
354 4963
354 4964
354 4965
354 4966
354 4967
354 4968
354 4969
354 4970
354 4971
354 4972
354 4973
354 4974
354 4975
355 4976
355 4977
355 4978
355 4979
355 4980
355 4981
355 4982
355 4983
355 4984
355 4985
355 4986
355 4987
355 4988
356 4989
356 4990
356 4991
356 4992
356 4993
356 4994
356 4995
356 4996
356 4997
356 4998
356 4999
356 5000
356 5001
357 5002
357 5003
357 5004
357 5005
357 5006
357 5007
357 5008
357 5009
357 5010
357 5011
357 5012
357 5013
357 5014
358 5015
358 5016
358 5017
358 5018
358 5019
358 5020
358 5021
358 5022
358 5023
358 5024
358 5025
358 5026
358 5027
359 5028
359 5029
359 5030
359 5031
359 5032
359 5033
359 5034
359 5035
359 5036
359 5037
359 5038
359 5039
359 5040
360 5041
360 5042
360 5043
360 5044
360 5045
360 5046
360 5047
360 5048
360 5049
360 5050
360 5051
360 5052
360 5053
