0 1
0 258
0 163
0 37
0 38
0 337
0 360
0 107
0 333
0 280
0 344
0 154
0 91
0 316
0 349
0 351
1 160
1 98
1 355
1 68
1 360
1 108
1 234
1 236
1 190
1 177
1 149
1 150
1 281
1 121
1 30
2 97
2 131
2 36
2 150
2 353
2 233
2 333
2 207
2 13
2 180
2 337
2 269
2 54
2 313
2 283
2 229
3 352
3 192
3 292
3 161
3 41
3 160
3 300
3 111
3 144
3 306
3 21
3 185
3 88
3 345
3 315
3 215
4 320
4 147
4 325
4 134
4 327
4 8
4 10
4 108
4 207
4 50
4 179
4 116
4 126
4 185
4 286
4 287
5 32
5 357
5 332
5 170
5 44
5 333
5 109
5 18
5 147
5 20
5 309
5 312
5 122
5 298
5 330
5 318
6 288
6 129
6 103
6 136
6 300
6 55
6 140
6 111
6 304
6 72
6 50
6 276
6 341
6 23
6 79
6 284
7 129
7 91
7 39
7 264
7 265
7 202
7 109
7 14
7 72
7 339
7 52
7 183
7 137
7 104
7 347
7 31
8 128
8 225
8 180
8 49
8 38
8 71
8 203
8 77
8 334
8 111
8 145
8 338
8 84
8 248
8 217
9 195
9 356
9 263
9 15
9 73
9 231
9 175
9 46
9 271
9 339
9 84
9 302
9 22
9 343
9 283
9 62
10 180
10 325
10 326
10 71
10 316
10 330
10 11
10 114
10 188
10 84
10 244
10 122
10 59
10 92
10 167
11 160
11 129
11 36
11 134
11 135
11 329
11 332
11 319
11 83
11 97
11 217
11 314
11 27
11 106
11 255
12 144
12 164
12 294
12 263
12 72
12 284
12 234
12 267
12 205
12 208
12 296
12 152
12 249
12 58
12 92
12 29
13 327
13 165
13 81
13 359
13 231
13 301
13 205
13 17
13 248
13 148
13 213
13 276
13 61
13 222
13 245
14 225
14 227
14 360
14 264
14 233
14 295
14 238
14 232
14 148
14 150
14 183
14 72
14 281
14 201
14 316
15 315
15 324
15 261
15 167
15 232
15 139
15 108
15 168
15 241
15 83
15 312
15 36
15 187
15 318
15 159
16 256
16 289
16 213
16 227
16 228
16 331
16 300
16 141
16 206
16 240
16 148
16 334
16 119
16 345
16 158
16 31
17 193
17 65
17 129
17 200
17 161
17 321
17 175
17 179
17 341
17 281
17 314
17 283
17 28
17 317
17 30
18 289
18 134
18 263
18 79
18 359
18 108
18 238
18 207
18 50
18 115
18 88
18 347
18 348
18 29
18 287
19 162
19 229
19 166
19 169
19 42
19 206
19 112
19 337
19 179
19 309
19 56
19 345
19 218
19 91
19 222
19 191
20 224
20 67
20 326
20 203
20 332
20 141
20 210
20 115
20 158
20 247
20 217
20 186
20 220
20 350
20 95
21 160
21 259
21 132
21 261
21 168
21 201
21 276
21 277
21 219
21 55
21 88
21 84
21 58
21 315
21 61
22 354
22 37
22 326
22 297
22 266
22 119
22 142
22 335
22 179
22 343
22 248
22 308
22 26
22 233
22 189
23 352
23 162
23 325
23 103
23 106
23 135
23 302
23 303
23 336
23 276
23 117
23 87
23 262
23 25
23 26
24 358
24 134
24 104
24 297
24 207
24 144
24 146
24 115
24 54
24 87
24 120
24 90
24 219
24 221
24 158
24 191
25 316
25 70
25 136
25 307
25 41
25 43
25 46
25 338
25 83
25 105
25 117
25 310
25 137
25 59
25 60
26 358
26 278
26 230
26 71
26 168
26 41
26 170
26 204
26 303
26 241
26 236
26 246
26 252
26 127
27 226
27 69
27 233
27 94
27 126
27 82
27 329
27 117
27 86
27 85
27 54
27 188
27 61
27 222
27 31
28 320
28 225
28 66
28 98
28 198
28 71
28 130
28 111
28 84
28 254
28 89
28 249
28 345
28 93
28 30
29 224
29 226
29 291
29 134
29 230
29 137
29 303
29 304
29 177
29 342
29 300
29 283
29 154
29 59
30 337
30 357
30 211
30 225
30 138
30 302
30 157
30 179
30 244
30 46
30 310
30 189
30 319
31 355
31 68
31 75
31 237
31 304
31 248
31 211
31 213
31 343
31 344
31 346
31 315
31 122
32 289
32 163
32 133
32 326
32 263
32 296
32 203
32 353
32 274
32 277
32 86
32 56
32 282
32 283
32 124
33 257
33 260
33 37
33 296
33 170
33 204
33 45
33 142
33 113
33 242
33 51
33 52
33 341
33 187
33 60
33 293
34 323
34 164
34 329
34 107
34 236
34 239
34 176
34 280
34 307
34 148
34 73
34 343
34 88
34 276
34 207
34 284
35 97
35 292
35 102
35 233
35 171
35 56
35 146
35 244
35 245
35 150
35 169
35 312
35 185
35 95
35 92
35 181
36 326
36 102
36 38
36 135
36 328
36 266
36 142
36 112
36 264
36 116
36 85
36 215
36 252
37 258
37 195
37 275
37 108
37 323
37 300
37 243
37 52
37 309
37 280
37 218
37 252
37 350
38 97
38 226
38 329
38 42
38 267
38 141
38 48
38 360
38 118
38 316
38 344
38 100
38 92
39 224
39 192
39 196
39 104
39 170
39 203
39 172
39 93
39 143
39 40
39 274
39 182
39 120
39 57
39 349
40 51
40 323
40 69
40 265
40 76
40 111
40 145
40 242
40 307
40 244
40 279
40 345
40 90
40 220
40 254
41 129
41 130
41 231
41 297
41 289
41 161
41 157
41 337
41 180
41 254
41 87
41 285
41 350
42 258
42 43
42 70
42 46
42 140
42 173
42 142
42 111
42 112
42 305
42 116
42 149
42 280
42 157
43 66
43 228
43 266
43 98
43 174
43 111
43 208
43 147
43 285
43 248
43 287
43 92
43 61
43 63
44 197
44 198
44 71
44 201
44 235
44 300
44 101
44 174
44 79
44 114
44 269
44 119
44 137
44 122
44 188
45 64
45 97
45 258
45 230
45 134
45 297
45 268
45 174
45 111
45 209
45 339
45 238
45 182
45 184
45 185
46 290
46 259
46 273
46 83
46 204
46 245
46 241
46 341
46 153
46 157
46 254
46 351
47 161
47 99
47 118
47 227
47 135
47 236
47 272
47 304
47 310
47 210
47 179
47 342
47 151
47 187
47 252
47 229
48 96
48 128
48 310
48 105
48 106
48 107
48 304
48 93
48 208
48 84
48 86
48 183
48 54
48 221
48 159
49 324
49 293
49 325
49 140
49 109
49 174
49 242
49 302
49 212
49 53
49 56
49 121
49 346
49 255
49 95
50 160
50 226
50 195
50 66
50 270
50 269
50 240
50 307
50 181
50 154
50 347
50 254
50 351
51 91
51 293
51 295
51 329
51 215
51 333
51 337
51 82
51 183
51 120
51 89
51 223
51 185
51 312
52 133
52 290
52 292
52 325
52 235
52 130
52 303
52 208
52 141
52 308
52 127
52 189
52 197
53 161
53 359
53 263
53 78
53 208
53 306
53 275
53 340
53 277
53 182
53 87
53 216
53 191
53 220
53 255
54 99
54 292
54 104
54 299
54 269
54 176
54 305
54 247
54 260
54 346
54 59
54 216
55 128
55 96
55 291
55 261
55 143
55 90
55 241
55 114
55 116
55 279
55 212
55 122
55 188
55 250
56 224
56 278
56 179
56 79
56 75
56 303
56 271
56 319
56 153
56 57
56 191
56 223
57 97
57 354
57 195
57 81
57 215
57 338
57 306
57 109
57 112
57 113
57 114
57 203
57 343
57 314
58 321
58 66
58 98
58 198
58 199
58 359
58 206
58 144
58 275
58 117
58 282
58 124
58 186
58 319
59 162
59 67
59 292
59 355
59 332
59 269
59 179
59 209
59 195
59 214
59 186
59 93
60 67
60 197
60 326
60 357
60 170
60 331
60 177
60 82
60 275
60 148
60 344
60 89
60 138
60 223
61 258
61 197
61 327
61 136
61 105
61 119
61 174
61 241
61 308
61 279
61 184
61 287
62 322
62 67
62 132
62 165
62 294
62 151
62 205
62 239
62 340
62 181
62 215
62 290
62 91
62 349
62 159
63 288
63 165
63 231
63 177
63 330
63 206
63 145
63 243
63 181
63 182
63 120
63 312
63 89
63 126
63 159
64 304
64 66
64 133
64 360
64 300
64 109
64 205
64 272
64 200
64 82
64 211
64 148
64 221
64 350
64 319
65 161
65 259
65 358
65 295
65 167
65 329
65 79
65 199
65 172
65 269
65 205
65 208
65 331
65 123
65 165
66 257
66 354
66 67
66 206
66 80
66 113
66 243
66 235
66 154
66 158
66 191
67 321
67 310
67 357
67 300
67 237
67 176
67 339
67 84
67 278
67 345
67 125
68 258
68 327
68 73
68 236
68 109
68 78
68 79
68 184
68 242
68 212
68 278
68 119
68 344
68 314
69 96
69 165
69 135
69 168
69 295
69 270
69 287
69 360
69 116
69 343
69 313
69 250
69 156
69 223
70 225
70 226
70 291
70 260
70 101
70 166
70 201
70 237
70 175
70 210
70 276
70 247
70 186
70 124
71 339
71 323
71 325
71 237
71 78
71 333
71 83
71 301
71 344
71 283
71 285
72 97
72 102
72 82
72 175
72 81
72 274
72 190
72 279
72 186
72 349
72 318
72 261
73 320
73 99
73 358
73 107
73 291
73 207
73 243
73 150
73 183
73 218
73 284
73 314
73 319
74 288
74 193
74 99
74 324
74 326
74 199
74 97
74 235
74 109
74 270
74 210
74 309
74 310
74 184
74 160
74 298
75 224
75 195
75 165
75 358
75 264
75 201
75 335
75 304
75 147
75 213
75 89
75 153
75 207
75 189
76 198
76 359
76 106
76 199
76 110
76 143
76 145
76 242
76 211
76 116
76 310
76 218
76 284
76 189
76 127
77 320
77 289
77 199
77 314
77 237
77 111
77 309
77 105
77 344
77 282
77 123
77 188
77 93
77 254
77 223
78 131
78 134
78 103
78 259
78 206
78 147
78 148
78 86
78 247
78 244
78 251
78 349
78 351
79 192
79 291
79 229
79 168
79 239
79 82
79 340
79 341
79 164
79 282
80 160
80 352
80 115
80 228
80 328
80 96
80 237
80 141
80 305
80 188
80 86
80 136
80 143
80 200
80 93
81 192
81 326
81 201
81 171
81 204
81 301
81 207
81 141
81 136
81 152
81 313
81 155
81 191
82 225
82 194
82 101
82 102
82 137
82 138
82 146
82 244
82 250
82 159
83 320
83 161
83 130
83 132
83 325
83 327
83 252
83 116
83 246
83 220
83 317
84 160
84 228
84 87
84 245
84 259
84 137
84 152
84 89
84 85
85 161
85 354
85 91
85 228
85 325
85 231
85 267
85 219
85 178
85 246
85 183
85 132
85 315
86 289
86 233
86 139
86 108
86 205
86 305
86 212
86 117
86 151
86 347
86 191
87 160
87 289
87 98
87 147
87 229
87 328
87 266
87 183
87 120
87 339
87 350
88 256
88 353
88 164
88 309
88 161
88 103
88 205
88 149
88 215
88 152
88 92
88 95
89 359
89 198
89 199
89 232
89 271
89 337
89 342
89 335
89 317
89 126
90 176
90 226
90 187
90 199
90 175
90 335
90 272
90 114
90 246
90 311
90 218
90 91
90 190
91 289
91 269
91 142
91 253
91 178
91 276
91 116
91 218
91 251
92 162
92 260
92 166
92 326
92 297
92 173
92 239
92 210
92 159
92 357
93 192
93 258
93 197
93 263
93 104
93 284
93 337
93 211
93 126
93 95
94 161
94 99
94 325
94 166
94 105
94 234
94 235
94 172
94 106
94 149
94 265
94 250
94 221
94 190
94 223
95 322
95 195
95 299
95 333
95 242
95 319
95 279
95 250
95 251
95 348
95 191
96 130
96 228
96 134
96 295
96 171
96 268
96 336
96 150
96 279
96 348
96 208
96 247
97 256
97 292
97 171
97 303
97 264
97 211
97 278
97 247
98 192
98 355
98 161
98 330
98 267
98 208
98 338
98 149
98 184
98 319
98 247
99 128
99 165
99 130
99 293
99 201
99 268
99 173
99 189
99 340
99 125
99 159
100 263
100 160
100 231
100 348
100 267
100 317
100 209
100 276
100 278
100 280
100 186
100 188
100 253
100 286
100 159
101 162
101 324
101 297
101 298
101 146
101 334
101 173
101 336
101 273
101 300
101 153
101 157
101 159
102 294
102 145
102 329
102 301
102 110
102 109
102 176
102 113
102 151
102 344
102 350
102 312
103 290
103 169
103 172
103 173
103 208
103 113
103 213
103 153
103 283
103 252
103 125
103 255
104 224
104 163
104 292
104 342
104 336
104 210
104 152
104 345
104 219
104 156
104 315
105 129
105 163
105 199
105 176
105 110
105 239
105 241
105 211
105 118
105 299
105 152
106 224
106 226
106 261
106 257
106 265
106 112
106 336
106 244
106 117
106 348
106 181
107 225
107 132
107 293
107 199
107 201
107 143
107 174
107 303
107 305
107 121
107 123
107 124
108 259
108 356
108 143
108 303
108 339
108 180
108 277
108 150
108 216
108 351
109 353
109 194
109 169
109 298
109 113
109 275
109 252
109 158
110 257
110 166
110 167
110 264
110 265
110 330
110 267
110 204
110 177
110 211
110 308
110 118
110 127
111 171
111 279
111 216
111 122
111 187
111 188
111 317
112 355
112 229
112 263
112 285
112 210
112 121
112 185
112 280
112 250
112 348
112 158
113 134
113 265
113 331
113 253
113 274
113 339
113 311
113 282
113 346
113 125
114 226
114 299
114 260
114 165
114 329
114 237
114 270
114 301
114 281
114 151
114 255
115 224
115 144
115 162
115 229
115 167
115 234
115 139
115 333
115 208
115 178
115 187
115 287
116 291
116 262
116 168
116 245
116 342
116 120
116 157
116 319
117 288
117 321
117 148
117 219
117 212
117 296
117 194
117 176
117 308
117 188
118 162
118 163
118 330
118 204
118 178
118 309
118 119
118 266
118 351
118 124
118 138
118 159
119 129
119 130
119 260
119 226
119 238
119 308
119 311
119 244
119 121
119 189
120 256
120 132
120 296
120 234
120 331
120 180
120 251
120 348
120 221
120 158
121 320
121 353
121 258
121 196
121 233
121 298
121 209
121 306
121 266
121 318
121 127
122 132
122 133
122 357
122 328
122 340
122 245
122 281
122 186
122 266
122 286
123 224
123 194
123 195
123 128
123 304
123 288
123 272
123 241
123 254
123 250
123 252
123 330
123 286
124 161
124 322
124 246
124 264
124 137
124 298
124 183
124 244
124 343
124 156
124 126
125 225
125 322
125 228
125 261
125 230
125 202
125 171
125 304
125 274
125 243
125 181
125 182
126 193
126 132
126 201
126 302
126 272
126 177
126 153
126 248
126 217
126 254
127 272
127 132
127 197
127 167
127 264
127 336
127 209
127 310
127 184
127 188
127 285
128 322
128 357
128 200
128 332
128 173
128 334
128 146
128 275
128 214
128 313
128 154
129 209
129 343
129 229
129 273
129 138
129 271
129 147
129 341
129 135
130 162
130 358
130 167
130 360
130 144
130 136
130 210
130 310
130 248
131 192
131 225
131 226
131 299
131 292
131 325
131 161
131 232
131 173
131 142
131 305
131 245
131 150
131 253
132 225
132 269
132 158
132 173
132 209
132 153
132 312
133 227
133 196
133 181
133 343
133 142
133 210
133 309
133 279
133 324
133 346
133 190
133 159
134 161
134 136
134 221
134 164
134 255
134 253
134 319
135 353
135 355
135 266
135 204
135 151
135 205
135 216
135 347
135 155
135 316
136 231
136 329
136 234
136 235
136 249
136 284
136 349
136 318
136 287
137 320
137 202
137 311
137 205
137 281
137 345
137 154
137 221
137 222
138 352
138 260
138 197
138 140
138 224
138 334
138 335
138 144
138 241
138 212
138 347
139 353
139 290
139 196
139 357
139 202
139 183
139 162
139 275
139 341
139 247
139 345
139 251
139 349
140 347
140 164
140 305
140 143
140 142
140 303
140 144
140 187
140 246
140 311
140 216
140 219
141 354
141 294
141 233
141 267
141 268
141 258
141 306
141 311
141 250
141 155
142 320
142 231
142 271
142 341
142 312
142 281
142 284
142 181
143 226
143 290
143 334
143 181
143 215
143 346
143 287
143 156
143 213
144 192
144 291
144 356
144 229
144 232
144 238
144 239
144 277
145 311
145 163
145 198
145 230
145 263
145 265
145 266
145 167
145 333
145 183
145 313
146 214
146 196
146 263
146 265
146 231
146 172
146 205
146 301
146 280
146 342
146 187
147 290
147 359
147 193
147 354
147 321
147 239
147 273
147 245
147 197
148 195
148 360
148 298
148 236
148 288
148 176
148 280
148 208
149 227
149 327
149 238
149 336
149 216
149 270
149 185
149 190
149 249
149 153
149 266
150 323
150 261
150 234
150 203
150 242
150 347
150 221
150 254
151 256
151 198
151 302
151 240
151 270
151 276
151 309
151 313
151 249
151 318
152 261
152 241
152 255
152 213
152 313
152 251
152 188
152 232
152 222
152 341
153 161
153 331
153 295
153 296
153 297
153 268
153 173
153 319
154 320
154 258
154 293
154 360
154 238
154 335
154 202
154 186
154 349
154 351
155 289
155 354
155 228
155 342
155 330
155 333
155 226
155 237
155 341
155 214
155 219
155 284
155 223
156 160
156 272
156 162
156 332
156 304
156 275
156 308
156 309
156 215
156 313
156 220
156 255
157 262
157 355
157 230
157 360
157 172
157 246
157 344
157 313
157 315
157 234
158 288
158 187
158 202
158 238
158 311
158 344
158 315
158 286
159 210
159 201
159 170
159 178
159 317
160 201
160 175
160 310
160 315
160 335
161 249
162 356
162 278
162 303
162 336
162 182
162 217
163 259
163 209
163 167
163 236
163 269
163 174
163 310
163 220
163 285
163 350
164 320
164 263
164 177
164 210
164 212
164 350
164 280
164 287
164 190
164 351
165 191
165 323
165 169
165 299
165 206
165 177
165 274
165 277
166 256
166 198
166 307
166 204
166 209
166 308
166 334
166 182
166 276
166 319
166 293
167 256
167 203
167 172
167 271
167 177
167 344
167 253
168 226
168 260
168 198
168 327
168 297
168 235
168 300
168 333
168 338
168 220
169 194
169 232
169 172
169 173
169 178
169 340
169 277
169 183
169 244
169 219
169 281
170 176
170 239
170 240
170 216
170 178
170 310
170 184
170 314
170 318
170 255
171 292
171 357
171 262
171 298
171 236
171 253
171 349
171 185
171 175
171 316
172 198
172 328
172 270
172 253
172 245
172 315
172 316
172 221
173 193
173 355
173 359
173 212
173 341
173 347
174 256
174 193
174 324
174 332
174 253
174 250
174 187
174 252
174 351
175 282
175 196
175 197
175 275
175 207
175 306
175 307
175 265
175 346
176 260
176 327
176 266
176 349
176 273
176 279
176 350
177 225
177 258
177 296
177 267
177 237
177 273
177 220
178 288
178 257
178 228
178 358
178 262
178 292
178 269
178 306
178 281
179 256
179 257
179 300
179 333
179 245
179 185
179 228
179 349
180 229
180 360
180 269
180 237
180 307
180 212
180 213
180 184
180 252
180 255
181 323
181 327
181 202
181 267
181 214
181 312
181 287
182 259
182 264
182 355
182 322
182 208
182 243
182 285
182 222
182 287
183 322
183 250
183 218
183 253
183 277
184 295
184 223
184 305
184 278
184 185
184 347
184 348
184 190
185 231
185 275
185 200
185 217
185 299
185 351
186 256
186 321
186 197
186 353
186 330
186 339
186 221
186 293
187 290
187 259
187 295
187 338
187 274
187 206
188 354
188 323
188 263
188 204
188 202
189 289
189 260
189 293
189 294
189 247
189 303
189 272
189 339
189 216
190 290
190 265
190 269
190 271
190 340
190 268
190 219
190 254
191 298
191 205
191 304
191 338
191 249
191 271
191 248
192 290
192 265
192 235
192 303
192 291
192 355
192 271
192 348
193 323
193 325
193 262
193 275
193 233
193 355
193 335
193 315
193 351
193 261
194 352
194 258
194 196
194 274
194 205
194 240
194 273
194 301
194 342
194 221
194 318
195 230
195 270
195 242
195 307
195 279
195 216
195 314
196 291
196 292
196 232
196 231
196 322
196 281
196 346
196 219
196 286
197 315
197 229
197 336
197 248
197 347
197 317
198 200
198 330
198 333
198 340
198 332
198 298
199 322
199 353
199 235
199 300
199 301
199 246
199 282
200 227
200 325
200 358
200 360
200 297
200 333
200 243
200 233
200 328
200 285
201 358
201 327
201 345
201 344
201 217
202 256
202 293
202 328
202 233
202 204
202 238
202 306
202 345
203 262
203 326
203 343
203 245
203 279
203 344
203 217
203 350
203 277
204 292
204 360
204 299
204 257
204 307
204 276
205 260
205 328
205 334
205 222
206 320
206 283
206 223
206 231
206 330
206 280
206 348
206 255
207 288
207 266
207 270
207 214
207 217
207 254
207 312
208 236
208 333
208 238
208 242
209 264
209 268
209 237
209 305
209 214
209 279
209 252
210 240
210 354
210 328
210 267
210 318
211 322
211 323
211 293
211 327
211 296
211 338
211 346
211 255
212 352
212 326
212 328
212 236
212 334
212 280
212 216
213 326
213 360
213 239
213 307
213 313
213 283
213 253
213 318
214 325
214 267
214 274
214 334
214 347
214 278
214 235
214 248
214 218
215 323
215 263
215 265
215 268
215 302
215 227
215 276
215 246
216 359
216 308
216 251
216 222
216 309
217 226
217 259
217 356
217 296
217 339
217 245
217 341
218 352
218 290
218 324
218 270
218 304
218 240
218 342
218 250
219 323
219 294
219 298
219 274
219 246
219 287
220 261
220 316
220 287
220 279
220 248
220 313
220 317
220 277
221 288
221 307
221 254
221 233
221 347
222 352
222 224
222 228
222 264
222 331
222 272
222 249
222 252
223 321
223 227
223 230
223 299
223 272
223 278
223 343
224 256
224 294
224 263
224 312
224 351
225 289
225 327
225 335
225 337
225 350
226 331
226 301
227 326
227 240
227 304
227 285
227 248
227 250
227 284
227 314
228 359
228 328
228 320
228 341
228 347
229 288
229 277
229 325
229 309
229 314
230 336
230 258
230 295
230 270
230 282
230 345
230 346
230 319
231 259
231 305
231 248
231 317
232 321
232 324
232 241
232 274
232 275
232 277
232 336
232 316
233 297
233 238
233 302
233 330
234 243
234 359
234 271
234 360
234 257
234 247
234 348
234 317
235 356
235 358
235 266
235 341
235 311
235 251
236 321
236 299
236 240
236 302
236 343
236 349
237 322
237 335
237 291
237 277
237 285
238 352
238 264
238 247
238 274
238 344
239 323
239 269
239 242
239 306
239 297
239 314
239 329
240 354
240 329
240 335
240 337
240 249
240 316
240 255
241 323
241 294
241 327
241 271
241 244
241 316
242 357
242 294
242 295
242 339
242 281
242 350
243 356
243 357
243 270
243 275
243 343
243 284
243 266
243 286
244 320
244 355
244 358
244 306
244 334
245 290
245 257
245 356
245 334
246 322
246 262
246 342
246 312
246 346
246 317
247 289
247 327
247 273
247 306
247 282
248 300
248 296
248 275
249 323
249 324
249 271
249 305
249 276
249 343
249 315
250 322
250 295
250 342
250 286
251 262
251 316
251 312
251 302
251 281
251 346
251 284
251 283
252 359
252 272
252 301
252 311
253 321
253 325
253 274
253 291
253 311
254 335
254 339
254 285
254 255
255 354
255 303
256 356
256 326
256 328
256 331
257 355
257 267
257 306
257 336
257 337
257 278
257 350
258 325
258 309
258 279
259 324
259 295
259 356
259 266
259 332
260 320
260 296
260 265
260 285
260 269
261 288
261 310
261 289
261 268
261 342
261 347
262 291
262 278
262 358
262 264
262 333
262 347
262 282
263 301
263 280
264 353
264 357
264 338
265 311
265 286
265 348
266 313
267 355
267 328
267 335
267 311
268 352
268 295
268 331
268 305
268 280
268 348
268 285
269 273
269 339
270 328
270 335
270 272
270 338
271 292
271 338
271 307
271 317
272 329
272 273
272 345
272 317
273 336
273 296
273 276
273 311
273 340
273 282
274 359
274 305
274 302
275 312
275 314
276 356
276 293
277 290
277 326
277 343
278 299
278 352
278 281
278 284
279 330
279 307
280 340
280 299
280 324
281 353
281 328
281 335
282 353
282 337
282 317
282 284
282 346
283 337
283 293
283 329
283 304
283 308
283 318
284 345
284 286
285 352
285 337
285 311
286 292
286 316
286 298
286 334
286 301
286 306
287 296
287 345
287 319
288 294
288 327
288 338
288 351
289 324
289 332
289 340
290 329
290 332
290 351
291 352
291 360
291 317
291 308
292 297
292 301
293 329
293 333
293 314
294 352
294 358
294 300
294 334
294 318
294 343
295 304
295 337
295 350
296 355
296 300
296 304
297 327
297 298
297 332
297 350
298 321
298 354
298 334
299 356
299 345
299 313
299 349
300 324
301 356
301 314
301 303
302 321
302 322
302 323
302 331
302 308
303 336
303 319
305 321
305 330
305 348
306 324
306 328
306 341
307 324
307 348
307 313
308 352
308 342
308 338
308 310
309 321
309 351
309 318
310 332
310 344
311 352
312 322
312 339
313 357
313 346
314 320
314 341
315 357
315 348
315 317
316 331
316 344
318 356
318 340
318 349
319 334
320 342
321 353
321 330
322 353
324 356
326 340
329 357
330 359
331 355
331 358
331 335
331 338
332 353
332 354
332 340
336 340
336 342
337 351
338 339
338 349
340 359
342 346
346 353
349 359
350 354
354 356
354 358
357 358
0 361
1 362
2 363
3 364
4 365
5 366
6 367
7 368
8 369
9 370
10 371
11 372
12 373
13 374
14 375
15 376
16 377
17 378
18 379
19 380
20 381
21 382
22 383
23 384
24 385
25 386
26 387
27 388
28 389
29 390
30 391
31 392
32 393
33 394
34 395
35 396
36 397
37 398
38 399
39 400
40 401
41 402
42 403
43 404
44 405
45 406
46 407
47 408
48 409
49 410
50 411
51 412
52 413
53 414
54 415
55 416
56 417
57 418
58 419
59 420
60 421
61 422
62 423
63 424
64 425
65 426
66 427
67 428
68 429
69 430
70 431
71 432
72 433
73 434
74 435
75 436
76 437
77 438
78 439
79 440
80 441
81 442
82 443
83 444
84 445
85 446
86 447
87 448
88 449
89 450
90 451
91 452
92 453
93 454
94 455
95 456
96 457
97 458
98 459
99 460
100 461
101 462
102 463
103 464
104 465
105 466
106 467
107 468
108 469
109 470
110 471
111 472
112 473
113 474
114 475
115 476
116 477
117 478
118 479
119 480
120 481
121 482
122 483
123 484
124 485
125 486
126 487
127 488
128 489
129 490
130 491
131 492
132 493
133 494
134 495
135 496
136 497
137 498
138 499
139 500
140 501
141 502
142 503
143 504
144 505
145 506
146 507
147 508
148 509
149 510
150 511
151 512
152 513
153 514
154 515
155 516
156 517
157 518
158 519
159 520
160 521
161 522
162 523
163 524
164 525
165 526
166 527
167 528
168 529
169 530
170 531
171 532
172 533
173 534
174 535
175 536
176 537
177 538
178 539
179 540
180 541
181 542
182 543
183 544
184 545
185 546
186 547
187 548
188 549
189 550
190 551
191 552
192 553
193 554
194 555
195 556
196 557
197 558
198 559
199 560
200 561
201 562
202 563
203 564
204 565
205 566
206 567
207 568
208 569
209 570
210 571
211 572
212 573
213 574
214 575
215 576
216 577
217 578
218 579
219 580
220 581
221 582
222 583
223 584
224 585
225 586
226 587
227 588
228 589
229 590
230 591
231 592
232 593
233 594
234 595
235 596
236 597
237 598
238 599
239 600
240 601
241 602
242 603
243 604
244 605
245 606
246 607
247 608
248 609
249 610
250 611
251 612
252 613
253 614
254 615
255 616
256 617
257 618
258 619
259 620
260 621
261 622
262 623
263 624
264 625
265 626
266 627
267 628
268 629
269 630
270 631
271 632
272 633
273 634
274 635
275 636
276 637
277 638
278 639
279 640
280 641
281 642
282 643
283 644
284 645
285 646
286 647
287 648
288 649
289 650
290 651
291 652
292 653
293 654
294 655
295 656
296 657
297 658
298 659
299 660
300 661
301 662
302 663
303 664
304 665
305 666
306 667
307 668
308 669
309 670
310 671
311 672
312 673
313 674
314 675
315 676
316 677
317 678
318 679
319 680
320 681
321 682
322 683
323 684
324 685
325 686
326 687
327 688
328 689
329 690
330 691
331 692
332 693
333 694
334 695
335 696
336 697
337 698
338 699
339 700
340 701
341 702
342 703
343 704
344 705
345 706
346 707
347 708
348 709
349 710
350 711
351 712
352 713
353 714
354 715
355 716
356 717
357 718
358 719
359 720
360 721
