0 49
0 218
0 267
0 292
1 73
1 194
1 13
1 62
2 312
2 249
2 226
2 137
3 289
3 260
3 253
3 231
4 298
4 308
4 54
4 238
5 82
5 92
5 78
5 151
6 96
6 66
6 229
6 93
7 186
7 134
7 270
7 111
8 88
8 284
8 93
8 237
9 35
9 107
9 37
9 15
10 224
10 26
10 315
10 231
11 202
11 148
11 26
11 239
12 81
12 106
12 69
12 166
13 20
13 100
13 175
14 240
14 273
14 58
14 230
15 170
15 249
15 71
16 27
16 291
16 131
16 201
17 123
17 140
17 277
17 22
18 225
18 58
18 187
18 278
19 232
19 80
19 36
19 63
20 105
20 50
20 57
21 297
21 27
21 132
21 309
22 33
22 55
22 97
23 73
23 98
23 221
23 154
24 122
24 91
24 294
24 255
25 290
25 318
25 182
25 79
26 275
26 145
27 141
27 47
28 127
28 251
28 135
28 303
29 48
29 72
29 37
29 215
30 224
30 43
30 35
30 249
31 86
31 133
31 102
31 199
32 57
32 162
32 290
32 81
33 290
33 83
33 227
34 288
34 164
34 70
34 182
35 300
35 269
36 288
36 136
36 236
37 202
37 76
38 161
38 148
38 198
38 276
39 64
39 224
39 108
39 133
40 108
40 292
40 100
40 199
41 177
41 84
41 190
41 103
42 200
42 306
42 179
42 269
43 176
43 141
43 207
44 152
44 154
44 307
44 311
45 113
45 114
45 195
45 71
46 241
46 156
46 197
46 193
47 75
47 109
47 286
48 162
48 172
48 190
49 235
49 60
49 206
50 296
50 147
50 101
51 314
51 279
51 260
51 255
52 257
52 114
52 175
52 217
53 196
53 285
53 286
53 271
54 306
54 198
54 183
55 169
55 276
55 287
56 282
56 164
56 165
56 77
57 95
57 143
58 105
58 140
59 208
59 193
59 205
59 81
60 178
60 188
60 292
61 313
61 146
61 179
61 110
62 122
62 68
62 311
63 232
63 244
63 277
64 240
64 288
64 71
65 232
65 289
65 124
65 223
66 89
66 197
66 233
67 248
67 131
67 134
67 319
68 233
68 149
68 181
69 136
69 120
69 222
70 272
70 264
70 111
71 160
72 271
72 278
72 199
73 284
73 245
74 283
74 120
74 123
74 263
75 274
75 300
75 262
76 153
76 183
76 125
77 90
77 85
77 175
78 156
78 100
78 135
79 269
79 117
79 225
80 305
80 204
80 190
81 202
82 144
82 163
82 299
83 129
83 147
83 85
84 105
84 151
84 213
85 242
85 125
86 281
86 180
86 303
87 104
87 217
87 106
87 301
88 272
88 99
88 191
89 221
89 237
89 151
90 216
90 180
90 165
91 243
91 101
91 110
92 315
92 132
92 251
93 217
93 279
94 129
94 195
94 293
94 233
95 168
95 301
95 181
96 152
96 122
96 295
97 136
97 181
97 303
98 128
98 316
98 222
99 184
99 242
99 271
100 200
101 187
101 111
102 252
102 194
102 124
103 296
103 277
103 125
104 124
104 165
104 287
105 150
106 120
106 275
107 116
107 189
107 124
108 219
108 183
109 282
109 259
109 182
110 244
110 310
111 207
112 248
112 184
112 115
112 256
113 137
113 150
113 318
114 137
114 195
115 299
115 118
115 126
116 272
116 229
116 126
117 136
117 129
117 145
118 176
118 149
118 238
119 216
119 298
119 268
119 250
120 213
121 257
121 147
121 310
121 207
122 266
123 171
123 186
125 160
126 274
126 131
127 244
127 172
127 223
128 267
128 301
128 130
129 229
130 171
130 189
130 149
131 309
132 177
132 239
133 216
133 303
134 241
134 191
135 219
135 173
137 319
138 185
138 258
138 309
138 289
139 162
139 148
139 250
139 279
140 299
140 220
141 300
141 166
142 210
142 165
142 190
142 197
143 186
143 198
143 201
144 212
144 226
144 293
145 284
145 316
146 208
146 211
146 155
147 204
148 305
149 194
150 169
150 212
151 208
152 250
152 239
153 201
153 301
153 286
154 241
154 314
155 304
155 200
155 189
156 272
156 273
157 297
157 163
157 196
157 317
158 252
158 164
158 254
158 262
159 248
159 304
159 210
159 262
160 195
160 215
161 280
161 282
161 205
162 310
163 222
163 311
164 299
166 306
166 237
167 295
167 269
167 182
167 263
168 192
168 273
168 264
169 209
169 173
170 184
170 201
170 175
171 257
171 205
172 177
172 295
173 184
173 210
174 192
174 233
174 260
174 247
176 297
176 198
177 266
178 312
178 252
178 287
179 277
179 213
180 188
180 206
181 212
183 189
185 241
185 243
185 254
186 318
187 281
187 274
188 314
188 319
191 265
191 276
192 304
192 307
193 208
193 300
194 222
196 282
196 259
197 293
199 302
200 297
202 298
203 264
203 244
203 220
203 236
204 240
204 245
205 273
206 228
206 231
207 243
209 296
209 234
209 268
210 249
211 276
211 270
211 215
212 312
213 278
214 226
214 307
214 218
214 230
215 317
216 227
217 245
218 261
218 271
219 285
219 247
220 253
220 270
221 264
221 234
223 263
223 230
224 315
225 267
225 229
226 274
227 275
227 285
228 265
228 242
228 239
230 291
231 291
232 316
234 283
234 251
235 296
235 259
235 265
236 240
236 283
237 289
238 298
238 268
242 304
243 295
245 293
246 281
246 314
246 247
246 311
247 255
248 284
250 294
251 319
252 291
253 258
253 306
254 268
254 317
255 283
256 257
256 263
256 313
258 294
258 270
259 313
260 262
261 312
261 275
261 266
265 315
266 286
267 290
278 305
279 310
280 308
280 309
280 302
281 305
285 302
287 318
288 313
292 308
294 307
302 317
308 316
0 320
0 321
0 322
0 323
0 324
0 325
0 326
0 327
0 328
0 329
0 330
0 331
1 332
1 333
1 334
1 335
1 336
1 337
1 338
1 339
1 340
1 341
1 342
1 343
2 344
2 345
2 346
2 347
2 348
2 349
2 350
2 351
2 352
2 353
2 354
2 355
3 356
3 357
3 358
3 359
3 360
3 361
3 362
3 363
3 364
3 365
3 366
3 367
4 368
4 369
4 370
4 371
4 372
4 373
4 374
4 375
4 376
4 377
4 378
4 379
5 380
5 381
5 382
5 383
5 384
5 385
5 386
5 387
5 388
5 389
5 390
5 391
6 392
6 393
6 394
6 395
6 396
6 397
6 398
6 399
6 400
6 401
6 402
6 403
7 404
7 405
7 406
7 407
7 408
7 409
7 410
7 411
7 412
7 413
7 414
7 415
8 416
8 417
8 418
8 419
8 420
8 421
8 422
8 423
8 424
8 425
8 426
8 427
9 428
9 429
9 430
9 431
9 432
9 433
9 434
9 435
9 436
9 437
9 438
9 439
10 440
10 441
10 442
10 443
10 444
10 445
10 446
10 447
10 448
10 449
10 450
10 451
11 452
11 453
11 454
11 455
11 456
11 457
11 458
11 459
11 460
11 461
11 462
11 463
12 464
12 465
12 466
12 467
12 468
12 469
12 470
12 471
12 472
12 473
12 474
12 475
13 476
13 477
13 478
13 479
13 480
13 481
13 482
13 483
13 484
13 485
13 486
13 487
14 488
14 489
14 490
14 491
14 492
14 493
14 494
14 495
14 496
14 497
14 498
14 499
15 500
15 501
15 502
15 503
15 504
15 505
15 506
15 507
15 508
15 509
15 510
15 511
16 512
16 513
16 514
16 515
16 516
16 517
16 518
16 519
16 520
16 521
16 522
16 523
17 524
17 525
17 526
17 527
17 528
17 529
17 530
17 531
17 532
17 533
17 534
17 535
18 536
18 537
18 538
18 539
18 540
18 541
18 542
18 543
18 544
18 545
18 546
18 547
19 548
19 549
19 550
19 551
19 552
19 553
19 554
19 555
19 556
19 557
19 558
19 559
20 560
20 561
20 562
20 563
20 564
20 565
20 566
20 567
20 568
20 569
20 570
20 571
21 572
21 573
21 574
21 575
21 576
21 577
21 578
21 579
21 580
21 581
21 582
21 583
22 584
22 585
22 586
22 587
22 588
22 589
22 590
22 591
22 592
22 593
22 594
22 595
23 596
23 597
23 598
23 599
23 600
23 601
23 602
23 603
23 604
23 605
23 606
23 607
24 608
24 609
24 610
24 611
24 612
24 613
24 614
24 615
24 616
24 617
24 618
24 619
25 620
25 621
25 622
25 623
25 624
25 625
25 626
25 627
25 628
25 629
25 630
25 631
26 632
26 633
26 634
26 635
26 636
26 637
26 638
26 639
26 640
26 641
26 642
26 643
27 644
27 645
27 646
27 647
27 648
27 649
27 650
27 651
27 652
27 653
27 654
27 655
28 656
28 657
28 658
28 659
28 660
28 661
28 662
28 663
28 664
28 665
28 666
28 667
29 668
29 669
29 670
29 671
29 672
29 673
29 674
29 675
29 676
29 677
29 678
29 679
30 680
30 681
30 682
30 683
30 684
30 685
30 686
30 687
30 688
30 689
30 690
30 691
31 692
31 693
31 694
31 695
31 696
31 697
31 698
31 699
31 700
31 701
31 702
31 703
32 704
32 705
32 706
32 707
32 708
32 709
32 710
32 711
32 712
32 713
32 714
32 715
33 716
33 717
33 718
33 719
33 720
33 721
33 722
33 723
33 724
33 725
33 726
33 727
34 728
34 729
34 730
34 731
34 732
34 733
34 734
34 735
34 736
34 737
34 738
34 739
35 740
35 741
35 742
35 743
35 744
35 745
35 746
35 747
35 748
35 749
35 750
35 751
36 752
36 753
36 754
36 755
36 756
36 757
36 758
36 759
36 760
36 761
36 762
36 763
37 764
37 765
37 766
37 767
37 768
37 769
37 770
37 771
37 772
37 773
37 774
37 775
38 776
38 777
38 778
38 779
38 780
38 781
38 782
38 783
38 784
38 785
38 786
38 787
39 788
39 789
39 790
39 791
39 792
39 793
39 794
39 795
39 796
39 797
39 798
39 799
40 800
40 801
40 802
40 803
40 804
40 805
40 806
40 807
40 808
40 809
40 810
40 811
41 812
41 813
41 814
41 815
41 816
41 817
41 818
41 819
41 820
41 821
41 822
41 823
42 824
42 825
42 826
42 827
42 828
42 829
42 830
42 831
42 832
42 833
42 834
42 835
43 836
43 837
43 838
43 839
43 840
43 841
43 842
43 843
43 844
43 845
43 846
43 847
44 848
44 849
44 850
44 851
44 852
44 853
44 854
44 855
44 856
44 857
44 858
44 859
45 860
45 861
45 862
45 863
45 864
45 865
45 866
45 867
45 868
45 869
45 870
45 871
46 872
46 873
46 874
46 875
46 876
46 877
46 878
46 879
46 880
46 881
46 882
46 883
47 884
47 885
47 886
47 887
47 888
47 889
47 890
47 891
47 892
47 893
47 894
47 895
48 896
48 897
48 898
48 899
48 900
48 901
48 902
48 903
48 904
48 905
48 906
48 907
49 908
49 909
49 910
49 911
49 912
49 913
49 914
49 915
49 916
49 917
49 918
49 919
50 920
50 921
50 922
50 923
50 924
50 925
50 926
50 927
50 928
50 929
50 930
50 931
51 932
51 933
51 934
51 935
51 936
51 937
51 938
51 939
51 940
51 941
51 942
51 943
52 944
52 945
52 946
52 947
52 948
52 949
52 950
52 951
52 952
52 953
52 954
52 955
53 956
53 957
53 958
53 959
53 960
53 961
53 962
53 963
53 964
53 965
53 966
53 967
54 968
54 969
54 970
54 971
54 972
54 973
54 974
54 975
54 976
54 977
54 978
54 979
55 980
55 981
55 982
55 983
55 984
55 985
55 986
55 987
55 988
55 989
55 990
55 991
56 992
56 993
56 994
56 995
56 996
56 997
56 998
56 999
56 1000
56 1001
56 1002
56 1003
57 1004
57 1005
57 1006
57 1007
57 1008
57 1009
57 1010
57 1011
57 1012
57 1013
57 1014
57 1015
58 1016
58 1017
58 1018
58 1019
58 1020
58 1021
58 1022
58 1023
58 1024
58 1025
58 1026
58 1027
59 1028
59 1029
59 1030
59 1031
59 1032
59 1033
59 1034
59 1035
59 1036
59 1037
59 1038
59 1039
60 1040
60 1041
60 1042
60 1043
60 1044
60 1045
60 1046
60 1047
60 1048
60 1049
60 1050
60 1051
61 1052
61 1053
61 1054
61 1055
61 1056
61 1057
61 1058
61 1059
61 1060
61 1061
61 1062
61 1063
62 1064
62 1065
62 1066
62 1067
62 1068
62 1069
62 1070
62 1071
62 1072
62 1073
62 1074
62 1075
63 1076
63 1077
63 1078
63 1079
63 1080
63 1081
63 1082
63 1083
63 1084
63 1085
63 1086
63 1087
64 1088
64 1089
64 1090
64 1091
64 1092
64 1093
64 1094
64 1095
64 1096
64 1097
64 1098
64 1099
65 1100
65 1101
65 1102
65 1103
65 1104
65 1105
65 1106
65 1107
65 1108
65 1109
65 1110
65 1111
66 1112
66 1113
66 1114
66 1115
66 1116
66 1117
66 1118
66 1119
66 1120
66 1121
66 1122
66 1123
67 1124
67 1125
67 1126
67 1127
67 1128
67 1129
67 1130
67 1131
67 1132
67 1133
67 1134
67 1135
68 1136
68 1137
68 1138
68 1139
68 1140
68 1141
68 1142
68 1143
68 1144
68 1145
68 1146
68 1147
69 1148
69 1149
69 1150
69 1151
69 1152
69 1153
69 1154
69 1155
69 1156
69 1157
69 1158
69 1159
70 1160
70 1161
70 1162
70 1163
70 1164
70 1165
70 1166
70 1167
70 1168
70 1169
70 1170
70 1171
71 1172
71 1173
71 1174
71 1175
71 1176
71 1177
71 1178
71 1179
71 1180
71 1181
71 1182
71 1183
72 1184
72 1185
72 1186
72 1187
72 1188
72 1189
72 1190
72 1191
72 1192
72 1193
72 1194
72 1195
73 1196
73 1197
73 1198
73 1199
73 1200
73 1201
73 1202
73 1203
73 1204
73 1205
73 1206
73 1207
74 1208
74 1209
74 1210
74 1211
74 1212
74 1213
74 1214
74 1215
74 1216
74 1217
74 1218
74 1219
75 1220
75 1221
75 1222
75 1223
75 1224
75 1225
75 1226
75 1227
75 1228
75 1229
75 1230
75 1231
76 1232
76 1233
76 1234
76 1235
76 1236
76 1237
76 1238
76 1239
76 1240
76 1241
76 1242
76 1243
77 1244
77 1245
77 1246
77 1247
77 1248
77 1249
77 1250
77 1251
77 1252
77 1253
77 1254
77 1255
78 1256
78 1257
78 1258
78 1259
78 1260
78 1261
78 1262
78 1263
78 1264
78 1265
78 1266
78 1267
79 1268
79 1269
79 1270
79 1271
79 1272
79 1273
79 1274
79 1275
79 1276
79 1277
79 1278
79 1279
80 1280
80 1281
80 1282
80 1283
80 1284
80 1285
80 1286
80 1287
80 1288
80 1289
80 1290
80 1291
81 1292
81 1293
81 1294
81 1295
81 1296
81 1297
81 1298
81 1299
81 1300
81 1301
81 1302
81 1303
82 1304
82 1305
82 1306
82 1307
82 1308
82 1309
82 1310
82 1311
82 1312
82 1313
82 1314
82 1315
83 1316
83 1317
83 1318
83 1319
83 1320
83 1321
83 1322
83 1323
83 1324
83 1325
83 1326
83 1327
84 1328
84 1329
84 1330
84 1331
84 1332
84 1333
84 1334
84 1335
84 1336
84 1337
84 1338
84 1339
85 1340
85 1341
85 1342
85 1343
85 1344
85 1345
85 1346
85 1347
85 1348
85 1349
85 1350
85 1351
86 1352
86 1353
86 1354
86 1355
86 1356
86 1357
86 1358
86 1359
86 1360
86 1361
86 1362
86 1363
87 1364
87 1365
87 1366
87 1367
87 1368
87 1369
87 1370
87 1371
87 1372
87 1373
87 1374
87 1375
88 1376
88 1377
88 1378
88 1379
88 1380
88 1381
88 1382
88 1383
88 1384
88 1385
88 1386
88 1387
89 1388
89 1389
89 1390
89 1391
89 1392
89 1393
89 1394
89 1395
89 1396
89 1397
89 1398
89 1399
90 1400
90 1401
90 1402
90 1403
90 1404
90 1405
90 1406
90 1407
90 1408
90 1409
90 1410
90 1411
91 1412
91 1413
91 1414
91 1415
91 1416
91 1417
91 1418
91 1419
91 1420
91 1421
91 1422
91 1423
92 1424
92 1425
92 1426
92 1427
92 1428
92 1429
92 1430
92 1431
92 1432
92 1433
92 1434
92 1435
93 1436
93 1437
93 1438
93 1439
93 1440
93 1441
93 1442
93 1443
93 1444
93 1445
93 1446
93 1447
94 1448
94 1449
94 1450
94 1451
94 1452
94 1453
94 1454
94 1455
94 1456
94 1457
94 1458
94 1459
95 1460
95 1461
95 1462
95 1463
95 1464
95 1465
95 1466
95 1467
95 1468
95 1469
95 1470
95 1471
96 1472
96 1473
96 1474
96 1475
96 1476
96 1477
96 1478
96 1479
96 1480
96 1481
96 1482
96 1483
97 1484
97 1485
97 1486
97 1487
97 1488
97 1489
97 1490
97 1491
97 1492
97 1493
97 1494
97 1495
98 1496
98 1497
98 1498
98 1499
98 1500
98 1501
98 1502
98 1503
98 1504
98 1505
98 1506
98 1507
99 1508
99 1509
99 1510
99 1511
99 1512
99 1513
99 1514
99 1515
99 1516
99 1517
99 1518
99 1519
100 1520
100 1521
100 1522
100 1523
100 1524
100 1525
100 1526
100 1527
100 1528
100 1529
100 1530
100 1531
101 1532
101 1533
101 1534
101 1535
101 1536
101 1537
101 1538
101 1539
101 1540
101 1541
101 1542
101 1543
102 1544
102 1545
102 1546
102 1547
102 1548
102 1549
102 1550
102 1551
102 1552
102 1553
102 1554
102 1555
103 1556
103 1557
103 1558
103 1559
103 1560
103 1561
103 1562
103 1563
103 1564
103 1565
103 1566
103 1567
104 1568
104 1569
104 1570
104 1571
104 1572
104 1573
104 1574
104 1575
104 1576
104 1577
104 1578
104 1579
105 1580
105 1581
105 1582
105 1583
105 1584
105 1585
105 1586
105 1587
105 1588
105 1589
105 1590
105 1591
106 1592
106 1593
106 1594
106 1595
106 1596
106 1597
106 1598
106 1599
106 1600
106 1601
106 1602
106 1603
107 1604
107 1605
107 1606
107 1607
107 1608
107 1609
107 1610
107 1611
107 1612
107 1613
107 1614
107 1615
108 1616
108 1617
108 1618
108 1619
108 1620
108 1621
108 1622
108 1623
108 1624
108 1625
108 1626
108 1627
109 1628
109 1629
109 1630
109 1631
109 1632
109 1633
109 1634
109 1635
109 1636
109 1637
109 1638
109 1639
110 1640
110 1641
110 1642
110 1643
110 1644
110 1645
110 1646
110 1647
110 1648
110 1649
110 1650
110 1651
111 1652
111 1653
111 1654
111 1655
111 1656
111 1657
111 1658
111 1659
111 1660
111 1661
111 1662
111 1663
112 1664
112 1665
112 1666
112 1667
112 1668
112 1669
112 1670
112 1671
112 1672
112 1673
112 1674
112 1675
113 1676
113 1677
113 1678
113 1679
113 1680
113 1681
113 1682
113 1683
113 1684
113 1685
113 1686
113 1687
114 1688
114 1689
114 1690
114 1691
114 1692
114 1693
114 1694
114 1695
114 1696
114 1697
114 1698
114 1699
115 1700
115 1701
115 1702
115 1703
115 1704
115 1705
115 1706
115 1707
115 1708
115 1709
115 1710
115 1711
116 1712
116 1713
116 1714
116 1715
116 1716
116 1717
116 1718
116 1719
116 1720
116 1721
116 1722
116 1723
117 1724
117 1725
117 1726
117 1727
117 1728
117 1729
117 1730
117 1731
117 1732
117 1733
117 1734
117 1735
118 1736
118 1737
118 1738
118 1739
118 1740
118 1741
118 1742
118 1743
118 1744
118 1745
118 1746
118 1747
119 1748
119 1749
119 1750
119 1751
119 1752
119 1753
119 1754
119 1755
119 1756
119 1757
119 1758
119 1759
120 1760
120 1761
120 1762
120 1763
120 1764
120 1765
120 1766
120 1767
120 1768
120 1769
120 1770
120 1771
121 1772
121 1773
121 1774
121 1775
121 1776
121 1777
121 1778
121 1779
121 1780
121 1781
121 1782
121 1783
122 1784
122 1785
122 1786
122 1787
122 1788
122 1789
122 1790
122 1791
122 1792
122 1793
122 1794
122 1795
123 1796
123 1797
123 1798
123 1799
123 1800
123 1801
123 1802
123 1803
123 1804
123 1805
123 1806
123 1807
124 1808
124 1809
124 1810
124 1811
124 1812
124 1813
124 1814
124 1815
124 1816
124 1817
124 1818
124 1819
125 1820
125 1821
125 1822
125 1823
125 1824
125 1825
125 1826
125 1827
125 1828
125 1829
125 1830
125 1831
126 1832
126 1833
126 1834
126 1835
126 1836
126 1837
126 1838
126 1839
126 1840
126 1841
126 1842
126 1843
127 1844
127 1845
127 1846
127 1847
127 1848
127 1849
127 1850
127 1851
127 1852
127 1853
127 1854
127 1855
128 1856
128 1857
128 1858
128 1859
128 1860
128 1861
128 1862
128 1863
128 1864
128 1865
128 1866
128 1867
129 1868
129 1869
129 1870
129 1871
129 1872
129 1873
129 1874
129 1875
129 1876
129 1877
129 1878
129 1879
130 1880
130 1881
130 1882
130 1883
130 1884
130 1885
130 1886
130 1887
130 1888
130 1889
130 1890
130 1891
131 1892
131 1893
131 1894
131 1895
131 1896
131 1897
131 1898
131 1899
131 1900
131 1901
131 1902
131 1903
132 1904
132 1905
132 1906
132 1907
132 1908
132 1909
132 1910
132 1911
132 1912
132 1913
132 1914
132 1915
133 1916
133 1917
133 1918
133 1919
133 1920
133 1921
133 1922
133 1923
133 1924
133 1925
133 1926
133 1927
134 1928
134 1929
134 1930
134 1931
134 1932
134 1933
134 1934
134 1935
134 1936
134 1937
134 1938
134 1939
135 1940
135 1941
135 1942
135 1943
135 1944
135 1945
135 1946
135 1947
135 1948
135 1949
135 1950
135 1951
136 1952
136 1953
136 1954
136 1955
136 1956
136 1957
136 1958
136 1959
136 1960
136 1961
136 1962
136 1963
137 1964
137 1965
137 1966
137 1967
137 1968
137 1969
137 1970
137 1971
137 1972
137 1973
137 1974
137 1975
138 1976
138 1977
138 1978
138 1979
138 1980
138 1981
138 1982
138 1983
138 1984
138 1985
138 1986
138 1987
139 1988
139 1989
139 1990
139 1991
139 1992
139 1993
139 1994
139 1995
139 1996
139 1997
139 1998
139 1999
140 2000
140 2001
140 2002
140 2003
140 2004
140 2005
140 2006
140 2007
140 2008
140 2009
140 2010
140 2011
141 2012
141 2013
141 2014
141 2015
141 2016
141 2017
141 2018
141 2019
141 2020
141 2021
141 2022
141 2023
142 2024
142 2025
142 2026
142 2027
142 2028
142 2029
142 2030
142 2031
142 2032
142 2033
142 2034
142 2035
143 2036
143 2037
143 2038
143 2039
143 2040
143 2041
143 2042
143 2043
143 2044
143 2045
143 2046
143 2047
144 2048
144 2049
144 2050
144 2051
144 2052
144 2053
144 2054
144 2055
144 2056
144 2057
144 2058
144 2059
145 2060
145 2061
145 2062
145 2063
145 2064
145 2065
145 2066
145 2067
145 2068
145 2069
145 2070
145 2071
146 2072
146 2073
146 2074
146 2075
146 2076
146 2077
146 2078
146 2079
146 2080
146 2081
146 2082
146 2083
147 2084
147 2085
147 2086
147 2087
147 2088
147 2089
147 2090
147 2091
147 2092
147 2093
147 2094
147 2095
148 2096
148 2097
148 2098
148 2099
148 2100
148 2101
148 2102
148 2103
148 2104
148 2105
148 2106
148 2107
149 2108
149 2109
149 2110
149 2111
149 2112
149 2113
149 2114
149 2115
149 2116
149 2117
149 2118
149 2119
150 2120
150 2121
150 2122
150 2123
150 2124
150 2125
150 2126
150 2127
150 2128
150 2129
150 2130
150 2131
151 2132
151 2133
151 2134
151 2135
151 2136
151 2137
151 2138
151 2139
151 2140
151 2141
151 2142
151 2143
152 2144
152 2145
152 2146
152 2147
152 2148
152 2149
152 2150
152 2151
152 2152
152 2153
152 2154
152 2155
153 2156
153 2157
153 2158
153 2159
153 2160
153 2161
153 2162
153 2163
153 2164
153 2165
153 2166
153 2167
154 2168
154 2169
154 2170
154 2171
154 2172
154 2173
154 2174
154 2175
154 2176
154 2177
154 2178
154 2179
155 2180
155 2181
155 2182
155 2183
155 2184
155 2185
155 2186
155 2187
155 2188
155 2189
155 2190
155 2191
156 2192
156 2193
156 2194
156 2195
156 2196
156 2197
156 2198
156 2199
156 2200
156 2201
156 2202
156 2203
157 2204
157 2205
157 2206
157 2207
157 2208
157 2209
157 2210
157 2211
157 2212
157 2213
157 2214
157 2215
158 2216
158 2217
158 2218
158 2219
158 2220
158 2221
158 2222
158 2223
158 2224
158 2225
158 2226
158 2227
159 2228
159 2229
159 2230
159 2231
159 2232
159 2233
159 2234
159 2235
159 2236
159 2237
159 2238
159 2239
160 2240
160 2241
160 2242
160 2243
160 2244
160 2245
160 2246
160 2247
160 2248
160 2249
160 2250
160 2251
161 2252
161 2253
161 2254
161 2255
161 2256
161 2257
161 2258
161 2259
161 2260
161 2261
161 2262
161 2263
162 2264
162 2265
162 2266
162 2267
162 2268
162 2269
162 2270
162 2271
162 2272
162 2273
162 2274
162 2275
163 2276
163 2277
163 2278
163 2279
163 2280
163 2281
163 2282
163 2283
163 2284
163 2285
163 2286
163 2287
164 2288
164 2289
164 2290
164 2291
164 2292
164 2293
164 2294
164 2295
164 2296
164 2297
164 2298
164 2299
165 2300
165 2301
165 2302
165 2303
165 2304
165 2305
165 2306
165 2307
165 2308
165 2309
165 2310
165 2311
166 2312
166 2313
166 2314
166 2315
166 2316
166 2317
166 2318
166 2319
166 2320
166 2321
166 2322
166 2323
167 2324
167 2325
167 2326
167 2327
167 2328
167 2329
167 2330
167 2331
167 2332
167 2333
167 2334
167 2335
168 2336
168 2337
168 2338
168 2339
168 2340
168 2341
168 2342
168 2343
168 2344
168 2345
168 2346
168 2347
169 2348
169 2349
169 2350
169 2351
169 2352
169 2353
169 2354
169 2355
169 2356
169 2357
169 2358
169 2359
170 2360
170 2361
170 2362
170 2363
170 2364
170 2365
170 2366
170 2367
170 2368
170 2369
170 2370
170 2371
171 2372
171 2373
171 2374
171 2375
171 2376
171 2377
171 2378
171 2379
171 2380
171 2381
171 2382
171 2383
172 2384
172 2385
172 2386
172 2387
172 2388
172 2389
172 2390
172 2391
172 2392
172 2393
172 2394
172 2395
173 2396
173 2397
173 2398
173 2399
173 2400
173 2401
173 2402
173 2403
173 2404
173 2405
173 2406
173 2407
174 2408
174 2409
174 2410
174 2411
174 2412
174 2413
174 2414
174 2415
174 2416
174 2417
174 2418
174 2419
175 2420
175 2421
175 2422
175 2423
175 2424
175 2425
175 2426
175 2427
175 2428
175 2429
175 2430
175 2431
176 2432
176 2433
176 2434
176 2435
176 2436
176 2437
176 2438
176 2439
176 2440
176 2441
176 2442
176 2443
177 2444
177 2445
177 2446
177 2447
177 2448
177 2449
177 2450
177 2451
177 2452
177 2453
177 2454
177 2455
178 2456
178 2457
178 2458
178 2459
178 2460
178 2461
178 2462
178 2463
178 2464
178 2465
178 2466
178 2467
179 2468
179 2469
179 2470
179 2471
179 2472
179 2473
179 2474
179 2475
179 2476
179 2477
179 2478
179 2479
180 2480
180 2481
180 2482
180 2483
180 2484
180 2485
180 2486
180 2487
180 2488
180 2489
180 2490
180 2491
181 2492
181 2493
181 2494
181 2495
181 2496
181 2497
181 2498
181 2499
181 2500
181 2501
181 2502
181 2503
182 2504
182 2505
182 2506
182 2507
182 2508
182 2509
182 2510
182 2511
182 2512
182 2513
182 2514
182 2515
183 2516
183 2517
183 2518
183 2519
183 2520
183 2521
183 2522
183 2523
183 2524
183 2525
183 2526
183 2527
184 2528
184 2529
184 2530
184 2531
184 2532
184 2533
184 2534
184 2535
184 2536
184 2537
184 2538
184 2539
185 2540
185 2541
185 2542
185 2543
185 2544
185 2545
185 2546
185 2547
185 2548
185 2549
185 2550
185 2551
186 2552
186 2553
186 2554
186 2555
186 2556
186 2557
186 2558
186 2559
186 2560
186 2561
186 2562
186 2563
187 2564
187 2565
187 2566
187 2567
187 2568
187 2569
187 2570
187 2571
187 2572
187 2573
187 2574
187 2575
188 2576
188 2577
188 2578
188 2579
188 2580
188 2581
188 2582
188 2583
188 2584
188 2585
188 2586
188 2587
189 2588
189 2589
189 2590
189 2591
189 2592
189 2593
189 2594
189 2595
189 2596
189 2597
189 2598
189 2599
190 2600
190 2601
190 2602
190 2603
190 2604
190 2605
190 2606
190 2607
190 2608
190 2609
190 2610
190 2611
191 2612
191 2613
191 2614
191 2615
191 2616
191 2617
191 2618
191 2619
191 2620
191 2621
191 2622
191 2623
192 2624
192 2625
192 2626
192 2627
192 2628
192 2629
192 2630
192 2631
192 2632
192 2633
192 2634
192 2635
193 2636
193 2637
193 2638
193 2639
193 2640
193 2641
193 2642
193 2643
193 2644
193 2645
193 2646
193 2647
194 2648
194 2649
194 2650
194 2651
194 2652
194 2653
194 2654
194 2655
194 2656
194 2657
194 2658
194 2659
195 2660
195 2661
195 2662
195 2663
195 2664
195 2665
195 2666
195 2667
195 2668
195 2669
195 2670
195 2671
196 2672
196 2673
196 2674
196 2675
196 2676
196 2677
196 2678
196 2679
196 2680
196 2681
196 2682
196 2683
197 2684
197 2685
197 2686
197 2687
197 2688
197 2689
197 2690
197 2691
197 2692
197 2693
197 2694
197 2695
198 2696
198 2697
198 2698
198 2699
198 2700
198 2701
198 2702
198 2703
198 2704
198 2705
198 2706
198 2707
199 2708
199 2709
199 2710
199 2711
199 2712
199 2713
199 2714
199 2715
199 2716
199 2717
199 2718
199 2719
200 2720
200 2721
200 2722
200 2723
200 2724
200 2725
200 2726
200 2727
200 2728
200 2729
200 2730
200 2731
201 2732
201 2733
201 2734
201 2735
201 2736
201 2737
201 2738
201 2739
201 2740
201 2741
201 2742
201 2743
202 2744
202 2745
202 2746
202 2747
202 2748
202 2749
202 2750
202 2751
202 2752
202 2753
202 2754
202 2755
203 2756
203 2757
203 2758
203 2759
203 2760
203 2761
203 2762
203 2763
203 2764
203 2765
203 2766
203 2767
204 2768
204 2769
204 2770
204 2771
204 2772
204 2773
204 2774
204 2775
204 2776
204 2777
204 2778
204 2779
205 2780
205 2781
205 2782
205 2783
205 2784
205 2785
205 2786
205 2787
205 2788
205 2789
205 2790
205 2791
206 2792
206 2793
206 2794
206 2795
206 2796
206 2797
206 2798
206 2799
206 2800
206 2801
206 2802
206 2803
207 2804
207 2805
207 2806
207 2807
207 2808
207 2809
207 2810
207 2811
207 2812
207 2813
207 2814
207 2815
208 2816
208 2817
208 2818
208 2819
208 2820
208 2821
208 2822
208 2823
208 2824
208 2825
208 2826
208 2827
209 2828
209 2829
209 2830
209 2831
209 2832
209 2833
209 2834
209 2835
209 2836
209 2837
209 2838
209 2839
210 2840
210 2841
210 2842
210 2843
210 2844
210 2845
210 2846
210 2847
210 2848
210 2849
210 2850
210 2851
211 2852
211 2853
211 2854
211 2855
211 2856
211 2857
211 2858
211 2859
211 2860
211 2861
211 2862
211 2863
212 2864
212 2865
212 2866
212 2867
212 2868
212 2869
212 2870
212 2871
212 2872
212 2873
212 2874
212 2875
213 2876
213 2877
213 2878
213 2879
213 2880
213 2881
213 2882
213 2883
213 2884
213 2885
213 2886
213 2887
214 2888
214 2889
214 2890
214 2891
214 2892
214 2893
214 2894
214 2895
214 2896
214 2897
214 2898
214 2899
215 2900
215 2901
215 2902
215 2903
215 2904
215 2905
215 2906
215 2907
215 2908
215 2909
215 2910
215 2911
216 2912
216 2913
216 2914
216 2915
216 2916
216 2917
216 2918
216 2919
216 2920
216 2921
216 2922
216 2923
217 2924
217 2925
217 2926
217 2927
217 2928
217 2929
217 2930
217 2931
217 2932
217 2933
217 2934
217 2935
218 2936
218 2937
218 2938
218 2939
218 2940
218 2941
218 2942
218 2943
218 2944
218 2945
218 2946
218 2947
219 2948
219 2949
219 2950
219 2951
219 2952
219 2953
219 2954
219 2955
219 2956
219 2957
219 2958
219 2959
220 2960
220 2961
220 2962
220 2963
220 2964
220 2965
220 2966
220 2967
220 2968
220 2969
220 2970
220 2971
221 2972
221 2973
221 2974
221 2975
221 2976
221 2977
221 2978
221 2979
221 2980
221 2981
221 2982
221 2983
222 2984
222 2985
222 2986
222 2987
222 2988
222 2989
222 2990
222 2991
222 2992
222 2993
222 2994
222 2995
223 2996
223 2997
223 2998
223 2999
223 3000
223 3001
223 3002
223 3003
223 3004
223 3005
223 3006
223 3007
224 3008
224 3009
224 3010
224 3011
224 3012
224 3013
224 3014
224 3015
224 3016
224 3017
224 3018
224 3019
225 3020
225 3021
225 3022
225 3023
225 3024
225 3025
225 3026
225 3027
225 3028
225 3029
225 3030
225 3031
226 3032
226 3033
226 3034
226 3035
226 3036
226 3037
226 3038
226 3039
226 3040
226 3041
226 3042
226 3043
227 3044
227 3045
227 3046
227 3047
227 3048
227 3049
227 3050
227 3051
227 3052
227 3053
227 3054
227 3055
228 3056
228 3057
228 3058
228 3059
228 3060
228 3061
228 3062
228 3063
228 3064
228 3065
228 3066
228 3067
229 3068
229 3069
229 3070
229 3071
229 3072
229 3073
229 3074
229 3075
229 3076
229 3077
229 3078
229 3079
230 3080
230 3081
230 3082
230 3083
230 3084
230 3085
230 3086
230 3087
230 3088
230 3089
230 3090
230 3091
231 3092
231 3093
231 3094
231 3095
231 3096
231 3097
231 3098
231 3099
231 3100
231 3101
231 3102
231 3103
232 3104
232 3105
232 3106
232 3107
232 3108
232 3109
232 3110
232 3111
232 3112
232 3113
232 3114
232 3115
233 3116
233 3117
233 3118
233 3119
233 3120
233 3121
233 3122
233 3123
233 3124
233 3125
233 3126
233 3127
234 3128
234 3129
234 3130
234 3131
234 3132
234 3133
234 3134
234 3135
234 3136
234 3137
234 3138
234 3139
235 3140
235 3141
235 3142
235 3143
235 3144
235 3145
235 3146
235 3147
235 3148
235 3149
235 3150
235 3151
236 3152
236 3153
236 3154
236 3155
236 3156
236 3157
236 3158
236 3159
236 3160
236 3161
236 3162
236 3163
237 3164
237 3165
237 3166
237 3167
237 3168
237 3169
237 3170
237 3171
237 3172
237 3173
237 3174
237 3175
238 3176
238 3177
238 3178
238 3179
238 3180
238 3181
238 3182
238 3183
238 3184
238 3185
238 3186
238 3187
239 3188
239 3189
239 3190
239 3191
239 3192
239 3193
239 3194
239 3195
239 3196
239 3197
239 3198
239 3199
240 3200
240 3201
240 3202
240 3203
240 3204
240 3205
240 3206
240 3207
240 3208
240 3209
240 3210
240 3211
241 3212
241 3213
241 3214
241 3215
241 3216
241 3217
241 3218
241 3219
241 3220
241 3221
241 3222
241 3223
242 3224
242 3225
242 3226
242 3227
242 3228
242 3229
242 3230
242 3231
242 3232
242 3233
242 3234
242 3235
243 3236
243 3237
243 3238
243 3239
243 3240
243 3241
243 3242
243 3243
243 3244
243 3245
243 3246
243 3247
244 3248
244 3249
244 3250
244 3251
244 3252
244 3253
244 3254
244 3255
244 3256
244 3257
244 3258
244 3259
245 3260
245 3261
245 3262
245 3263
245 3264
245 3265
245 3266
245 3267
245 3268
245 3269
245 3270
245 3271
246 3272
246 3273
246 3274
246 3275
246 3276
246 3277
246 3278
246 3279
246 3280
246 3281
246 3282
246 3283
247 3284
247 3285
247 3286
247 3287
247 3288
247 3289
247 3290
247 3291
247 3292
247 3293
247 3294
247 3295
248 3296
248 3297
248 3298
248 3299
248 3300
248 3301
248 3302
248 3303
248 3304
248 3305
248 3306
248 3307
249 3308
249 3309
249 3310
249 3311
249 3312
249 3313
249 3314
249 3315
249 3316
249 3317
249 3318
249 3319
250 3320
250 3321
250 3322
250 3323
250 3324
250 3325
250 3326
250 3327
250 3328
250 3329
250 3330
250 3331
251 3332
251 3333
251 3334
251 3335
251 3336
251 3337
251 3338
251 3339
251 3340
251 3341
251 3342
251 3343
252 3344
252 3345
252 3346
252 3347
252 3348
252 3349
252 3350
252 3351
252 3352
252 3353
252 3354
252 3355
253 3356
253 3357
253 3358
253 3359
253 3360
253 3361
253 3362
253 3363
253 3364
253 3365
253 3366
253 3367
254 3368
254 3369
254 3370
254 3371
254 3372
254 3373
254 3374
254 3375
254 3376
254 3377
254 3378
254 3379
255 3380
255 3381
255 3382
255 3383
255 3384
255 3385
255 3386
255 3387
255 3388
255 3389
255 3390
255 3391
256 3392
256 3393
256 3394
256 3395
256 3396
256 3397
256 3398
256 3399
256 3400
256 3401
256 3402
256 3403
257 3404
257 3405
257 3406
257 3407
257 3408
257 3409
257 3410
257 3411
257 3412
257 3413
257 3414
257 3415
258 3416
258 3417
258 3418
258 3419
258 3420
258 3421
258 3422
258 3423
258 3424
258 3425
258 3426
258 3427
259 3428
259 3429
259 3430
259 3431
259 3432
259 3433
259 3434
259 3435
259 3436
259 3437
259 3438
259 3439
260 3440
260 3441
260 3442
260 3443
260 3444
260 3445
260 3446
260 3447
260 3448
260 3449
260 3450
260 3451
261 3452
261 3453
261 3454
261 3455
261 3456
261 3457
261 3458
261 3459
261 3460
261 3461
261 3462
261 3463
262 3464
262 3465
262 3466
262 3467
262 3468
262 3469
262 3470
262 3471
262 3472
262 3473
262 3474
262 3475
263 3476
263 3477
263 3478
263 3479
263 3480
263 3481
263 3482
263 3483
263 3484
263 3485
263 3486
263 3487
264 3488
264 3489
264 3490
264 3491
264 3492
264 3493
264 3494
264 3495
264 3496
264 3497
264 3498
264 3499
265 3500
265 3501
265 3502
265 3503
265 3504
265 3505
265 3506
265 3507
265 3508
265 3509
265 3510
265 3511
266 3512
266 3513
266 3514
266 3515
266 3516
266 3517
266 3518
266 3519
266 3520
266 3521
266 3522
266 3523
267 3524
267 3525
267 3526
267 3527
267 3528
267 3529
267 3530
267 3531
267 3532
267 3533
267 3534
267 3535
268 3536
268 3537
268 3538
268 3539
268 3540
268 3541
268 3542
268 3543
268 3544
268 3545
268 3546
268 3547
269 3548
269 3549
269 3550
269 3551
269 3552
269 3553
269 3554
269 3555
269 3556
269 3557
269 3558
269 3559
270 3560
270 3561
270 3562
270 3563
270 3564
270 3565
270 3566
270 3567
270 3568
270 3569
270 3570
270 3571
271 3572
271 3573
271 3574
271 3575
271 3576
271 3577
271 3578
271 3579
271 3580
271 3581
271 3582
271 3583
272 3584
272 3585
272 3586
272 3587
272 3588
272 3589
272 3590
272 3591
272 3592
272 3593
272 3594
272 3595
273 3596
273 3597
273 3598
273 3599
273 3600
273 3601
273 3602
273 3603
273 3604
273 3605
273 3606
273 3607
274 3608
274 3609
274 3610
274 3611
274 3612
274 3613
274 3614
274 3615
274 3616
274 3617
274 3618
274 3619
275 3620
275 3621
275 3622
275 3623
275 3624
275 3625
275 3626
275 3627
275 3628
275 3629
275 3630
275 3631
276 3632
276 3633
276 3634
276 3635
276 3636
276 3637
276 3638
276 3639
276 3640
276 3641
276 3642
276 3643
277 3644
277 3645
277 3646
277 3647
277 3648
277 3649
277 3650
277 3651
277 3652
277 3653
277 3654
277 3655
278 3656
278 3657
278 3658
278 3659
278 3660
278 3661
278 3662
278 3663
278 3664
278 3665
278 3666
278 3667
279 3668
279 3669
279 3670
279 3671
279 3672
279 3673
279 3674
279 3675
279 3676
279 3677
279 3678
279 3679
280 3680
280 3681
280 3682
280 3683
280 3684
280 3685
280 3686
280 3687
280 3688
280 3689
280 3690
280 3691
281 3692
281 3693
281 3694
281 3695
281 3696
281 3697
281 3698
281 3699
281 3700
281 3701
281 3702
281 3703
282 3704
282 3705
282 3706
282 3707
282 3708
282 3709
282 3710
282 3711
282 3712
282 3713
282 3714
282 3715
283 3716
283 3717
283 3718
283 3719
283 3720
283 3721
283 3722
283 3723
283 3724
283 3725
283 3726
283 3727
284 3728
284 3729
284 3730
284 3731
284 3732
284 3733
284 3734
284 3735
284 3736
284 3737
284 3738
284 3739
285 3740
285 3741
285 3742
285 3743
285 3744
285 3745
285 3746
285 3747
285 3748
285 3749
285 3750
285 3751
286 3752
286 3753
286 3754
286 3755
286 3756
286 3757
286 3758
286 3759
286 3760
286 3761
286 3762
286 3763
287 3764
287 3765
287 3766
287 3767
287 3768
287 3769
287 3770
287 3771
287 3772
287 3773
287 3774
287 3775
288 3776
288 3777
288 3778
288 3779
288 3780
288 3781
288 3782
288 3783
288 3784
288 3785
288 3786
288 3787
289 3788
289 3789
289 3790
289 3791
289 3792
289 3793
289 3794
289 3795
289 3796
289 3797
289 3798
289 3799
290 3800
290 3801
290 3802
290 3803
290 3804
290 3805
290 3806
290 3807
290 3808
290 3809
290 3810
290 3811
291 3812
291 3813
291 3814
291 3815
291 3816
291 3817
291 3818
291 3819
291 3820
291 3821
291 3822
291 3823
292 3824
292 3825
292 3826
292 3827
292 3828
292 3829
292 3830
292 3831
292 3832
292 3833
292 3834
292 3835
293 3836
293 3837
293 3838
293 3839
293 3840
293 3841
293 3842
293 3843
293 3844
293 3845
293 3846
293 3847
294 3848
294 3849
294 3850
294 3851
294 3852
294 3853
294 3854
294 3855
294 3856
294 3857
294 3858
294 3859
295 3860
295 3861
295 3862
295 3863
295 3864
295 3865
295 3866
295 3867
295 3868
295 3869
295 3870
295 3871
296 3872
296 3873
296 3874
296 3875
296 3876
296 3877
296 3878
296 3879
296 3880
296 3881
296 3882
296 3883
297 3884
297 3885
297 3886
297 3887
297 3888
297 3889
297 3890
297 3891
297 3892
297 3893
297 3894
297 3895
298 3896
298 3897
298 3898
298 3899
298 3900
298 3901
298 3902
298 3903
298 3904
298 3905
298 3906
298 3907
299 3908
299 3909
299 3910
299 3911
299 3912
299 3913
299 3914
299 3915
299 3916
299 3917
299 3918
299 3919
300 3920
300 3921
300 3922
300 3923
300 3924
300 3925
300 3926
300 3927
300 3928
300 3929
300 3930
300 3931
301 3932
301 3933
301 3934
301 3935
301 3936
301 3937
301 3938
301 3939
301 3940
301 3941
301 3942
301 3943
302 3944
302 3945
302 3946
302 3947
302 3948
302 3949
302 3950
302 3951
302 3952
302 3953
302 3954
302 3955
303 3956
303 3957
303 3958
303 3959
303 3960
303 3961
303 3962
303 3963
303 3964
303 3965
303 3966
303 3967
304 3968
304 3969
304 3970
304 3971
304 3972
304 3973
304 3974
304 3975
304 3976
304 3977
304 3978
304 3979
305 3980
305 3981
305 3982
305 3983
305 3984
305 3985
305 3986
305 3987
305 3988
305 3989
305 3990
305 3991
306 3992
306 3993
306 3994
306 3995
306 3996
306 3997
306 3998
306 3999
306 4000
306 4001
306 4002
306 4003
307 4004
307 4005
307 4006
307 4007
307 4008
307 4009
307 4010
307 4011
307 4012
307 4013
307 4014
307 4015
308 4016
308 4017
308 4018
308 4019
308 4020
308 4021
308 4022
308 4023
308 4024
308 4025
308 4026
308 4027
309 4028
309 4029
309 4030
309 4031
309 4032
309 4033
309 4034
309 4035
309 4036
309 4037
309 4038
309 4039
310 4040
310 4041
310 4042
310 4043
310 4044
310 4045
310 4046
310 4047
310 4048
310 4049
310 4050
310 4051
311 4052
311 4053
311 4054
311 4055
311 4056
311 4057
311 4058
311 4059
311 4060
311 4061
311 4062
311 4063
312 4064
312 4065
312 4066
312 4067
312 4068
312 4069
312 4070
312 4071
312 4072
312 4073
312 4074
312 4075
313 4076
313 4077
313 4078
313 4079
313 4080
313 4081
313 4082
313 4083
313 4084
313 4085
313 4086
313 4087
314 4088
314 4089
314 4090
314 4091
314 4092
314 4093
314 4094
314 4095
314 4096
314 4097
314 4098
314 4099
315 4100
315 4101
315 4102
315 4103
315 4104
315 4105
315 4106
315 4107
315 4108
315 4109
315 4110
315 4111
316 4112
316 4113
316 4114
316 4115
316 4116
316 4117
316 4118
316 4119
316 4120
316 4121
316 4122
316 4123
317 4124
317 4125
317 4126
317 4127
317 4128
317 4129
317 4130
317 4131
317 4132
317 4133
317 4134
317 4135
318 4136
318 4137
318 4138
318 4139
318 4140
318 4141
318 4142
318 4143
318 4144
318 4145
318 4146
318 4147
319 4148
319 4149
319 4150
319 4151
319 4152
319 4153
319 4154
319 4155
319 4156
319 4157
319 4158
319 4159
