0 193
0 178
0 427
0 370
0 270
0 496
0 369
0 114
0 213
0 278
0 55
0 344
1 129
1 323
1 356
1 37
1 145
1 7
1 305
1 190
1 150
1 153
1 228
1 414
2 100
2 454
2 42
2 44
2 141
2 285
2 20
2 22
2 409
2 132
2 253
2 63
3 75
3 5
3 70
3 363
3 239
3 304
3 253
3 372
3 471
3 280
3 221
3 319
4 235
4 487
4 203
4 47
4 336
4 59
4 179
4 468
4 127
4 299
4 207
4 52
5 72
5 489
5 140
5 333
5 461
5 108
5 169
5 378
5 156
5 29
5 446
6 256
6 98
6 155
6 484
6 71
6 104
6 107
6 460
6 272
6 152
6 27
6 286
7 224
7 299
7 168
7 490
7 235
7 364
7 141
7 212
7 405
7 266
7 286
8 292
8 179
8 391
8 332
8 428
8 432
8 498
8 243
8 212
8 373
8 159
8 85
9 32
9 66
9 360
9 494
9 175
9 400
9 337
9 404
9 181
9 439
9 122
9 351
10 65
10 457
10 73
10 331
10 492
10 303
10 178
10 469
10 393
10 442
10 91
10 218
11 227
11 37
11 488
11 170
11 237
11 110
11 211
11 212
11 25
11 404
11 154
11 190
12 35
12 69
12 39
12 427
12 349
12 13
12 175
12 274
12 86
12 151
12 187
12 61
13 163
13 196
13 106
13 301
13 495
13 465
13 180
13 437
13 25
13 79
13 92
14 320
14 417
14 483
14 292
14 455
14 360
14 265
14 299
14 369
14 405
14 188
14 255
15 481
15 295
15 296
15 393
15 167
15 300
15 206
15 431
15 279
15 59
15 151
15 222
16 97
16 163
16 324
16 359
16 232
16 393
16 267
16 148
16 222
16 281
16 26
16 299
17 51
17 487
17 104
17 41
17 138
17 103
17 108
17 494
17 435
17 342
17 314
17 284
18 448
18 43
18 228
18 485
18 327
18 203
18 45
18 176
18 49
18 276
18 214
18 27
19 291
19 327
19 200
19 202
19 176
19 498
19 372
19 414
19 473
19 282
19 330
19 158
20 34
20 168
20 426
20 77
20 400
20 433
20 372
20 118
20 441
20 315
20 412
21 65
21 99
21 168
21 45
21 177
21 291
21 436
21 58
21 159
21 250
21 190
21 191
22 162
22 231
22 83
22 396
22 445
22 146
22 339
22 439
22 313
22 282
22 26
23 417
23 263
23 271
23 206
23 79
23 144
23 433
23 338
23 406
23 441
23 155
23 317
24 385
24 423
24 275
24 299
24 367
24 208
24 273
24 210
24 467
24 431
24 207
24 95
25 416
25 289
25 130
25 36
25 166
25 236
25 81
25 164
25 27
25 61
26 144
26 34
26 66
26 358
26 461
26 303
26 87
26 281
26 187
26 350
27 149
27 162
27 485
27 199
27 429
27 494
27 49
27 110
27 479
28 481
28 355
28 69
28 390
28 488
28 169
28 203
28 264
28 499
28 57
28 123
28 62
29 193
29 229
29 455
29 43
29 205
29 142
29 175
29 49
29 210
29 436
29 279
30 132
30 294
30 394
30 237
30 174
30 335
30 80
30 51
30 148
30 473
30 340
30 220
31 417
31 166
31 39
31 296
31 330
31 465
31 211
31 149
31 182
31 408
31 189
31 286
32 97
32 195
32 262
32 136
32 323
32 396
32 461
32 147
32 277
32 152
32 415
33 353
33 147
33 161
33 456
33 489
33 139
33 242
33 142
33 449
33 83
33 149
33 439
34 387
34 198
34 423
34 426
34 174
34 403
34 375
34 248
34 254
34 415
35 416
35 226
35 231
35 170
35 211
35 212
35 343
35 152
35 244
35 442
35 221
36 256
36 257
36 155
36 292
36 423
36 424
36 143
36 80
36 244
36 283
36 251
37 321
37 363
37 196
37 165
37 423
37 151
37 376
37 260
37 167
37 231
38 228
38 392
38 437
38 108
38 498
38 301
38 496
38 178
38 149
38 55
38 312
38 383
39 197
39 485
39 325
39 252
39 203
39 191
39 247
39 248
39 412
39 383
40 416
40 288
40 99
40 329
40 499
40 208
40 274
40 115
40 436
40 90
40 474
40 159
41 416
41 99
41 261
41 137
41 493
41 367
41 83
41 182
41 63
41 476
41 319
42 417
42 260
42 460
42 172
42 78
42 207
42 275
42 437
42 215
42 410
42 443
43 65
43 68
43 326
43 200
43 491
43 396
43 173
43 440
43 58
43 159
44 355
44 199
44 328
44 362
44 460
44 141
44 79
44 304
44 254
44 280
44 94
45 192
45 389
45 490
45 402
45 494
45 216
45 116
45 184
45 106
45 341
46 192
46 97
46 195
46 179
46 198
46 263
46 73
46 106
46 403
46 115
46 315
46 189
47 336
47 454
47 232
47 425
47 333
47 399
47 368
47 72
47 83
47 346
47 186
48 256
48 68
48 264
48 169
48 138
48 301
48 272
48 437
48 201
48 219
48 126
48 469
49 352
49 65
49 260
49 97
49 461
49 173
49 368
49 369
49 346
50 290
50 262
50 391
50 124
50 258
50 300
50 370
50 434
50 498
50 310
50 252
50 285
51 480
51 257
51 163
51 388
51 489
51 171
51 143
51 370
51 116
51 85
52 320
52 278
52 232
52 145
52 118
52 247
52 88
52 153
52 250
52 319
52 479
53 395
53 196
53 136
53 137
53 330
53 331
53 464
53 264
53 467
53 276
53 215
53 445
54 470
54 167
54 108
54 109
54 467
54 275
54 84
54 406
54 375
54 180
54 475
54 380
55 164
55 188
55 202
55 75
55 239
55 84
55 119
55 324
55 348
55 95
56 400
56 226
56 99
56 197
56 487
56 296
56 329
56 139
56 204
56 80
56 176
56 156
57 96
57 105
57 140
57 109
57 398
57 175
57 407
57 218
57 475
57 414
57 383
58 257
58 420
58 454
58 359
58 328
58 129
58 120
58 83
58 216
58 124
59 224
59 441
59 354
59 102
59 491
59 460
59 205
59 180
59 471
59 244
60 386
60 419
60 68
60 284
60 403
60 317
60 400
60 305
60 147
60 380
60 445
60 383
61 165
61 360
61 73
61 74
61 428
61 338
61 437
61 151
61 346
61 94
62 96
62 228
62 421
62 488
62 138
62 428
62 398
62 241
62 245
62 345
62 63
63 64
63 481
63 163
63 111
63 144
63 448
63 318
63 412
63 220
64 293
64 168
64 236
64 270
64 209
64 114
64 334
64 438
64 375
64 250
64 222
65 130
65 211
65 392
65 178
65 115
65 184
65 186
65 446
66 384
66 438
66 457
66 109
66 238
66 272
66 182
66 361
66 281
66 282
67 289
67 164
67 357
67 178
67 462
67 367
67 496
67 82
67 309
67 440
67 79
67 469
68 368
68 290
68 328
68 78
68 303
68 113
68 142
68 184
68 442
69 96
69 258
69 133
69 361
69 171
69 290
69 408
69 439
69 197
69 287
70 164
70 229
70 423
70 138
70 273
70 116
70 279
70 122
70 252
70 221
70 94
71 256
71 384
71 322
71 389
71 199
71 284
71 238
71 377
71 345
71 219
71 348
72 98
72 323
72 133
72 104
72 202
72 302
72 259
72 399
72 463
72 444
73 171
73 494
73 367
73 147
73 212
73 373
73 91
73 94
73 255
74 160
74 320
74 133
74 134
74 362
74 464
74 185
74 153
74 426
74 318
74 485
75 228
75 102
75 359
75 203
75 364
75 269
75 291
75 116
75 342
75 221
76 379
76 422
76 209
76 351
76 270
76 255
76 241
76 274
76 249
76 410
76 187
76 383
77 384
77 354
77 165
77 266
77 491
77 141
77 206
77 495
77 90
77 283
77 124
78 220
78 336
78 241
78 435
78 147
78 374
78 343
78 282
78 316
78 382
79 353
79 418
79 330
79 258
79 366
79 305
79 372
79 380
80 192
80 195
80 328
80 394
80 268
80 158
80 408
80 228
80 330
81 321
81 133
81 97
81 424
81 233
81 247
81 268
81 82
81 239
81 498
81 87
82 194
82 166
82 328
82 494
82 111
82 131
82 238
82 311
82 411
82 181
83 163
83 102
83 433
83 337
83 451
83 316
83 348
84 135
84 393
84 202
84 171
84 175
84 435
84 280
84 89
84 283
84 126
85 226
85 453
85 243
85 493
85 463
85 373
85 86
85 87
85 123
85 476
86 352
86 480
86 386
86 327
86 297
86 305
86 180
86 380
86 156
86 479
87 137
87 106
87 141
87 125
87 178
87 473
87 95
87 413
87 213
88 288
88 257
88 168
88 489
88 173
88 174
88 237
88 408
88 473
88 91
88 223
89 480
89 224
89 450
89 483
89 201
89 397
89 372
89 309
89 472
89 473
89 91
90 225
90 387
90 425
90 428
90 434
90 104
90 306
90 408
90 121
90 415
91 258
91 294
91 201
91 428
91 434
91 179
91 265
91 186
92 193
92 162
92 347
92 292
92 119
92 112
92 465
92 375
92 154
92 283
92 478
93 384
93 353
93 195
93 196
93 135
93 174
93 209
93 451
93 116
93 406
93 153
93 445
94 161
94 132
94 265
94 404
94 470
94 183
94 313
94 367
95 291
95 422
95 199
95 362
95 376
95 340
95 406
95 318
95 231
96 358
96 134
96 104
96 363
96 108
96 368
96 373
96 249
96 447
97 483
97 423
97 105
97 401
97 311
97 315
97 253
98 400
98 259
98 363
98 334
98 399
98 496
98 200
98 368
98 347
98 223
99 290
99 291
99 374
99 236
99 408
99 438
99 349
99 478
100 226
100 485
100 358
100 455
100 139
100 494
100 241
100 307
100 436
100 250
100 445
101 128
101 112
101 194
101 291
101 423
101 298
101 172
101 208
101 243
101 148
101 216
101 126
102 322
102 155
102 228
102 327
102 305
102 117
102 127
102 420
102 447
103 224
103 384
103 230
103 422
103 107
103 110
103 244
103 494
103 443
103 317
103 319
104 256
104 453
104 457
104 253
104 405
104 407
104 186
105 481
105 359
105 428
105 272
105 242
105 373
105 345
105 159
105 348
105 319
106 288
106 448
106 267
106 207
106 175
106 120
106 475
106 479
107 497
107 138
107 108
107 141
107 335
107 273
107 439
107 344
107 281
107 189
108 418
108 324
108 392
108 300
108 340
108 317
109 384
109 460
109 171
109 204
109 335
109 243
109 377
109 251
109 191
110 232
110 460
110 173
110 302
110 245
110 310
110 376
110 281
110 314
111 450
111 422
111 336
111 177
111 441
111 472
111 377
111 378
111 184
111 414
112 480
112 289
112 483
112 359
112 457
112 128
112 167
112 300
112 376
112 218
113 226
113 451
113 142
113 393
113 267
113 334
113 337
113 467
113 468
113 213
113 231
114 294
114 455
114 201
114 461
114 463
114 304
114 181
114 220
114 349
114 382
115 291
115 204
115 139
115 492
115 365
115 150
115 474
115 283
115 190
116 451
116 388
116 233
116 398
116 341
116 253
116 414
117 128
117 355
117 459
117 335
117 240
117 338
117 451
117 444
117 477
117 350
117 383
118 130
118 420
118 423
118 329
118 271
118 340
118 297
118 409
118 222
118 479
119 448
119 224
119 420
119 135
119 140
119 369
119 212
119 309
119 280
119 412
120 352
120 278
120 358
120 264
120 146
120 402
120 275
120 150
120 380
120 383
121 188
121 235
121 333
121 493
121 429
121 172
121 278
121 184
121 217
121 442
121 124
122 290
122 458
122 437
122 439
122 153
122 378
122 315
122 285
122 234
122 426
123 288
123 482
123 200
123 460
123 300
123 243
123 278
123 472
123 313
123 474
124 227
124 454
124 488
124 439
124 145
124 437
124 441
124 149
125 320
125 450
125 235
125 172
125 399
125 344
125 498
125 308
125 247
125 184
125 382
126 288
126 304
126 258
126 179
126 278
126 441
126 447
126 253
126 182
127 421
127 295
127 188
127 234
127 462
127 366
127 441
127 281
127 220
127 426
128 418
128 163
128 198
128 392
128 139
128 269
128 143
128 340
128 203
129 195
129 169
129 494
129 271
129 496
129 275
129 174
129 438
129 185
129 495
130 135
130 425
130 468
130 209
130 180
130 249
130 312
130 186
130 282
131 291
131 165
131 268
131 266
131 172
131 334
131 489
131 329
131 364
131 346
131 223
132 419
132 196
132 357
132 395
132 343
132 248
132 228
132 379
132 316
133 352
133 449
133 483
133 423
133 188
133 455
133 431
133 476
134 162
134 165
134 297
134 226
134 338
134 405
134 170
134 248
134 252
134 381
135 165
135 264
135 330
135 367
135 499
135 349
135 410
135 319
136 448
136 417
136 482
136 450
136 365
136 409
136 443
136 188
136 254
136 287
137 393
137 457
137 145
137 487
137 401
137 465
137 243
137 376
137 347
138 321
138 419
138 198
138 392
138 430
138 314
138 476
139 228
139 455
139 394
139 491
139 452
139 467
139 377
140 244
140 326
140 430
140 466
140 148
140 438
140 153
140 411
140 350
141 160
141 459
141 486
141 358
141 340
141 471
142 258
142 173
142 206
142 431
142 211
142 309
142 151
142 284
143 388
143 393
143 362
143 429
143 334
143 333
143 471
143 219
143 298
144 327
144 265
144 235
144 173
144 429
144 210
144 152
144 155
144 220
145 195
145 261
145 395
145 240
145 245
145 472
145 410
145 277
146 288
146 246
146 291
146 453
146 295
146 338
146 237
146 274
146 185
146 381
147 388
147 486
147 262
147 394
147 239
147 181
147 250
148 448
148 294
148 198
148 494
148 463
148 342
148 442
148 413
149 451
149 164
149 174
149 272
149 404
149 206
149 254
150 385
150 387
150 388
150 362
150 427
150 269
150 213
150 214
150 283
151 263
151 361
151 471
151 240
151 468
151 247
151 185
152 481
152 390
152 321
152 364
152 429
152 182
152 253
152 223
153 161
153 302
153 433
153 211
153 441
153 190
154 416
154 192
154 387
154 171
154 269
154 174
154 178
154 469
154 439
154 286
155 321
155 450
155 236
155 240
155 469
155 278
155 286
156 497
156 394
156 402
156 344
156 249
156 411
156 216
156 254
156 319
157 224
157 355
157 259
157 169
157 468
157 269
157 174
157 403
157 180
157 312
157 281
157 351
158 162
158 291
158 284
158 234
158 491
158 483
158 227
158 343
158 283
158 348
159 304
159 235
159 397
159 432
159 180
159 446
159 447
160 288
160 357
160 263
160 204
160 398
160 495
160 209
160 216
160 378
160 190
161 197
161 481
161 492
161 312
161 370
161 478
161 439
161 408
161 351
162 487
162 238
162 398
162 334
162 375
162 408
162 409
163 188
163 203
163 334
163 175
163 218
163 476
164 417
164 423
164 233
164 267
164 435
164 372
164 283
165 322
165 422
165 266
165 299
165 460
165 418
166 352
166 329
166 302
166 371
166 340
166 470
166 248
166 410
166 442
167 203
167 356
167 262
167 491
167 366
167 181
167 184
167 316
168 289
168 458
168 176
168 275
168 436
168 345
168 437
169 456
169 170
169 305
169 179
169 475
169 234
169 190
170 420
170 456
170 201
170 222
170 341
170 438
170 250
170 382
171 322
171 391
171 233
171 339
171 279
171 251
172 194
172 229
172 392
172 469
172 470
172 287
172 309
173 406
173 300
173 397
173 207
173 211
173 310
174 233
174 418
174 307
174 278
175 353
175 276
175 235
175 300
175 212
176 290
176 262
176 238
176 360
176 245
176 215
176 314
176 349
177 482
177 379
177 322
177 271
177 434
177 275
177 479
177 348
177 285
177 341
178 417
178 194
178 390
178 208
178 189
179 481
179 482
179 387
179 261
179 466
179 191
180 352
180 258
180 205
180 372
180 234
181 289
181 262
181 491
181 398
181 271
181 370
181 471
182 256
182 258
182 302
182 450
182 403
182 442
182 475
183 356
183 228
183 369
183 265
183 241
183 364
183 401
183 274
183 309
183 313
183 229
184 397
184 270
184 463
184 307
184 214
185 480
185 388
185 359
185 269
185 435
185 308
185 280
185 426
186 194
186 356
186 263
186 232
186 464
186 475
186 318
187 321
187 227
187 229
187 390
187 397
187 306
187 341
187 342
187 344
188 491
188 204
188 429
188 277
188 285
189 299
189 399
189 496
189 337
189 346
189 379
189 316
189 477
190 483
190 263
190 425
190 344
190 345
191 424
191 362
191 342
191 343
191 473
191 410
191 379
191 317
192 386
192 260
192 231
192 488
192 457
192 462
192 272
192 280
193 389
193 231
193 328
193 329
193 236
193 306
193 435
193 476
193 414
194 227
194 423
194 396
194 242
194 461
194 246
194 351
195 234
195 498
195 398
195 239
195 306
195 302
196 354
196 262
196 237
196 273
196 407
196 410
196 444
197 482
197 489
197 239
197 400
197 276
197 378
197 317
197 446
198 488
198 332
198 215
198 474
198 346
198 413
198 318
199 331
199 223
199 287
199 245
199 438
199 430
199 318
199 447
200 259
200 232
200 269
200 495
200 466
200 443
200 222
200 447
201 329
201 492
201 274
201 367
201 401
201 375
201 476
202 321
202 262
202 275
202 205
202 497
202 438
202 255
202 287
203 294
203 273
203 323
203 410
204 225
204 452
204 421
204 333
204 247
204 217
204 453
205 388
205 486
205 326
205 489
205 440
205 252
205 234
205 318
206 290
206 451
206 435
206 242
206 227
206 248
206 443
207 388
207 425
207 431
207 338
207 404
207 484
207 218
208 353
208 227
208 325
208 236
208 490
208 331
208 396
208 309
209 321
209 420
209 297
209 395
209 210
209 467
209 233
210 320
210 259
210 465
210 393
210 295
210 464
210 442
210 351
211 292
211 432
211 497
211 467
211 355
212 416
212 450
212 452
212 428
212 314
213 310
213 422
213 239
213 373
213 278
213 345
213 399
213 390
214 323
214 421
214 488
214 396
214 301
214 334
214 497
214 280
214 348
215 448
215 259
215 296
215 273
215 466
215 404
215 234
215 394
216 412
216 264
216 329
216 365
216 472
216 411
216 284
217 259
217 484
217 380
217 400
217 337
217 371
217 283
217 251
217 252
217 415
218 387
218 261
218 483
218 367
218 370
218 246
218 319
219 449
219 420
219 391
219 435
219 369
219 242
219 499
219 311
219 335
220 352
220 233
220 275
220 308
220 457
220 479
221 357
221 275
221 427
221 365
221 328
221 309
221 247
221 222
222 272
222 369
222 242
222 410
222 239
223 485
223 487
223 371
223 276
223 279
223 382
223 453
224 261
224 422
224 307
224 237
224 467
224 279
225 379
225 431
225 336
225 303
225 498
225 339
225 276
225 315
225 413
225 254
226 227
226 392
226 400
226 337
226 246
226 348
227 421
227 243
227 246
227 251
228 298
228 442
229 320
229 363
229 335
229 308
229 312
229 276
229 255
230 352
230 321
230 388
230 361
230 236
230 430
230 436
230 268
230 343
230 376
230 250
231 296
231 458
231 336
231 369
231 313
232 325
232 391
232 366
232 240
232 302
232 372
233 481
233 364
233 272
233 260
233 350
234 264
234 271
234 243
234 245
235 386
235 269
235 465
235 378
235 381
236 448
236 353
236 261
236 359
236 491
237 288
237 342
237 296
237 446
237 438
237 314
238 240
238 387
238 327
238 277
238 247
238 280
238 409
239 326
239 394
239 366
239 426
240 263
240 269
240 464
240 341
240 475
240 350
241 289
241 323
241 355
241 365
241 271
241 339
241 406
242 387
242 485
242 317
242 467
242 406
242 477
243 368
243 468
243 375
243 314
244 256
244 354
244 390
244 307
244 323
244 356
244 378
245 358
245 297
245 266
245 331
245 466
245 274
246 360
246 354
246 405
246 407
246 408
246 345
246 315
247 488
247 336
247 251
247 476
248 290
248 486
248 277
248 409
248 411
248 253
249 416
249 265
249 401
249 371
249 332
249 473
249 411
249 285
250 385
250 323
250 296
250 472
250 318
251 448
251 259
251 360
251 499
251 341
251 445
252 418
252 293
252 284
252 363
252 332
252 365
253 256
253 408
253 337
253 419
254 278
254 425
254 438
254 410
254 476
254 446
255 451
255 456
255 459
255 492
255 304
255 404
255 317
256 326
256 401
256 344
256 475
257 320
257 391
257 264
257 393
257 362
257 431
257 310
257 279
258 482
258 366
258 463
258 318
259 347
259 361
259 402
259 407
260 487
260 433
260 276
260 411
260 476
260 286
260 351
261 389
261 330
261 430
261 338
261 283
261 421
262 352
262 354
262 428
262 492
263 416
263 423
263 491
263 429
263 305
264 448
264 331
264 471
264 446
265 320
265 323
265 428
265 402
265 316
265 445
266 487
266 392
266 270
266 273
266 437
266 443
266 357
267 417
267 419
267 401
267 494
267 373
267 471
267 280
267 319
268 325
268 295
268 305
268 433
268 308
268 377
268 395
268 319
269 398
269 495
269 466
270 384
270 484
270 358
270 391
270 402
270 405
270 374
271 374
271 489
271 365
271 286
271 350
272 416
272 452
272 414
272 447
273 389
273 308
273 342
273 477
273 350
274 359
274 392
274 338
274 304
274 360
275 420
275 324
276 459
276 493
276 369
276 415
277 390
277 328
277 464
277 311
277 347
277 412
277 447
278 323
278 452
279 390
279 371
279 479
279 343
279 443
280 394
280 474
280 446
281 356
281 486
281 424
281 402
281 471
282 419
282 390
282 335
282 304
282 450
282 431
282 349
283 480
283 301
284 444
284 371
284 343
284 431
284 479
285 452
285 361
285 472
285 413
285 478
285 351
286 418
286 326
286 488
286 403
286 375
287 483
287 492
287 366
287 467
287 341
287 458
287 389
288 385
288 434
288 405
288 344
289 464
289 405
289 406
289 439
289 317
289 350
290 477
290 465
290 472
290 478
291 458
291 475
292 419
292 454
292 298
292 462
292 434
292 412
292 445
293 481
293 354
293 300
293 397
293 429
293 336
293 497
293 436
293 480
293 376
294 384
294 449
294 455
294 359
294 328
294 300
294 304
295 325
295 430
295 397
295 366
295 313
295 379
295 412
296 322
296 392
296 366
296 338
296 438
297 448
297 418
297 419
297 459
297 377
297 476
297 415
298 483
298 424
298 394
298 305
298 499
298 343
298 315
298 383
299 320
299 400
299 433
299 371
299 374
300 366
300 406
300 421
301 321
301 430
301 498
301 372
301 398
301 375
301 309
302 454
302 490
302 460
302 495
302 479
303 480
303 323
303 424
303 306
303 468
303 374
303 314
303 347
304 418
304 420
304 444
305 336
305 329
305 312
306 453
306 390
306 458
306 433
306 377
306 335
306 350
307 387
307 453
307 424
307 399
307 309
307 441
307 474
308 354
308 492
308 333
308 349
308 404
308 421
309 327
309 499
310 481
310 484
310 389
310 463
310 437
310 313
310 449
311 396
311 457
311 332
311 341
311 343
311 314
311 411
311 378
312 324
312 455
312 459
312 332
312 388
312 347
313 374
313 486
313 462
313 436
313 406
314 424
314 381
314 446
315 456
315 491
315 335
315 443
315 378
316 451
316 458
316 429
316 434
316 405
316 383
317 357
317 485
317 434
318 329
318 463
318 383
319 419
319 415
320 483
320 377
320 415
321 430
321 464
322 340
322 427
322 368
322 436
322 409
322 474
323 335
324 327
324 391
324 432
324 337
324 434
324 373
324 474
325 354
325 458
325 496
325 402
325 371
325 470
325 478
326 416
326 333
326 368
326 400
326 406
326 383
327 386
327 385
327 328
327 464
328 389
328 424
329 419
329 457
330 496
330 387
330 394
330 439
330 412
331 385
331 465
331 468
331 440
331 345
331 405
332 354
332 357
332 428
332 339
332 346
332 443
333 487
333 491
333 396
333 367
333 444
334 452
334 486
334 427
334 337
335 434
335 461
336 432
336 346
336 447
337 480
337 458
337 340
338 386
338 400
338 358
339 456
339 477
339 405
339 377
339 346
339 445
339 478
340 356
340 397
340 409
341 471
341 363
341 470
342 482
342 356
342 461
342 404
342 381
343 462
343 474
344 459
344 463
344 368
344 474
345 361
345 377
345 476
345 349
346 391
346 365
346 436
347 480
347 397
347 432
347 468
347 374
348 422
348 398
348 350
348 411
349 354
349 432
349 443
349 414
350 389
350 424
351 482
351 426
351 466
351 383
352 496
352 436
352 381
353 355
353 362
353 459
353 467
353 411
353 458
354 389
355 385
355 484
355 364
355 402
355 373
356 450
356 359
356 407
356 473
357 361
357 432
357 414
357 431
357 382
358 453
358 459
358 460
358 379
359 493
359 413
360 493
360 495
360 369
360 372
360 437
361 461
361 483
361 435
361 473
362 421
362 397
362 379
362 477
363 481
363 420
363 399
363 415
363 382
364 485
364 376
364 402
364 469
364 381
365 497
365 426
365 455
365 469
366 450
366 376
367 431
367 409
367 382
368 484
368 421
368 445
369 424
369 469
370 454
370 489
370 490
370 395
370 403
370 447
371 490
371 429
371 440
371 444
372 427
372 493
373 433
373 451
373 478
374 449
374 440
374 470
374 472
375 480
375 499
375 497
376 421
376 422
376 425
377 481
377 462
378 391
378 395
378 432
379 453
379 435
379 444
380 387
380 425
380 460
380 398
380 399
380 478
381 418
381 451
381 441
381 477
381 446
382 418
382 395
382 482
382 445
384 388
384 398
384 495
384 499
385 417
385 485
385 445
385 437
385 442
386 393
386 394
386 433
386 434
386 468
386 413
387 435
388 490
389 450
389 411
390 422
390 497
391 489
391 470
392 484
392 470
393 484
393 495
394 464
395 452
395 465
395 470
395 444
396 494
396 493
396 441
396 444
397 438
397 414
399 485
399 424
399 409
400 440
401 422
401 461
401 493
401 499
401 468
402 456
402 428
403 419
403 459
403 474
403 477
403 479
404 449
404 492
404 440
405 410
406 462
407 449
407 473
407 456
407 426
407 467
407 447
408 435
408 412
409 427
409 462
410 449
411 433
412 464
412 452
413 452
413 495
413 436
413 442
413 446
414 461
414 431
415 416
415 457
415 444
416 498
417 450
417 493
417 478
418 484
419 456
420 463
420 495
421 430
422 486
425 488
425 429
425 499
425 471
426 473
426 474
427 454
427 490
427 493
427 465
428 484
429 454
430 462
430 485
430 455
432 456
432 466
432 452
433 465
434 488
439 469
440 484
440 463
440 477
440 478
441 482
442 462
443 449
443 497
444 464
446 454
447 492
448 472
449 456
449 492
451 496
452 459
453 475
453 486
453 490
454 487
454 496
455 468
455 478
456 461
457 482
457 486
458 473
458 479
459 486
460 470
462 487
463 488
465 490
466 482
466 490
466 469
466 475
469 477
470 496
471 497
472 492
472 493
475 499
477 498
480 486
487 490
489 498
489 497
0 500
0 501
0 502
0 503
0 504
0 505
0 506
0 507
1 508
1 509
1 510
1 511
1 512
1 513
1 514
1 515
2 516
2 517
2 518
2 519
2 520
2 521
2 522
2 523
3 524
3 525
3 526
3 527
3 528
3 529
3 530
3 531
4 532
4 533
4 534
4 535
4 536
4 537
4 538
4 539
5 540
5 541
5 542
5 543
5 544
5 545
5 546
5 547
6 548
6 549
6 550
6 551
6 552
6 553
6 554
6 555
7 556
7 557
7 558
7 559
7 560
7 561
7 562
7 563
8 564
8 565
8 566
8 567
8 568
8 569
8 570
8 571
9 572
9 573
9 574
9 575
9 576
9 577
9 578
9 579
10 580
10 581
10 582
10 583
10 584
10 585
10 586
10 587
11 588
11 589
11 590
11 591
11 592
11 593
11 594
11 595
12 596
12 597
12 598
12 599
12 600
12 601
12 602
12 603
13 604
13 605
13 606
13 607
13 608
13 609
13 610
13 611
14 612
14 613
14 614
14 615
14 616
14 617
14 618
14 619
15 620
15 621
15 622
15 623
15 624
15 625
15 626
15 627
16 628
16 629
16 630
16 631
16 632
16 633
16 634
16 635
17 636
17 637
17 638
17 639
17 640
17 641
17 642
17 643
18 644
18 645
18 646
18 647
18 648
18 649
18 650
18 651
19 652
19 653
19 654
19 655
19 656
19 657
19 658
19 659
20 660
20 661
20 662
20 663
20 664
20 665
20 666
20 667
21 668
21 669
21 670
21 671
21 672
21 673
21 674
21 675
22 676
22 677
22 678
22 679
22 680
22 681
22 682
22 683
23 684
23 685
23 686
23 687
23 688
23 689
23 690
23 691
24 692
24 693
24 694
24 695
24 696
24 697
24 698
24 699
25 700
25 701
25 702
25 703
25 704
25 705
25 706
25 707
26 708
26 709
26 710
26 711
26 712
26 713
26 714
26 715
27 716
27 717
27 718
27 719
27 720
27 721
27 722
27 723
28 724
28 725
28 726
28 727
28 728
28 729
28 730
28 731
29 732
29 733
29 734
29 735
29 736
29 737
29 738
29 739
30 740
30 741
30 742
30 743
30 744
30 745
30 746
30 747
31 748
31 749
31 750
31 751
31 752
31 753
31 754
31 755
32 756
32 757
32 758
32 759
32 760
32 761
32 762
32 763
33 764
33 765
33 766
33 767
33 768
33 769
33 770
33 771
34 772
34 773
34 774
34 775
34 776
34 777
34 778
34 779
35 780
35 781
35 782
35 783
35 784
35 785
35 786
35 787
36 788
36 789
36 790
36 791
36 792
36 793
36 794
36 795
37 796
37 797
37 798
37 799
37 800
37 801
37 802
37 803
38 804
38 805
38 806
38 807
38 808
38 809
38 810
38 811
39 812
39 813
39 814
39 815
39 816
39 817
39 818
39 819
40 820
40 821
40 822
40 823
40 824
40 825
40 826
40 827
41 828
41 829
41 830
41 831
41 832
41 833
41 834
41 835
42 836
42 837
42 838
42 839
42 840
42 841
42 842
42 843
43 844
43 845
43 846
43 847
43 848
43 849
43 850
43 851
44 852
44 853
44 854
44 855
44 856
44 857
44 858
44 859
45 860
45 861
45 862
45 863
45 864
45 865
45 866
45 867
46 868
46 869
46 870
46 871
46 872
46 873
46 874
46 875
47 876
47 877
47 878
47 879
47 880
47 881
47 882
47 883
48 884
48 885
48 886
48 887
48 888
48 889
48 890
48 891
49 892
49 893
49 894
49 895
49 896
49 897
49 898
49 899
50 900
50 901
50 902
50 903
50 904
50 905
50 906
50 907
51 908
51 909
51 910
51 911
51 912
51 913
51 914
51 915
52 916
52 917
52 918
52 919
52 920
52 921
52 922
52 923
53 924
53 925
53 926
53 927
53 928
53 929
53 930
53 931
54 932
54 933
54 934
54 935
54 936
54 937
54 938
54 939
55 940
55 941
55 942
55 943
55 944
55 945
55 946
55 947
56 948
56 949
56 950
56 951
56 952
56 953
56 954
56 955
57 956
57 957
57 958
57 959
57 960
57 961
57 962
57 963
58 964
58 965
58 966
58 967
58 968
58 969
58 970
58 971
59 972
59 973
59 974
59 975
59 976
59 977
59 978
59 979
60 980
60 981
60 982
60 983
60 984
60 985
60 986
60 987
61 988
61 989
61 990
61 991
61 992
61 993
61 994
61 995
62 996
62 997
62 998
62 999
62 1000
62 1001
62 1002
62 1003
63 1004
63 1005
63 1006
63 1007
63 1008
63 1009
63 1010
63 1011
64 1012
64 1013
64 1014
64 1015
64 1016
64 1017
64 1018
64 1019
65 1020
65 1021
65 1022
65 1023
65 1024
65 1025
65 1026
65 1027
66 1028
66 1029
66 1030
66 1031
66 1032
66 1033
66 1034
66 1035
67 1036
67 1037
67 1038
67 1039
67 1040
67 1041
67 1042
67 1043
68 1044
68 1045
68 1046
68 1047
68 1048
68 1049
68 1050
68 1051
69 1052
69 1053
69 1054
69 1055
69 1056
69 1057
69 1058
69 1059
70 1060
70 1061
70 1062
70 1063
70 1064
70 1065
70 1066
70 1067
71 1068
71 1069
71 1070
71 1071
71 1072
71 1073
71 1074
71 1075
72 1076
72 1077
72 1078
72 1079
72 1080
72 1081
72 1082
72 1083
73 1084
73 1085
73 1086
73 1087
73 1088
73 1089
73 1090
73 1091
74 1092
74 1093
74 1094
74 1095
74 1096
74 1097
74 1098
74 1099
75 1100
75 1101
75 1102
75 1103
75 1104
75 1105
75 1106
75 1107
76 1108
76 1109
76 1110
76 1111
76 1112
76 1113
76 1114
76 1115
77 1116
77 1117
77 1118
77 1119
77 1120
77 1121
77 1122
77 1123
78 1124
78 1125
78 1126
78 1127
78 1128
78 1129
78 1130
78 1131
79 1132
79 1133
79 1134
79 1135
79 1136
79 1137
79 1138
79 1139
80 1140
80 1141
80 1142
80 1143
80 1144
80 1145
80 1146
80 1147
81 1148
81 1149
81 1150
81 1151
81 1152
81 1153
81 1154
81 1155
82 1156
82 1157
82 1158
82 1159
82 1160
82 1161
82 1162
82 1163
83 1164
83 1165
83 1166
83 1167
83 1168
83 1169
83 1170
83 1171
84 1172
84 1173
84 1174
84 1175
84 1176
84 1177
84 1178
84 1179
85 1180
85 1181
85 1182
85 1183
85 1184
85 1185
85 1186
85 1187
86 1188
86 1189
86 1190
86 1191
86 1192
86 1193
86 1194
86 1195
87 1196
87 1197
87 1198
87 1199
87 1200
87 1201
87 1202
87 1203
88 1204
88 1205
88 1206
88 1207
88 1208
88 1209
88 1210
88 1211
89 1212
89 1213
89 1214
89 1215
89 1216
89 1217
89 1218
89 1219
90 1220
90 1221
90 1222
90 1223
90 1224
90 1225
90 1226
90 1227
91 1228
91 1229
91 1230
91 1231
91 1232
91 1233
91 1234
91 1235
92 1236
92 1237
92 1238
92 1239
92 1240
92 1241
92 1242
92 1243
93 1244
93 1245
93 1246
93 1247
93 1248
93 1249
93 1250
93 1251
94 1252
94 1253
94 1254
94 1255
94 1256
94 1257
94 1258
94 1259
95 1260
95 1261
95 1262
95 1263
95 1264
95 1265
95 1266
95 1267
96 1268
96 1269
96 1270
96 1271
96 1272
96 1273
96 1274
96 1275
97 1276
97 1277
97 1278
97 1279
97 1280
97 1281
97 1282
97 1283
98 1284
98 1285
98 1286
98 1287
98 1288
98 1289
98 1290
98 1291
99 1292
99 1293
99 1294
99 1295
99 1296
99 1297
99 1298
99 1299
100 1300
100 1301
100 1302
100 1303
100 1304
100 1305
100 1306
100 1307
101 1308
101 1309
101 1310
101 1311
101 1312
101 1313
101 1314
101 1315
102 1316
102 1317
102 1318
102 1319
102 1320
102 1321
102 1322
102 1323
103 1324
103 1325
103 1326
103 1327
103 1328
103 1329
103 1330
103 1331
104 1332
104 1333
104 1334
104 1335
104 1336
104 1337
104 1338
104 1339
105 1340
105 1341
105 1342
105 1343
105 1344
105 1345
105 1346
105 1347
106 1348
106 1349
106 1350
106 1351
106 1352
106 1353
106 1354
106 1355
107 1356
107 1357
107 1358
107 1359
107 1360
107 1361
107 1362
107 1363
108 1364
108 1365
108 1366
108 1367
108 1368
108 1369
108 1370
108 1371
109 1372
109 1373
109 1374
109 1375
109 1376
109 1377
109 1378
109 1379
110 1380
110 1381
110 1382
110 1383
110 1384
110 1385
110 1386
110 1387
111 1388
111 1389
111 1390
111 1391
111 1392
111 1393
111 1394
111 1395
112 1396
112 1397
112 1398
112 1399
112 1400
112 1401
112 1402
112 1403
113 1404
113 1405
113 1406
113 1407
113 1408
113 1409
113 1410
113 1411
114 1412
114 1413
114 1414
114 1415
114 1416
114 1417
114 1418
114 1419
115 1420
115 1421
115 1422
115 1423
115 1424
115 1425
115 1426
115 1427
116 1428
116 1429
116 1430
116 1431
116 1432
116 1433
116 1434
116 1435
117 1436
117 1437
117 1438
117 1439
117 1440
117 1441
117 1442
117 1443
118 1444
118 1445
118 1446
118 1447
118 1448
118 1449
118 1450
118 1451
119 1452
119 1453
119 1454
119 1455
119 1456
119 1457
119 1458
119 1459
120 1460
120 1461
120 1462
120 1463
120 1464
120 1465
120 1466
120 1467
121 1468
121 1469
121 1470
121 1471
121 1472
121 1473
121 1474
121 1475
122 1476
122 1477
122 1478
122 1479
122 1480
122 1481
122 1482
122 1483
123 1484
123 1485
123 1486
123 1487
123 1488
123 1489
123 1490
123 1491
124 1492
124 1493
124 1494
124 1495
124 1496
124 1497
124 1498
124 1499
125 1500
125 1501
125 1502
125 1503
125 1504
125 1505
125 1506
125 1507
126 1508
126 1509
126 1510
126 1511
126 1512
126 1513
126 1514
126 1515
127 1516
127 1517
127 1518
127 1519
127 1520
127 1521
127 1522
127 1523
128 1524
128 1525
128 1526
128 1527
128 1528
128 1529
128 1530
128 1531
129 1532
129 1533
129 1534
129 1535
129 1536
129 1537
129 1538
129 1539
130 1540
130 1541
130 1542
130 1543
130 1544
130 1545
130 1546
130 1547
131 1548
131 1549
131 1550
131 1551
131 1552
131 1553
131 1554
131 1555
132 1556
132 1557
132 1558
132 1559
132 1560
132 1561
132 1562
132 1563
133 1564
133 1565
133 1566
133 1567
133 1568
133 1569
133 1570
133 1571
134 1572
134 1573
134 1574
134 1575
134 1576
134 1577
134 1578
134 1579
135 1580
135 1581
135 1582
135 1583
135 1584
135 1585
135 1586
135 1587
136 1588
136 1589
136 1590
136 1591
136 1592
136 1593
136 1594
136 1595
137 1596
137 1597
137 1598
137 1599
137 1600
137 1601
137 1602
137 1603
138 1604
138 1605
138 1606
138 1607
138 1608
138 1609
138 1610
138 1611
139 1612
139 1613
139 1614
139 1615
139 1616
139 1617
139 1618
139 1619
140 1620
140 1621
140 1622
140 1623
140 1624
140 1625
140 1626
140 1627
141 1628
141 1629
141 1630
141 1631
141 1632
141 1633
141 1634
141 1635
142 1636
142 1637
142 1638
142 1639
142 1640
142 1641
142 1642
142 1643
143 1644
143 1645
143 1646
143 1647
143 1648
143 1649
143 1650
143 1651
144 1652
144 1653
144 1654
144 1655
144 1656
144 1657
144 1658
144 1659
145 1660
145 1661
145 1662
145 1663
145 1664
145 1665
145 1666
145 1667
146 1668
146 1669
146 1670
146 1671
146 1672
146 1673
146 1674
146 1675
147 1676
147 1677
147 1678
147 1679
147 1680
147 1681
147 1682
147 1683
148 1684
148 1685
148 1686
148 1687
148 1688
148 1689
148 1690
148 1691
149 1692
149 1693
149 1694
149 1695
149 1696
149 1697
149 1698
149 1699
150 1700
150 1701
150 1702
150 1703
150 1704
150 1705
150 1706
150 1707
151 1708
151 1709
151 1710
151 1711
151 1712
151 1713
151 1714
151 1715
152 1716
152 1717
152 1718
152 1719
152 1720
152 1721
152 1722
152 1723
153 1724
153 1725
153 1726
153 1727
153 1728
153 1729
153 1730
153 1731
154 1732
154 1733
154 1734
154 1735
154 1736
154 1737
154 1738
154 1739
155 1740
155 1741
155 1742
155 1743
155 1744
155 1745
155 1746
155 1747
156 1748
156 1749
156 1750
156 1751
156 1752
156 1753
156 1754
156 1755
157 1756
157 1757
157 1758
157 1759
157 1760
157 1761
157 1762
157 1763
158 1764
158 1765
158 1766
158 1767
158 1768
158 1769
158 1770
158 1771
159 1772
159 1773
159 1774
159 1775
159 1776
159 1777
159 1778
159 1779
160 1780
160 1781
160 1782
160 1783
160 1784
160 1785
160 1786
160 1787
161 1788
161 1789
161 1790
161 1791
161 1792
161 1793
161 1794
161 1795
162 1796
162 1797
162 1798
162 1799
162 1800
162 1801
162 1802
162 1803
163 1804
163 1805
163 1806
163 1807
163 1808
163 1809
163 1810
163 1811
164 1812
164 1813
164 1814
164 1815
164 1816
164 1817
164 1818
164 1819
165 1820
165 1821
165 1822
165 1823
165 1824
165 1825
165 1826
165 1827
166 1828
166 1829
166 1830
166 1831
166 1832
166 1833
166 1834
166 1835
167 1836
167 1837
167 1838
167 1839
167 1840
167 1841
167 1842
167 1843
168 1844
168 1845
168 1846
168 1847
168 1848
168 1849
168 1850
168 1851
169 1852
169 1853
169 1854
169 1855
169 1856
169 1857
169 1858
169 1859
170 1860
170 1861
170 1862
170 1863
170 1864
170 1865
170 1866
170 1867
171 1868
171 1869
171 1870
171 1871
171 1872
171 1873
171 1874
171 1875
172 1876
172 1877
172 1878
172 1879
172 1880
172 1881
172 1882
172 1883
173 1884
173 1885
173 1886
173 1887
173 1888
173 1889
173 1890
173 1891
174 1892
174 1893
174 1894
174 1895
174 1896
174 1897
174 1898
174 1899
175 1900
175 1901
175 1902
175 1903
175 1904
175 1905
175 1906
175 1907
176 1908
176 1909
176 1910
176 1911
176 1912
176 1913
176 1914
176 1915
177 1916
177 1917
177 1918
177 1919
177 1920
177 1921
177 1922
177 1923
178 1924
178 1925
178 1926
178 1927
178 1928
178 1929
178 1930
178 1931
179 1932
179 1933
179 1934
179 1935
179 1936
179 1937
179 1938
179 1939
180 1940
180 1941
180 1942
180 1943
180 1944
180 1945
180 1946
180 1947
181 1948
181 1949
181 1950
181 1951
181 1952
181 1953
181 1954
181 1955
182 1956
182 1957
182 1958
182 1959
182 1960
182 1961
182 1962
182 1963
183 1964
183 1965
183 1966
183 1967
183 1968
183 1969
183 1970
183 1971
184 1972
184 1973
184 1974
184 1975
184 1976
184 1977
184 1978
184 1979
185 1980
185 1981
185 1982
185 1983
185 1984
185 1985
185 1986
185 1987
186 1988
186 1989
186 1990
186 1991
186 1992
186 1993
186 1994
186 1995
187 1996
187 1997
187 1998
187 1999
187 2000
187 2001
187 2002
187 2003
188 2004
188 2005
188 2006
188 2007
188 2008
188 2009
188 2010
188 2011
189 2012
189 2013
189 2014
189 2015
189 2016
189 2017
189 2018
189 2019
190 2020
190 2021
190 2022
190 2023
190 2024
190 2025
190 2026
190 2027
191 2028
191 2029
191 2030
191 2031
191 2032
191 2033
191 2034
191 2035
192 2036
192 2037
192 2038
192 2039
192 2040
192 2041
192 2042
192 2043
193 2044
193 2045
193 2046
193 2047
193 2048
193 2049
193 2050
193 2051
194 2052
194 2053
194 2054
194 2055
194 2056
194 2057
194 2058
194 2059
195 2060
195 2061
195 2062
195 2063
195 2064
195 2065
195 2066
195 2067
196 2068
196 2069
196 2070
196 2071
196 2072
196 2073
196 2074
196 2075
197 2076
197 2077
197 2078
197 2079
197 2080
197 2081
197 2082
197 2083
198 2084
198 2085
198 2086
198 2087
198 2088
198 2089
198 2090
198 2091
199 2092
199 2093
199 2094
199 2095
199 2096
199 2097
199 2098
199 2099
200 2100
200 2101
200 2102
200 2103
200 2104
200 2105
200 2106
200 2107
201 2108
201 2109
201 2110
201 2111
201 2112
201 2113
201 2114
201 2115
202 2116
202 2117
202 2118
202 2119
202 2120
202 2121
202 2122
202 2123
203 2124
203 2125
203 2126
203 2127
203 2128
203 2129
203 2130
203 2131
204 2132
204 2133
204 2134
204 2135
204 2136
204 2137
204 2138
204 2139
205 2140
205 2141
205 2142
205 2143
205 2144
205 2145
205 2146
205 2147
206 2148
206 2149
206 2150
206 2151
206 2152
206 2153
206 2154
206 2155
207 2156
207 2157
207 2158
207 2159
207 2160
207 2161
207 2162
207 2163
208 2164
208 2165
208 2166
208 2167
208 2168
208 2169
208 2170
208 2171
209 2172
209 2173
209 2174
209 2175
209 2176
209 2177
209 2178
209 2179
210 2180
210 2181
210 2182
210 2183
210 2184
210 2185
210 2186
210 2187
211 2188
211 2189
211 2190
211 2191
211 2192
211 2193
211 2194
211 2195
212 2196
212 2197
212 2198
212 2199
212 2200
212 2201
212 2202
212 2203
213 2204
213 2205
213 2206
213 2207
213 2208
213 2209
213 2210
213 2211
214 2212
214 2213
214 2214
214 2215
214 2216
214 2217
214 2218
214 2219
215 2220
215 2221
215 2222
215 2223
215 2224
215 2225
215 2226
215 2227
216 2228
216 2229
216 2230
216 2231
216 2232
216 2233
216 2234
216 2235
217 2236
217 2237
217 2238
217 2239
217 2240
217 2241
217 2242
217 2243
218 2244
218 2245
218 2246
218 2247
218 2248
218 2249
218 2250
218 2251
219 2252
219 2253
219 2254
219 2255
219 2256
219 2257
219 2258
219 2259
220 2260
220 2261
220 2262
220 2263
220 2264
220 2265
220 2266
220 2267
221 2268
221 2269
221 2270
221 2271
221 2272
221 2273
221 2274
221 2275
222 2276
222 2277
222 2278
222 2279
222 2280
222 2281
222 2282
222 2283
223 2284
223 2285
223 2286
223 2287
223 2288
223 2289
223 2290
223 2291
224 2292
224 2293
224 2294
224 2295
224 2296
224 2297
224 2298
224 2299
225 2300
225 2301
225 2302
225 2303
225 2304
225 2305
225 2306
225 2307
226 2308
226 2309
226 2310
226 2311
226 2312
226 2313
226 2314
226 2315
227 2316
227 2317
227 2318
227 2319
227 2320
227 2321
227 2322
227 2323
228 2324
228 2325
228 2326
228 2327
228 2328
228 2329
228 2330
228 2331
229 2332
229 2333
229 2334
229 2335
229 2336
229 2337
229 2338
229 2339
230 2340
230 2341
230 2342
230 2343
230 2344
230 2345
230 2346
230 2347
231 2348
231 2349
231 2350
231 2351
231 2352
231 2353
231 2354
231 2355
232 2356
232 2357
232 2358
232 2359
232 2360
232 2361
232 2362
232 2363
233 2364
233 2365
233 2366
233 2367
233 2368
233 2369
233 2370
233 2371
234 2372
234 2373
234 2374
234 2375
234 2376
234 2377
234 2378
234 2379
235 2380
235 2381
235 2382
235 2383
235 2384
235 2385
235 2386
235 2387
236 2388
236 2389
236 2390
236 2391
236 2392
236 2393
236 2394
236 2395
237 2396
237 2397
237 2398
237 2399
237 2400
237 2401
237 2402
237 2403
238 2404
238 2405
238 2406
238 2407
238 2408
238 2409
238 2410
238 2411
239 2412
239 2413
239 2414
239 2415
239 2416
239 2417
239 2418
239 2419
240 2420
240 2421
240 2422
240 2423
240 2424
240 2425
240 2426
240 2427
241 2428
241 2429
241 2430
241 2431
241 2432
241 2433
241 2434
241 2435
242 2436
242 2437
242 2438
242 2439
242 2440
242 2441
242 2442
242 2443
243 2444
243 2445
243 2446
243 2447
243 2448
243 2449
243 2450
243 2451
244 2452
244 2453
244 2454
244 2455
244 2456
244 2457
244 2458
244 2459
245 2460
245 2461
245 2462
245 2463
245 2464
245 2465
245 2466
245 2467
246 2468
246 2469
246 2470
246 2471
246 2472
246 2473
246 2474
246 2475
247 2476
247 2477
247 2478
247 2479
247 2480
247 2481
247 2482
247 2483
248 2484
248 2485
248 2486
248 2487
248 2488
248 2489
248 2490
248 2491
249 2492
249 2493
249 2494
249 2495
249 2496
249 2497
249 2498
249 2499
250 2500
250 2501
250 2502
250 2503
250 2504
250 2505
250 2506
250 2507
251 2508
251 2509
251 2510
251 2511
251 2512
251 2513
251 2514
251 2515
252 2516
252 2517
252 2518
252 2519
252 2520
252 2521
252 2522
252 2523
253 2524
253 2525
253 2526
253 2527
253 2528
253 2529
253 2530
253 2531
254 2532
254 2533
254 2534
254 2535
254 2536
254 2537
254 2538
254 2539
255 2540
255 2541
255 2542
255 2543
255 2544
255 2545
255 2546
255 2547
256 2548
256 2549
256 2550
256 2551
256 2552
256 2553
256 2554
256 2555
257 2556
257 2557
257 2558
257 2559
257 2560
257 2561
257 2562
257 2563
258 2564
258 2565
258 2566
258 2567
258 2568
258 2569
258 2570
258 2571
259 2572
259 2573
259 2574
259 2575
259 2576
259 2577
259 2578
259 2579
260 2580
260 2581
260 2582
260 2583
260 2584
260 2585
260 2586
260 2587
261 2588
261 2589
261 2590
261 2591
261 2592
261 2593
261 2594
261 2595
262 2596
262 2597
262 2598
262 2599
262 2600
262 2601
262 2602
262 2603
263 2604
263 2605
263 2606
263 2607
263 2608
263 2609
263 2610
263 2611
264 2612
264 2613
264 2614
264 2615
264 2616
264 2617
264 2618
264 2619
265 2620
265 2621
265 2622
265 2623
265 2624
265 2625
265 2626
265 2627
266 2628
266 2629
266 2630
266 2631
266 2632
266 2633
266 2634
266 2635
267 2636
267 2637
267 2638
267 2639
267 2640
267 2641
267 2642
267 2643
268 2644
268 2645
268 2646
268 2647
268 2648
268 2649
268 2650
268 2651
269 2652
269 2653
269 2654
269 2655
269 2656
269 2657
269 2658
269 2659
270 2660
270 2661
270 2662
270 2663
270 2664
270 2665
270 2666
270 2667
271 2668
271 2669
271 2670
271 2671
271 2672
271 2673
271 2674
271 2675
272 2676
272 2677
272 2678
272 2679
272 2680
272 2681
272 2682
272 2683
273 2684
273 2685
273 2686
273 2687
273 2688
273 2689
273 2690
273 2691
274 2692
274 2693
274 2694
274 2695
274 2696
274 2697
274 2698
274 2699
275 2700
275 2701
275 2702
275 2703
275 2704
275 2705
275 2706
275 2707
276 2708
276 2709
276 2710
276 2711
276 2712
276 2713
276 2714
276 2715
277 2716
277 2717
277 2718
277 2719
277 2720
277 2721
277 2722
277 2723
278 2724
278 2725
278 2726
278 2727
278 2728
278 2729
278 2730
278 2731
279 2732
279 2733
279 2734
279 2735
279 2736
279 2737
279 2738
279 2739
280 2740
280 2741
280 2742
280 2743
280 2744
280 2745
280 2746
280 2747
281 2748
281 2749
281 2750
281 2751
281 2752
281 2753
281 2754
281 2755
282 2756
282 2757
282 2758
282 2759
282 2760
282 2761
282 2762
282 2763
283 2764
283 2765
283 2766
283 2767
283 2768
283 2769
283 2770
283 2771
284 2772
284 2773
284 2774
284 2775
284 2776
284 2777
284 2778
284 2779
285 2780
285 2781
285 2782
285 2783
285 2784
285 2785
285 2786
285 2787
286 2788
286 2789
286 2790
286 2791
286 2792
286 2793
286 2794
286 2795
287 2796
287 2797
287 2798
287 2799
287 2800
287 2801
287 2802
287 2803
288 2804
288 2805
288 2806
288 2807
288 2808
288 2809
288 2810
288 2811
289 2812
289 2813
289 2814
289 2815
289 2816
289 2817
289 2818
289 2819
290 2820
290 2821
290 2822
290 2823
290 2824
290 2825
290 2826
290 2827
291 2828
291 2829
291 2830
291 2831
291 2832
291 2833
291 2834
291 2835
292 2836
292 2837
292 2838
292 2839
292 2840
292 2841
292 2842
292 2843
293 2844
293 2845
293 2846
293 2847
293 2848
293 2849
293 2850
293 2851
294 2852
294 2853
294 2854
294 2855
294 2856
294 2857
294 2858
294 2859
295 2860
295 2861
295 2862
295 2863
295 2864
295 2865
295 2866
295 2867
296 2868
296 2869
296 2870
296 2871
296 2872
296 2873
296 2874
296 2875
297 2876
297 2877
297 2878
297 2879
297 2880
297 2881
297 2882
297 2883
298 2884
298 2885
298 2886
298 2887
298 2888
298 2889
298 2890
298 2891
299 2892
299 2893
299 2894
299 2895
299 2896
299 2897
299 2898
299 2899
300 2900
300 2901
300 2902
300 2903
300 2904
300 2905
300 2906
300 2907
301 2908
301 2909
301 2910
301 2911
301 2912
301 2913
301 2914
301 2915
302 2916
302 2917
302 2918
302 2919
302 2920
302 2921
302 2922
302 2923
303 2924
303 2925
303 2926
303 2927
303 2928
303 2929
303 2930
303 2931
304 2932
304 2933
304 2934
304 2935
304 2936
304 2937
304 2938
304 2939
305 2940
305 2941
305 2942
305 2943
305 2944
305 2945
305 2946
305 2947
306 2948
306 2949
306 2950
306 2951
306 2952
306 2953
306 2954
306 2955
307 2956
307 2957
307 2958
307 2959
307 2960
307 2961
307 2962
307 2963
308 2964
308 2965
308 2966
308 2967
308 2968
308 2969
308 2970
308 2971
309 2972
309 2973
309 2974
309 2975
309 2976
309 2977
309 2978
309 2979
310 2980
310 2981
310 2982
310 2983
310 2984
310 2985
310 2986
310 2987
311 2988
311 2989
311 2990
311 2991
311 2992
311 2993
311 2994
311 2995
312 2996
312 2997
312 2998
312 2999
312 3000
312 3001
312 3002
312 3003
313 3004
313 3005
313 3006
313 3007
313 3008
313 3009
313 3010
313 3011
314 3012
314 3013
314 3014
314 3015
314 3016
314 3017
314 3018
314 3019
315 3020
315 3021
315 3022
315 3023
315 3024
315 3025
315 3026
315 3027
316 3028
316 3029
316 3030
316 3031
316 3032
316 3033
316 3034
316 3035
317 3036
317 3037
317 3038
317 3039
317 3040
317 3041
317 3042
317 3043
318 3044
318 3045
318 3046
318 3047
318 3048
318 3049
318 3050
318 3051
319 3052
319 3053
319 3054
319 3055
319 3056
319 3057
319 3058
319 3059
320 3060
320 3061
320 3062
320 3063
320 3064
320 3065
320 3066
320 3067
321 3068
321 3069
321 3070
321 3071
321 3072
321 3073
321 3074
321 3075
322 3076
322 3077
322 3078
322 3079
322 3080
322 3081
322 3082
322 3083
323 3084
323 3085
323 3086
323 3087
323 3088
323 3089
323 3090
323 3091
324 3092
324 3093
324 3094
324 3095
324 3096
324 3097
324 3098
324 3099
325 3100
325 3101
325 3102
325 3103
325 3104
325 3105
325 3106
325 3107
326 3108
326 3109
326 3110
326 3111
326 3112
326 3113
326 3114
326 3115
327 3116
327 3117
327 3118
327 3119
327 3120
327 3121
327 3122
327 3123
328 3124
328 3125
328 3126
328 3127
328 3128
328 3129
328 3130
328 3131
329 3132
329 3133
329 3134
329 3135
329 3136
329 3137
329 3138
329 3139
330 3140
330 3141
330 3142
330 3143
330 3144
330 3145
330 3146
330 3147
331 3148
331 3149
331 3150
331 3151
331 3152
331 3153
331 3154
331 3155
332 3156
332 3157
332 3158
332 3159
332 3160
332 3161
332 3162
332 3163
333 3164
333 3165
333 3166
333 3167
333 3168
333 3169
333 3170
333 3171
334 3172
334 3173
334 3174
334 3175
334 3176
334 3177
334 3178
334 3179
335 3180
335 3181
335 3182
335 3183
335 3184
335 3185
335 3186
335 3187
336 3188
336 3189
336 3190
336 3191
336 3192
336 3193
336 3194
336 3195
337 3196
337 3197
337 3198
337 3199
337 3200
337 3201
337 3202
337 3203
338 3204
338 3205
338 3206
338 3207
338 3208
338 3209
338 3210
338 3211
339 3212
339 3213
339 3214
339 3215
339 3216
339 3217
339 3218
339 3219
340 3220
340 3221
340 3222
340 3223
340 3224
340 3225
340 3226
340 3227
341 3228
341 3229
341 3230
341 3231
341 3232
341 3233
341 3234
341 3235
342 3236
342 3237
342 3238
342 3239
342 3240
342 3241
342 3242
342 3243
343 3244
343 3245
343 3246
343 3247
343 3248
343 3249
343 3250
343 3251
344 3252
344 3253
344 3254
344 3255
344 3256
344 3257
344 3258
344 3259
345 3260
345 3261
345 3262
345 3263
345 3264
345 3265
345 3266
345 3267
346 3268
346 3269
346 3270
346 3271
346 3272
346 3273
346 3274
346 3275
347 3276
347 3277
347 3278
347 3279
347 3280
347 3281
347 3282
347 3283
348 3284
348 3285
348 3286
348 3287
348 3288
348 3289
348 3290
348 3291
349 3292
349 3293
349 3294
349 3295
349 3296
349 3297
349 3298
349 3299
350 3300
350 3301
350 3302
350 3303
350 3304
350 3305
350 3306
350 3307
351 3308
351 3309
351 3310
351 3311
351 3312
351 3313
351 3314
351 3315
352 3316
352 3317
352 3318
352 3319
352 3320
352 3321
352 3322
352 3323
353 3324
353 3325
353 3326
353 3327
353 3328
353 3329
353 3330
353 3331
354 3332
354 3333
354 3334
354 3335
354 3336
354 3337
354 3338
354 3339
355 3340
355 3341
355 3342
355 3343
355 3344
355 3345
355 3346
355 3347
356 3348
356 3349
356 3350
356 3351
356 3352
356 3353
356 3354
356 3355
357 3356
357 3357
357 3358
357 3359
357 3360
357 3361
357 3362
357 3363
358 3364
358 3365
358 3366
358 3367
358 3368
358 3369
358 3370
358 3371
359 3372
359 3373
359 3374
359 3375
359 3376
359 3377
359 3378
359 3379
360 3380
360 3381
360 3382
360 3383
360 3384
360 3385
360 3386
360 3387
361 3388
361 3389
361 3390
361 3391
361 3392
361 3393
361 3394
361 3395
362 3396
362 3397
362 3398
362 3399
362 3400
362 3401
362 3402
362 3403
363 3404
363 3405
363 3406
363 3407
363 3408
363 3409
363 3410
363 3411
364 3412
364 3413
364 3414
364 3415
364 3416
364 3417
364 3418
364 3419
365 3420
365 3421
365 3422
365 3423
365 3424
365 3425
365 3426
365 3427
366 3428
366 3429
366 3430
366 3431
366 3432
366 3433
366 3434
366 3435
367 3436
367 3437
367 3438
367 3439
367 3440
367 3441
367 3442
367 3443
368 3444
368 3445
368 3446
368 3447
368 3448
368 3449
368 3450
368 3451
369 3452
369 3453
369 3454
369 3455
369 3456
369 3457
369 3458
369 3459
370 3460
370 3461
370 3462
370 3463
370 3464
370 3465
370 3466
370 3467
371 3468
371 3469
371 3470
371 3471
371 3472
371 3473
371 3474
371 3475
372 3476
372 3477
372 3478
372 3479
372 3480
372 3481
372 3482
372 3483
373 3484
373 3485
373 3486
373 3487
373 3488
373 3489
373 3490
373 3491
374 3492
374 3493
374 3494
374 3495
374 3496
374 3497
374 3498
374 3499
375 3500
375 3501
375 3502
375 3503
375 3504
375 3505
375 3506
375 3507
376 3508
376 3509
376 3510
376 3511
376 3512
376 3513
376 3514
376 3515
377 3516
377 3517
377 3518
377 3519
377 3520
377 3521
377 3522
377 3523
378 3524
378 3525
378 3526
378 3527
378 3528
378 3529
378 3530
378 3531
379 3532
379 3533
379 3534
379 3535
379 3536
379 3537
379 3538
379 3539
380 3540
380 3541
380 3542
380 3543
380 3544
380 3545
380 3546
380 3547
381 3548
381 3549
381 3550
381 3551
381 3552
381 3553
381 3554
381 3555
382 3556
382 3557
382 3558
382 3559
382 3560
382 3561
382 3562
382 3563
383 3564
383 3565
383 3566
383 3567
383 3568
383 3569
383 3570
383 3571
384 3572
384 3573
384 3574
384 3575
384 3576
384 3577
384 3578
384 3579
385 3580
385 3581
385 3582
385 3583
385 3584
385 3585
385 3586
385 3587
386 3588
386 3589
386 3590
386 3591
386 3592
386 3593
386 3594
386 3595
387 3596
387 3597
387 3598
387 3599
387 3600
387 3601
387 3602
387 3603
388 3604
388 3605
388 3606
388 3607
388 3608
388 3609
388 3610
388 3611
389 3612
389 3613
389 3614
389 3615
389 3616
389 3617
389 3618
389 3619
390 3620
390 3621
390 3622
390 3623
390 3624
390 3625
390 3626
390 3627
391 3628
391 3629
391 3630
391 3631
391 3632
391 3633
391 3634
391 3635
392 3636
392 3637
392 3638
392 3639
392 3640
392 3641
392 3642
392 3643
393 3644
393 3645
393 3646
393 3647
393 3648
393 3649
393 3650
393 3651
394 3652
394 3653
394 3654
394 3655
394 3656
394 3657
394 3658
394 3659
395 3660
395 3661
395 3662
395 3663
395 3664
395 3665
395 3666
395 3667
396 3668
396 3669
396 3670
396 3671
396 3672
396 3673
396 3674
396 3675
397 3676
397 3677
397 3678
397 3679
397 3680
397 3681
397 3682
397 3683
398 3684
398 3685
398 3686
398 3687
398 3688
398 3689
398 3690
398 3691
399 3692
399 3693
399 3694
399 3695
399 3696
399 3697
399 3698
399 3699
400 3700
400 3701
400 3702
400 3703
400 3704
400 3705
400 3706
400 3707
401 3708
401 3709
401 3710
401 3711
401 3712
401 3713
401 3714
401 3715
402 3716
402 3717
402 3718
402 3719
402 3720
402 3721
402 3722
402 3723
403 3724
403 3725
403 3726
403 3727
403 3728
403 3729
403 3730
403 3731
404 3732
404 3733
404 3734
404 3735
404 3736
404 3737
404 3738
404 3739
405 3740
405 3741
405 3742
405 3743
405 3744
405 3745
405 3746
405 3747
406 3748
406 3749
406 3750
406 3751
406 3752
406 3753
406 3754
406 3755
407 3756
407 3757
407 3758
407 3759
407 3760
407 3761
407 3762
407 3763
408 3764
408 3765
408 3766
408 3767
408 3768
408 3769
408 3770
408 3771
409 3772
409 3773
409 3774
409 3775
409 3776
409 3777
409 3778
409 3779
410 3780
410 3781
410 3782
410 3783
410 3784
410 3785
410 3786
410 3787
411 3788
411 3789
411 3790
411 3791
411 3792
411 3793
411 3794
411 3795
412 3796
412 3797
412 3798
412 3799
412 3800
412 3801
412 3802
412 3803
413 3804
413 3805
413 3806
413 3807
413 3808
413 3809
413 3810
413 3811
414 3812
414 3813
414 3814
414 3815
414 3816
414 3817
414 3818
414 3819
415 3820
415 3821
415 3822
415 3823
415 3824
415 3825
415 3826
415 3827
416 3828
416 3829
416 3830
416 3831
416 3832
416 3833
416 3834
416 3835
417 3836
417 3837
417 3838
417 3839
417 3840
417 3841
417 3842
417 3843
418 3844
418 3845
418 3846
418 3847
418 3848
418 3849
418 3850
418 3851
419 3852
419 3853
419 3854
419 3855
419 3856
419 3857
419 3858
419 3859
420 3860
420 3861
420 3862
420 3863
420 3864
420 3865
420 3866
420 3867
421 3868
421 3869
421 3870
421 3871
421 3872
421 3873
421 3874
421 3875
422 3876
422 3877
422 3878
422 3879
422 3880
422 3881
422 3882
422 3883
423 3884
423 3885
423 3886
423 3887
423 3888
423 3889
423 3890
423 3891
424 3892
424 3893
424 3894
424 3895
424 3896
424 3897
424 3898
424 3899
425 3900
425 3901
425 3902
425 3903
425 3904
425 3905
425 3906
425 3907
426 3908
426 3909
426 3910
426 3911
426 3912
426 3913
426 3914
426 3915
427 3916
427 3917
427 3918
427 3919
427 3920
427 3921
427 3922
427 3923
428 3924
428 3925
428 3926
428 3927
428 3928
428 3929
428 3930
428 3931
429 3932
429 3933
429 3934
429 3935
429 3936
429 3937
429 3938
429 3939
430 3940
430 3941
430 3942
430 3943
430 3944
430 3945
430 3946
430 3947
431 3948
431 3949
431 3950
431 3951
431 3952
431 3953
431 3954
431 3955
432 3956
432 3957
432 3958
432 3959
432 3960
432 3961
432 3962
432 3963
433 3964
433 3965
433 3966
433 3967
433 3968
433 3969
433 3970
433 3971
434 3972
434 3973
434 3974
434 3975
434 3976
434 3977
434 3978
434 3979
435 3980
435 3981
435 3982
435 3983
435 3984
435 3985
435 3986
435 3987
436 3988
436 3989
436 3990
436 3991
436 3992
436 3993
436 3994
436 3995
437 3996
437 3997
437 3998
437 3999
437 4000
437 4001
437 4002
437 4003
438 4004
438 4005
438 4006
438 4007
438 4008
438 4009
438 4010
438 4011
439 4012
439 4013
439 4014
439 4015
439 4016
439 4017
439 4018
439 4019
440 4020
440 4021
440 4022
440 4023
440 4024
440 4025
440 4026
440 4027
441 4028
441 4029
441 4030
441 4031
441 4032
441 4033
441 4034
441 4035
442 4036
442 4037
442 4038
442 4039
442 4040
442 4041
442 4042
442 4043
443 4044
443 4045
443 4046
443 4047
443 4048
443 4049
443 4050
443 4051
444 4052
444 4053
444 4054
444 4055
444 4056
444 4057
444 4058
444 4059
445 4060
445 4061
445 4062
445 4063
445 4064
445 4065
445 4066
445 4067
446 4068
446 4069
446 4070
446 4071
446 4072
446 4073
446 4074
446 4075
447 4076
447 4077
447 4078
447 4079
447 4080
447 4081
447 4082
447 4083
448 4084
448 4085
448 4086
448 4087
448 4088
448 4089
448 4090
448 4091
449 4092
449 4093
449 4094
449 4095
449 4096
449 4097
449 4098
449 4099
450 4100
450 4101
450 4102
450 4103
450 4104
450 4105
450 4106
450 4107
451 4108
451 4109
451 4110
451 4111
451 4112
451 4113
451 4114
451 4115
452 4116
452 4117
452 4118
452 4119
452 4120
452 4121
452 4122
452 4123
453 4124
453 4125
453 4126
453 4127
453 4128
453 4129
453 4130
453 4131
454 4132
454 4133
454 4134
454 4135
454 4136
454 4137
454 4138
454 4139
455 4140
455 4141
455 4142
455 4143
455 4144
455 4145
455 4146
455 4147
456 4148
456 4149
456 4150
456 4151
456 4152
456 4153
456 4154
456 4155
457 4156
457 4157
457 4158
457 4159
457 4160
457 4161
457 4162
457 4163
458 4164
458 4165
458 4166
458 4167
458 4168
458 4169
458 4170
458 4171
459 4172
459 4173
459 4174
459 4175
459 4176
459 4177
459 4178
459 4179
460 4180
460 4181
460 4182
460 4183
460 4184
460 4185
460 4186
460 4187
461 4188
461 4189
461 4190
461 4191
461 4192
461 4193
461 4194
461 4195
462 4196
462 4197
462 4198
462 4199
462 4200
462 4201
462 4202
462 4203
463 4204
463 4205
463 4206
463 4207
463 4208
463 4209
463 4210
463 4211
464 4212
464 4213
464 4214
464 4215
464 4216
464 4217
464 4218
464 4219
465 4220
465 4221
465 4222
465 4223
465 4224
465 4225
465 4226
465 4227
466 4228
466 4229
466 4230
466 4231
466 4232
466 4233
466 4234
466 4235
467 4236
467 4237
467 4238
467 4239
467 4240
467 4241
467 4242
467 4243
468 4244
468 4245
468 4246
468 4247
468 4248
468 4249
468 4250
468 4251
469 4252
469 4253
469 4254
469 4255
469 4256
469 4257
469 4258
469 4259
470 4260
470 4261
470 4262
470 4263
470 4264
470 4265
470 4266
470 4267
471 4268
471 4269
471 4270
471 4271
471 4272
471 4273
471 4274
471 4275
472 4276
472 4277
472 4278
472 4279
472 4280
472 4281
472 4282
472 4283
473 4284
473 4285
473 4286
473 4287
473 4288
473 4289
473 4290
473 4291
474 4292
474 4293
474 4294
474 4295
474 4296
474 4297
474 4298
474 4299
475 4300
475 4301
475 4302
475 4303
475 4304
475 4305
475 4306
475 4307
476 4308
476 4309
476 4310
476 4311
476 4312
476 4313
476 4314
476 4315
477 4316
477 4317
477 4318
477 4319
477 4320
477 4321
477 4322
477 4323
478 4324
478 4325
478 4326
478 4327
478 4328
478 4329
478 4330
478 4331
479 4332
479 4333
479 4334
479 4335
479 4336
479 4337
479 4338
479 4339
480 4340
480 4341
480 4342
480 4343
480 4344
480 4345
480 4346
480 4347
481 4348
481 4349
481 4350
481 4351
481 4352
481 4353
481 4354
481 4355
482 4356
482 4357
482 4358
482 4359
482 4360
482 4361
482 4362
482 4363
483 4364
483 4365
483 4366
483 4367
483 4368
483 4369
483 4370
483 4371
484 4372
484 4373
484 4374
484 4375
484 4376
484 4377
484 4378
484 4379
485 4380
485 4381
485 4382
485 4383
485 4384
485 4385
485 4386
485 4387
486 4388
486 4389
486 4390
486 4391
486 4392
486 4393
486 4394
486 4395
487 4396
487 4397
487 4398
487 4399
487 4400
487 4401
487 4402
487 4403
488 4404
488 4405
488 4406
488 4407
488 4408
488 4409
488 4410
488 4411
489 4412
489 4413
489 4414
489 4415
489 4416
489 4417
489 4418
489 4419
490 4420
490 4421
490 4422
490 4423
490 4424
490 4425
490 4426
490 4427
491 4428
491 4429
491 4430
491 4431
491 4432
491 4433
491 4434
491 4435
492 4436
492 4437
492 4438
492 4439
492 4440
492 4441
492 4442
492 4443
493 4444
493 4445
493 4446
493 4447
493 4448
493 4449
493 4450
493 4451
494 4452
494 4453
494 4454
494 4455
494 4456
494 4457
494 4458
494 4459
495 4460
495 4461
495 4462
495 4463
495 4464
495 4465
495 4466
495 4467
496 4468
496 4469
496 4470
496 4471
496 4472
496 4473
496 4474
496 4475
497 4476
497 4477
497 4478
497 4479
497 4480
497 4481
497 4482
497 4483
498 4484
498 4485
498 4486
498 4487
498 4488
498 4489
498 4490
498 4491
499 4492
499 4493
499 4494
499 4495
499 4496
499 4497
499 4498
499 4499
