0 34
0 69
0 39
0 27
0 61
0 15
1 72
1 6
1 56
1 25
1 26
1 46
2 18
2 52
2 40
2 75
2 13
2 14
3 72
3 57
3 27
3 76
3 46
3 47
4 66
4 6
4 71
4 75
4 13
4 79
5 48
5 34
5 22
5 72
5 11
5 31
6 70
6 12
6 58
6 28
7 35
7 37
7 54
7 42
7 28
7 10
8 66
8 70
8 27
8 60
8 62
8 63
9 65
9 50
9 68
9 38
9 60
9 44
10 16
10 17
10 38
10 29
10 79
11 51
11 52
11 68
11 46
11 69
12 35
12 51
12 55
12 24
12 62
13 51
13 19
13 54
13 55
14 49
14 52
14 65
14 36
14 47
15 64
15 53
15 57
15 78
15 47
16 19
16 67
16 23
16 55
16 63
17 23
17 73
17 43
17 45
17 63
18 64
18 68
18 23
18 27
18 28
19 48
19 68
19 23
19 24
20 36
20 24
20 26
20 61
20 30
20 31
21 34
21 51
21 40
21 58
21 59
21 44
22 54
22 57
22 60
22 30
22 47
23 50
23 52
24 67
24 62
24 63
25 55
25 56
25 59
25 44
25 79
26 50
26 37
26 41
26 28
27 41
27 45
28 49
28 73
29 48
29 49
29 54
29 65
29 41
30 35
30 68
30 42
30 76
31 37
31 71
31 46
31 69
32 49
32 51
32 56
32 39
32 72
32 59
33 53
33 39
33 41
33 76
33 45
33 77
34 49
34 72
34 75
35 36
35 42
35 71
36 78
36 56
36 58
37 66
37 68
37 47
38 67
38 41
38 42
38 77
39 48
39 64
39 75
40 54
40 60
40 61
40 53
41 59
42 65
42 59
43 70
43 58
43 74
43 62
43 77
44 50
44 57
44 45
45 77
45 63
46 66
46 60
47 73
48 70
48 79
49 65
50 64
50 61
51 58
52 53
52 76
53 58
53 78
54 60
55 67
55 56
56 66
57 79
57 62
59 63
61 66
61 78
62 78
64 69
64 70
65 69
67 73
67 76
69 74
70 74
71 73
71 74
71 76
72 74
73 75
74 78
75 77
77 79
0 80
0 81
1 82
1 83
2 84
2 85
3 86
3 87
4 88
4 89
5 90
5 91
6 92
6 93
7 94
7 95
8 96
8 97
9 98
9 99
10 100
10 101
11 102
11 103
12 104
12 105
13 106
13 107
14 108
14 109
15 110
15 111
16 112
16 113
17 114
17 115
18 116
18 117
19 118
19 119
20 120
20 121
21 122
21 123
22 124
22 125
23 126
23 127
24 128
24 129
25 130
25 131
26 132
26 133
27 134
27 135
28 136
28 137
29 138
29 139
30 140
30 141
31 142
31 143
32 144
32 145
33 146
33 147
34 148
34 149
35 150
35 151
36 152
36 153
37 154
37 155
38 156
38 157
39 158
39 159
40 160
40 161
41 162
41 163
42 164
42 165
43 166
43 167
44 168
44 169
45 170
45 171
46 172
46 173
47 174
47 175
48 176
48 177
49 178
49 179
50 180
50 181
51 182
51 183
52 184
52 185
53 186
53 187
54 188
54 189
55 190
55 191
56 192
56 193
57 194
57 195
58 196
58 197
59 198
59 199
60 200
60 201
61 202
61 203
62 204
62 205
63 206
63 207
64 208
64 209
65 210
65 211
66 212
66 213
67 214
67 215
68 216
68 217
69 218
69 219
70 220
70 221
71 222
71 223
72 224
72 225
73 226
73 227
74 228
74 229
75 230
75 231
76 232
76 233
77 234
77 235
78 236
78 237
79 238
79 239
