0 168
0 23
0 220
0 119
1 8
1 200
1 216
1 143
2 160
2 211
2 29
2 63
3 11
3 108
3 189
3 235
4 244
4 130
4 195
4 124
5 224
5 120
5 21
5 40
6 65
6 219
6 13
6 158
7 120
7 146
7 14
7 39
8 242
8 19
8 167
9 206
9 45
9 222
9 87
10 193
10 42
10 237
10 221
11 111
11 177
11 151
12 153
12 99
12 70
12 185
13 64
13 84
13 71
14 18
14 197
14 206
15 34
15 51
15 165
15 31
16 27
16 145
16 127
16 47
17 92
17 82
17 211
17 44
18 120
18 222
18 239
19 80
19 227
19 116
20 32
20 123
20 163
20 149
21 179
21 27
21 93
22 104
22 114
22 53
22 199
23 107
23 165
23 29
24 144
24 163
24 139
24 109
25 104
25 68
25 221
25 214
26 200
26 117
26 174
26 205
27 91
27 127
28 168
28 193
28 234
28 138
29 122
29 199
30 82
30 87
30 195
30 55
31 106
31 235
31 84
32 144
32 113
32 105
33 232
33 191
33 85
33 55
34 205
34 189
34 198
35 56
35 73
35 140
35 44
36 96
36 193
36 186
36 124
37 88
37 178
37 195
37 142
38 209
38 99
38 230
38 46
39 176
39 177
39 219
40 225
40 214
40 79
41 240
41 104
41 78
41 102
42 137
42 86
42 62
43 152
43 162
43 211
43 199
44 81
44 191
45 57
45 99
45 153
46 115
46 190
46 235
47 73
47 208
47 190
48 175
48 83
48 69
48 191
49 105
49 66
49 143
49 71
50 243
50 204
50 198
50 134
51 74
51 79
51 181
52 152
52 129
52 174
52 215
53 59
53 227
53 207
54 168
54 185
54 170
54 131
55 187
55 135
56 58
56 91
56 92
57 201
57 210
57 114
58 115
58 75
58 89
59 88
59 77
59 190
60 131
60 228
60 85
60 77
61 116
61 203
61 92
61 94
62 217
62 187
62 220
63 169
63 187
63 116
64 115
64 86
64 79
65 233
65 147
65 102
66 161
66 95
66 238
67 140
67 74
67 172
67 141
68 179
68 149
68 167
69 241
69 77
69 78
70 172
70 82
70 106
71 94
71 183
72 96
72 224
72 166
72 87
73 147
73 143
74 187
74 110
75 235
75 221
75 206
76 153
76 148
76 141
76 165
77 121
78 160
78 233
79 88
80 196
80 154
80 188
81 137
81 205
81 185
82 241
83 236
83 194
83 132
84 171
84 151
85 97
85 93
86 121
86 109
87 207
88 152
89 156
89 228
89 121
90 108
90 147
90 140
90 159
91 101
91 151
92 239
93 201
93 223
94 158
94 183
95 208
95 150
95 110
96 177
96 100
97 169
97 227
97 110
98 228
98 222
98 142
98 167
99 202
100 177
100 174
100 105
101 146
101 234
101 215
102 123
102 230
103 240
103 152
103 218
103 173
104 171
105 198
106 230
106 134
107 163
107 236
107 157
108 125
108 231
109 128
109 219
110 233
111 112
111 222
111 127
112 243
112 199
112 183
113 202
113 226
113 133
114 139
114 132
115 170
116 182
117 216
117 201
117 125
118 170
118 164
118 182
118 207
119 176
119 162
119 194
120 192
121 200
122 155
122 238
122 182
123 201
123 164
124 202
124 188
125 128
125 172
126 176
126 130
126 218
126 229
127 184
128 156
128 150
129 242
129 140
129 231
130 212
130 196
131 136
131 180
132 134
132 203
133 178
133 164
133 194
134 145
135 242
135 174
135 166
136 188
136 244
136 163
137 244
137 210
138 241
138 212
138 229
139 213
139 223
141 145
141 203
142 217
142 234
143 179
144 148
144 166
145 172
146 226
146 220
147 226
148 181
148 230
149 236
149 190
150 220
150 212
151 161
153 238
154 194
154 197
154 183
155 209
155 244
155 221
156 178
156 171
157 192
157 227
157 159
158 186
158 175
159 180
159 214
160 234
160 165
161 168
161 184
162 175
162 211
164 209
166 213
167 223
169 180
169 204
170 198
171 219
173 224
173 239
173 181
175 237
176 208
178 193
179 218
180 215
181 184
182 189
184 242
185 216
186 232
186 212
188 243
189 203
191 213
192 195
192 205
196 200
196 228
197 224
197 204
202 213
204 206
207 231
208 231
209 223
210 216
210 217
214 240
215 225
217 238
218 241
225 236
225 237
226 229
229 233
232 240
232 243
237 239
0 245
0 246
0 247
0 248
0 249
0 250
0 251
0 252
0 253
0 254
1 255
1 256
1 257
1 258
1 259
1 260
1 261
1 262
1 263
1 264
2 265
2 266
2 267
2 268
2 269
2 270
2 271
2 272
2 273
2 274
3 275
3 276
3 277
3 278
3 279
3 280
3 281
3 282
3 283
3 284
4 285
4 286
4 287
4 288
4 289
4 290
4 291
4 292
4 293
4 294
5 295
5 296
5 297
5 298
5 299
5 300
5 301
5 302
5 303
5 304
6 305
6 306
6 307
6 308
6 309
6 310
6 311
6 312
6 313
6 314
7 315
7 316
7 317
7 318
7 319
7 320
7 321
7 322
7 323
7 324
8 325
8 326
8 327
8 328
8 329
8 330
8 331
8 332
8 333
8 334
9 335
9 336
9 337
9 338
9 339
9 340
9 341
9 342
9 343
9 344
10 345
10 346
10 347
10 348
10 349
10 350
10 351
10 352
10 353
10 354
11 355
11 356
11 357
11 358
11 359
11 360
11 361
11 362
11 363
11 364
12 365
12 366
12 367
12 368
12 369
12 370
12 371
12 372
12 373
12 374
13 375
13 376
13 377
13 378
13 379
13 380
13 381
13 382
13 383
13 384
14 385
14 386
14 387
14 388
14 389
14 390
14 391
14 392
14 393
14 394
15 395
15 396
15 397
15 398
15 399
15 400
15 401
15 402
15 403
15 404
16 405
16 406
16 407
16 408
16 409
16 410
16 411
16 412
16 413
16 414
17 415
17 416
17 417
17 418
17 419
17 420
17 421
17 422
17 423
17 424
18 425
18 426
18 427
18 428
18 429
18 430
18 431
18 432
18 433
18 434
19 435
19 436
19 437
19 438
19 439
19 440
19 441
19 442
19 443
19 444
20 445
20 446
20 447
20 448
20 449
20 450
20 451
20 452
20 453
20 454
21 455
21 456
21 457
21 458
21 459
21 460
21 461
21 462
21 463
21 464
22 465
22 466
22 467
22 468
22 469
22 470
22 471
22 472
22 473
22 474
23 475
23 476
23 477
23 478
23 479
23 480
23 481
23 482
23 483
23 484
24 485
24 486
24 487
24 488
24 489
24 490
24 491
24 492
24 493
24 494
25 495
25 496
25 497
25 498
25 499
25 500
25 501
25 502
25 503
25 504
26 505
26 506
26 507
26 508
26 509
26 510
26 511
26 512
26 513
26 514
27 515
27 516
27 517
27 518
27 519
27 520
27 521
27 522
27 523
27 524
28 525
28 526
28 527
28 528
28 529
28 530
28 531
28 532
28 533
28 534
29 535
29 536
29 537
29 538
29 539
29 540
29 541
29 542
29 543
29 544
30 545
30 546
30 547
30 548
30 549
30 550
30 551
30 552
30 553
30 554
31 555
31 556
31 557
31 558
31 559
31 560
31 561
31 562
31 563
31 564
32 565
32 566
32 567
32 568
32 569
32 570
32 571
32 572
32 573
32 574
33 575
33 576
33 577
33 578
33 579
33 580
33 581
33 582
33 583
33 584
34 585
34 586
34 587
34 588
34 589
34 590
34 591
34 592
34 593
34 594
35 595
35 596
35 597
35 598
35 599
35 600
35 601
35 602
35 603
35 604
36 605
36 606
36 607
36 608
36 609
36 610
36 611
36 612
36 613
36 614
37 615
37 616
37 617
37 618
37 619
37 620
37 621
37 622
37 623
37 624
38 625
38 626
38 627
38 628
38 629
38 630
38 631
38 632
38 633
38 634
39 635
39 636
39 637
39 638
39 639
39 640
39 641
39 642
39 643
39 644
40 645
40 646
40 647
40 648
40 649
40 650
40 651
40 652
40 653
40 654
41 655
41 656
41 657
41 658
41 659
41 660
41 661
41 662
41 663
41 664
42 665
42 666
42 667
42 668
42 669
42 670
42 671
42 672
42 673
42 674
43 675
43 676
43 677
43 678
43 679
43 680
43 681
43 682
43 683
43 684
44 685
44 686
44 687
44 688
44 689
44 690
44 691
44 692
44 693
44 694
45 695
45 696
45 697
45 698
45 699
45 700
45 701
45 702
45 703
45 704
46 705
46 706
46 707
46 708
46 709
46 710
46 711
46 712
46 713
46 714
47 715
47 716
47 717
47 718
47 719
47 720
47 721
47 722
47 723
47 724
48 725
48 726
48 727
48 728
48 729
48 730
48 731
48 732
48 733
48 734
49 735
49 736
49 737
49 738
49 739
49 740
49 741
49 742
49 743
49 744
50 745
50 746
50 747
50 748
50 749
50 750
50 751
50 752
50 753
50 754
51 755
51 756
51 757
51 758
51 759
51 760
51 761
51 762
51 763
51 764
52 765
52 766
52 767
52 768
52 769
52 770
52 771
52 772
52 773
52 774
53 775
53 776
53 777
53 778
53 779
53 780
53 781
53 782
53 783
53 784
54 785
54 786
54 787
54 788
54 789
54 790
54 791
54 792
54 793
54 794
55 795
55 796
55 797
55 798
55 799
55 800
55 801
55 802
55 803
55 804
56 805
56 806
56 807
56 808
56 809
56 810
56 811
56 812
56 813
56 814
57 815
57 816
57 817
57 818
57 819
57 820
57 821
57 822
57 823
57 824
58 825
58 826
58 827
58 828
58 829
58 830
58 831
58 832
58 833
58 834
59 835
59 836
59 837
59 838
59 839
59 840
59 841
59 842
59 843
59 844
60 845
60 846
60 847
60 848
60 849
60 850
60 851
60 852
60 853
60 854
61 855
61 856
61 857
61 858
61 859
61 860
61 861
61 862
61 863
61 864
62 865
62 866
62 867
62 868
62 869
62 870
62 871
62 872
62 873
62 874
63 875
63 876
63 877
63 878
63 879
63 880
63 881
63 882
63 883
63 884
64 885
64 886
64 887
64 888
64 889
64 890
64 891
64 892
64 893
64 894
65 895
65 896
65 897
65 898
65 899
65 900
65 901
65 902
65 903
65 904
66 905
66 906
66 907
66 908
66 909
66 910
66 911
66 912
66 913
66 914
67 915
67 916
67 917
67 918
67 919
67 920
67 921
67 922
67 923
67 924
68 925
68 926
68 927
68 928
68 929
68 930
68 931
68 932
68 933
68 934
69 935
69 936
69 937
69 938
69 939
69 940
69 941
69 942
69 943
69 944
70 945
70 946
70 947
70 948
70 949
70 950
70 951
70 952
70 953
70 954
71 955
71 956
71 957
71 958
71 959
71 960
71 961
71 962
71 963
71 964
72 965
72 966
72 967
72 968
72 969
72 970
72 971
72 972
72 973
72 974
73 975
73 976
73 977
73 978
73 979
73 980
73 981
73 982
73 983
73 984
74 985
74 986
74 987
74 988
74 989
74 990
74 991
74 992
74 993
74 994
75 995
75 996
75 997
75 998
75 999
75 1000
75 1001
75 1002
75 1003
75 1004
76 1005
76 1006
76 1007
76 1008
76 1009
76 1010
76 1011
76 1012
76 1013
76 1014
77 1015
77 1016
77 1017
77 1018
77 1019
77 1020
77 1021
77 1022
77 1023
77 1024
78 1025
78 1026
78 1027
78 1028
78 1029
78 1030
78 1031
78 1032
78 1033
78 1034
79 1035
79 1036
79 1037
79 1038
79 1039
79 1040
79 1041
79 1042
79 1043
79 1044
80 1045
80 1046
80 1047
80 1048
80 1049
80 1050
80 1051
80 1052
80 1053
80 1054
81 1055
81 1056
81 1057
81 1058
81 1059
81 1060
81 1061
81 1062
81 1063
81 1064
82 1065
82 1066
82 1067
82 1068
82 1069
82 1070
82 1071
82 1072
82 1073
82 1074
83 1075
83 1076
83 1077
83 1078
83 1079
83 1080
83 1081
83 1082
83 1083
83 1084
84 1085
84 1086
84 1087
84 1088
84 1089
84 1090
84 1091
84 1092
84 1093
84 1094
85 1095
85 1096
85 1097
85 1098
85 1099
85 1100
85 1101
85 1102
85 1103
85 1104
86 1105
86 1106
86 1107
86 1108
86 1109
86 1110
86 1111
86 1112
86 1113
86 1114
87 1115
87 1116
87 1117
87 1118
87 1119
87 1120
87 1121
87 1122
87 1123
87 1124
88 1125
88 1126
88 1127
88 1128
88 1129
88 1130
88 1131
88 1132
88 1133
88 1134
89 1135
89 1136
89 1137
89 1138
89 1139
89 1140
89 1141
89 1142
89 1143
89 1144
90 1145
90 1146
90 1147
90 1148
90 1149
90 1150
90 1151
90 1152
90 1153
90 1154
91 1155
91 1156
91 1157
91 1158
91 1159
91 1160
91 1161
91 1162
91 1163
91 1164
92 1165
92 1166
92 1167
92 1168
92 1169
92 1170
92 1171
92 1172
92 1173
92 1174
93 1175
93 1176
93 1177
93 1178
93 1179
93 1180
93 1181
93 1182
93 1183
93 1184
94 1185
94 1186
94 1187
94 1188
94 1189
94 1190
94 1191
94 1192
94 1193
94 1194
95 1195
95 1196
95 1197
95 1198
95 1199
95 1200
95 1201
95 1202
95 1203
95 1204
96 1205
96 1206
96 1207
96 1208
96 1209
96 1210
96 1211
96 1212
96 1213
96 1214
97 1215
97 1216
97 1217
97 1218
97 1219
97 1220
97 1221
97 1222
97 1223
97 1224
98 1225
98 1226
98 1227
98 1228
98 1229
98 1230
98 1231
98 1232
98 1233
98 1234
99 1235
99 1236
99 1237
99 1238
99 1239
99 1240
99 1241
99 1242
99 1243
99 1244
100 1245
100 1246
100 1247
100 1248
100 1249
100 1250
100 1251
100 1252
100 1253
100 1254
101 1255
101 1256
101 1257
101 1258
101 1259
101 1260
101 1261
101 1262
101 1263
101 1264
102 1265
102 1266
102 1267
102 1268
102 1269
102 1270
102 1271
102 1272
102 1273
102 1274
103 1275
103 1276
103 1277
103 1278
103 1279
103 1280
103 1281
103 1282
103 1283
103 1284
104 1285
104 1286
104 1287
104 1288
104 1289
104 1290
104 1291
104 1292
104 1293
104 1294
105 1295
105 1296
105 1297
105 1298
105 1299
105 1300
105 1301
105 1302
105 1303
105 1304
106 1305
106 1306
106 1307
106 1308
106 1309
106 1310
106 1311
106 1312
106 1313
106 1314
107 1315
107 1316
107 1317
107 1318
107 1319
107 1320
107 1321
107 1322
107 1323
107 1324
108 1325
108 1326
108 1327
108 1328
108 1329
108 1330
108 1331
108 1332
108 1333
108 1334
109 1335
109 1336
109 1337
109 1338
109 1339
109 1340
109 1341
109 1342
109 1343
109 1344
110 1345
110 1346
110 1347
110 1348
110 1349
110 1350
110 1351
110 1352
110 1353
110 1354
111 1355
111 1356
111 1357
111 1358
111 1359
111 1360
111 1361
111 1362
111 1363
111 1364
112 1365
112 1366
112 1367
112 1368
112 1369
112 1370
112 1371
112 1372
112 1373
112 1374
113 1375
113 1376
113 1377
113 1378
113 1379
113 1380
113 1381
113 1382
113 1383
113 1384
114 1385
114 1386
114 1387
114 1388
114 1389
114 1390
114 1391
114 1392
114 1393
114 1394
115 1395
115 1396
115 1397
115 1398
115 1399
115 1400
115 1401
115 1402
115 1403
115 1404
116 1405
116 1406
116 1407
116 1408
116 1409
116 1410
116 1411
116 1412
116 1413
116 1414
117 1415
117 1416
117 1417
117 1418
117 1419
117 1420
117 1421
117 1422
117 1423
117 1424
118 1425
118 1426
118 1427
118 1428
118 1429
118 1430
118 1431
118 1432
118 1433
118 1434
119 1435
119 1436
119 1437
119 1438
119 1439
119 1440
119 1441
119 1442
119 1443
119 1444
120 1445
120 1446
120 1447
120 1448
120 1449
120 1450
120 1451
120 1452
120 1453
120 1454
121 1455
121 1456
121 1457
121 1458
121 1459
121 1460
121 1461
121 1462
121 1463
121 1464
122 1465
122 1466
122 1467
122 1468
122 1469
122 1470
122 1471
122 1472
122 1473
122 1474
123 1475
123 1476
123 1477
123 1478
123 1479
123 1480
123 1481
123 1482
123 1483
123 1484
124 1485
124 1486
124 1487
124 1488
124 1489
124 1490
124 1491
124 1492
124 1493
124 1494
125 1495
125 1496
125 1497
125 1498
125 1499
125 1500
125 1501
125 1502
125 1503
125 1504
126 1505
126 1506
126 1507
126 1508
126 1509
126 1510
126 1511
126 1512
126 1513
126 1514
127 1515
127 1516
127 1517
127 1518
127 1519
127 1520
127 1521
127 1522
127 1523
127 1524
128 1525
128 1526
128 1527
128 1528
128 1529
128 1530
128 1531
128 1532
128 1533
128 1534
129 1535
129 1536
129 1537
129 1538
129 1539
129 1540
129 1541
129 1542
129 1543
129 1544
130 1545
130 1546
130 1547
130 1548
130 1549
130 1550
130 1551
130 1552
130 1553
130 1554
131 1555
131 1556
131 1557
131 1558
131 1559
131 1560
131 1561
131 1562
131 1563
131 1564
132 1565
132 1566
132 1567
132 1568
132 1569
132 1570
132 1571
132 1572
132 1573
132 1574
133 1575
133 1576
133 1577
133 1578
133 1579
133 1580
133 1581
133 1582
133 1583
133 1584
134 1585
134 1586
134 1587
134 1588
134 1589
134 1590
134 1591
134 1592
134 1593
134 1594
135 1595
135 1596
135 1597
135 1598
135 1599
135 1600
135 1601
135 1602
135 1603
135 1604
136 1605
136 1606
136 1607
136 1608
136 1609
136 1610
136 1611
136 1612
136 1613
136 1614
137 1615
137 1616
137 1617
137 1618
137 1619
137 1620
137 1621
137 1622
137 1623
137 1624
138 1625
138 1626
138 1627
138 1628
138 1629
138 1630
138 1631
138 1632
138 1633
138 1634
139 1635
139 1636
139 1637
139 1638
139 1639
139 1640
139 1641
139 1642
139 1643
139 1644
140 1645
140 1646
140 1647
140 1648
140 1649
140 1650
140 1651
140 1652
140 1653
140 1654
141 1655
141 1656
141 1657
141 1658
141 1659
141 1660
141 1661
141 1662
141 1663
141 1664
142 1665
142 1666
142 1667
142 1668
142 1669
142 1670
142 1671
142 1672
142 1673
142 1674
143 1675
143 1676
143 1677
143 1678
143 1679
143 1680
143 1681
143 1682
143 1683
143 1684
144 1685
144 1686
144 1687
144 1688
144 1689
144 1690
144 1691
144 1692
144 1693
144 1694
145 1695
145 1696
145 1697
145 1698
145 1699
145 1700
145 1701
145 1702
145 1703
145 1704
146 1705
146 1706
146 1707
146 1708
146 1709
146 1710
146 1711
146 1712
146 1713
146 1714
147 1715
147 1716
147 1717
147 1718
147 1719
147 1720
147 1721
147 1722
147 1723
147 1724
148 1725
148 1726
148 1727
148 1728
148 1729
148 1730
148 1731
148 1732
148 1733
148 1734
149 1735
149 1736
149 1737
149 1738
149 1739
149 1740
149 1741
149 1742
149 1743
149 1744
150 1745
150 1746
150 1747
150 1748
150 1749
150 1750
150 1751
150 1752
150 1753
150 1754
151 1755
151 1756
151 1757
151 1758
151 1759
151 1760
151 1761
151 1762
151 1763
151 1764
152 1765
152 1766
152 1767
152 1768
152 1769
152 1770
152 1771
152 1772
152 1773
152 1774
153 1775
153 1776
153 1777
153 1778
153 1779
153 1780
153 1781
153 1782
153 1783
153 1784
154 1785
154 1786
154 1787
154 1788
154 1789
154 1790
154 1791
154 1792
154 1793
154 1794
155 1795
155 1796
155 1797
155 1798
155 1799
155 1800
155 1801
155 1802
155 1803
155 1804
156 1805
156 1806
156 1807
156 1808
156 1809
156 1810
156 1811
156 1812
156 1813
156 1814
157 1815
157 1816
157 1817
157 1818
157 1819
157 1820
157 1821
157 1822
157 1823
157 1824
158 1825
158 1826
158 1827
158 1828
158 1829
158 1830
158 1831
158 1832
158 1833
158 1834
159 1835
159 1836
159 1837
159 1838
159 1839
159 1840
159 1841
159 1842
159 1843
159 1844
160 1845
160 1846
160 1847
160 1848
160 1849
160 1850
160 1851
160 1852
160 1853
160 1854
161 1855
161 1856
161 1857
161 1858
161 1859
161 1860
161 1861
161 1862
161 1863
161 1864
162 1865
162 1866
162 1867
162 1868
162 1869
162 1870
162 1871
162 1872
162 1873
162 1874
163 1875
163 1876
163 1877
163 1878
163 1879
163 1880
163 1881
163 1882
163 1883
163 1884
164 1885
164 1886
164 1887
164 1888
164 1889
164 1890
164 1891
164 1892
164 1893
164 1894
165 1895
165 1896
165 1897
165 1898
165 1899
165 1900
165 1901
165 1902
165 1903
165 1904
166 1905
166 1906
166 1907
166 1908
166 1909
166 1910
166 1911
166 1912
166 1913
166 1914
167 1915
167 1916
167 1917
167 1918
167 1919
167 1920
167 1921
167 1922
167 1923
167 1924
168 1925
168 1926
168 1927
168 1928
168 1929
168 1930
168 1931
168 1932
168 1933
168 1934
169 1935
169 1936
169 1937
169 1938
169 1939
169 1940
169 1941
169 1942
169 1943
169 1944
170 1945
170 1946
170 1947
170 1948
170 1949
170 1950
170 1951
170 1952
170 1953
170 1954
171 1955
171 1956
171 1957
171 1958
171 1959
171 1960
171 1961
171 1962
171 1963
171 1964
172 1965
172 1966
172 1967
172 1968
172 1969
172 1970
172 1971
172 1972
172 1973
172 1974
173 1975
173 1976
173 1977
173 1978
173 1979
173 1980
173 1981
173 1982
173 1983
173 1984
174 1985
174 1986
174 1987
174 1988
174 1989
174 1990
174 1991
174 1992
174 1993
174 1994
175 1995
175 1996
175 1997
175 1998
175 1999
175 2000
175 2001
175 2002
175 2003
175 2004
176 2005
176 2006
176 2007
176 2008
176 2009
176 2010
176 2011
176 2012
176 2013
176 2014
177 2015
177 2016
177 2017
177 2018
177 2019
177 2020
177 2021
177 2022
177 2023
177 2024
178 2025
178 2026
178 2027
178 2028
178 2029
178 2030
178 2031
178 2032
178 2033
178 2034
179 2035
179 2036
179 2037
179 2038
179 2039
179 2040
179 2041
179 2042
179 2043
179 2044
180 2045
180 2046
180 2047
180 2048
180 2049
180 2050
180 2051
180 2052
180 2053
180 2054
181 2055
181 2056
181 2057
181 2058
181 2059
181 2060
181 2061
181 2062
181 2063
181 2064
182 2065
182 2066
182 2067
182 2068
182 2069
182 2070
182 2071
182 2072
182 2073
182 2074
183 2075
183 2076
183 2077
183 2078
183 2079
183 2080
183 2081
183 2082
183 2083
183 2084
184 2085
184 2086
184 2087
184 2088
184 2089
184 2090
184 2091
184 2092
184 2093
184 2094
185 2095
185 2096
185 2097
185 2098
185 2099
185 2100
185 2101
185 2102
185 2103
185 2104
186 2105
186 2106
186 2107
186 2108
186 2109
186 2110
186 2111
186 2112
186 2113
186 2114
187 2115
187 2116
187 2117
187 2118
187 2119
187 2120
187 2121
187 2122
187 2123
187 2124
188 2125
188 2126
188 2127
188 2128
188 2129
188 2130
188 2131
188 2132
188 2133
188 2134
189 2135
189 2136
189 2137
189 2138
189 2139
189 2140
189 2141
189 2142
189 2143
189 2144
190 2145
190 2146
190 2147
190 2148
190 2149
190 2150
190 2151
190 2152
190 2153
190 2154
191 2155
191 2156
191 2157
191 2158
191 2159
191 2160
191 2161
191 2162
191 2163
191 2164
192 2165
192 2166
192 2167
192 2168
192 2169
192 2170
192 2171
192 2172
192 2173
192 2174
193 2175
193 2176
193 2177
193 2178
193 2179
193 2180
193 2181
193 2182
193 2183
193 2184
194 2185
194 2186
194 2187
194 2188
194 2189
194 2190
194 2191
194 2192
194 2193
194 2194
195 2195
195 2196
195 2197
195 2198
195 2199
195 2200
195 2201
195 2202
195 2203
195 2204
196 2205
196 2206
196 2207
196 2208
196 2209
196 2210
196 2211
196 2212
196 2213
196 2214
197 2215
197 2216
197 2217
197 2218
197 2219
197 2220
197 2221
197 2222
197 2223
197 2224
198 2225
198 2226
198 2227
198 2228
198 2229
198 2230
198 2231
198 2232
198 2233
198 2234
199 2235
199 2236
199 2237
199 2238
199 2239
199 2240
199 2241
199 2242
199 2243
199 2244
200 2245
200 2246
200 2247
200 2248
200 2249
200 2250
200 2251
200 2252
200 2253
200 2254
201 2255
201 2256
201 2257
201 2258
201 2259
201 2260
201 2261
201 2262
201 2263
201 2264
202 2265
202 2266
202 2267
202 2268
202 2269
202 2270
202 2271
202 2272
202 2273
202 2274
203 2275
203 2276
203 2277
203 2278
203 2279
203 2280
203 2281
203 2282
203 2283
203 2284
204 2285
204 2286
204 2287
204 2288
204 2289
204 2290
204 2291
204 2292
204 2293
204 2294
205 2295
205 2296
205 2297
205 2298
205 2299
205 2300
205 2301
205 2302
205 2303
205 2304
206 2305
206 2306
206 2307
206 2308
206 2309
206 2310
206 2311
206 2312
206 2313
206 2314
207 2315
207 2316
207 2317
207 2318
207 2319
207 2320
207 2321
207 2322
207 2323
207 2324
208 2325
208 2326
208 2327
208 2328
208 2329
208 2330
208 2331
208 2332
208 2333
208 2334
209 2335
209 2336
209 2337
209 2338
209 2339
209 2340
209 2341
209 2342
209 2343
209 2344
210 2345
210 2346
210 2347
210 2348
210 2349
210 2350
210 2351
210 2352
210 2353
210 2354
211 2355
211 2356
211 2357
211 2358
211 2359
211 2360
211 2361
211 2362
211 2363
211 2364
212 2365
212 2366
212 2367
212 2368
212 2369
212 2370
212 2371
212 2372
212 2373
212 2374
213 2375
213 2376
213 2377
213 2378
213 2379
213 2380
213 2381
213 2382
213 2383
213 2384
214 2385
214 2386
214 2387
214 2388
214 2389
214 2390
214 2391
214 2392
214 2393
214 2394
215 2395
215 2396
215 2397
215 2398
215 2399
215 2400
215 2401
215 2402
215 2403
215 2404
216 2405
216 2406
216 2407
216 2408
216 2409
216 2410
216 2411
216 2412
216 2413
216 2414
217 2415
217 2416
217 2417
217 2418
217 2419
217 2420
217 2421
217 2422
217 2423
217 2424
218 2425
218 2426
218 2427
218 2428
218 2429
218 2430
218 2431
218 2432
218 2433
218 2434
219 2435
219 2436
219 2437
219 2438
219 2439
219 2440
219 2441
219 2442
219 2443
219 2444
220 2445
220 2446
220 2447
220 2448
220 2449
220 2450
220 2451
220 2452
220 2453
220 2454
221 2455
221 2456
221 2457
221 2458
221 2459
221 2460
221 2461
221 2462
221 2463
221 2464
222 2465
222 2466
222 2467
222 2468
222 2469
222 2470
222 2471
222 2472
222 2473
222 2474
223 2475
223 2476
223 2477
223 2478
223 2479
223 2480
223 2481
223 2482
223 2483
223 2484
224 2485
224 2486
224 2487
224 2488
224 2489
224 2490
224 2491
224 2492
224 2493
224 2494
225 2495
225 2496
225 2497
225 2498
225 2499
225 2500
225 2501
225 2502
225 2503
225 2504
226 2505
226 2506
226 2507
226 2508
226 2509
226 2510
226 2511
226 2512
226 2513
226 2514
227 2515
227 2516
227 2517
227 2518
227 2519
227 2520
227 2521
227 2522
227 2523
227 2524
228 2525
228 2526
228 2527
228 2528
228 2529
228 2530
228 2531
228 2532
228 2533
228 2534
229 2535
229 2536
229 2537
229 2538
229 2539
229 2540
229 2541
229 2542
229 2543
229 2544
230 2545
230 2546
230 2547
230 2548
230 2549
230 2550
230 2551
230 2552
230 2553
230 2554
231 2555
231 2556
231 2557
231 2558
231 2559
231 2560
231 2561
231 2562
231 2563
231 2564
232 2565
232 2566
232 2567
232 2568
232 2569
232 2570
232 2571
232 2572
232 2573
232 2574
233 2575
233 2576
233 2577
233 2578
233 2579
233 2580
233 2581
233 2582
233 2583
233 2584
234 2585
234 2586
234 2587
234 2588
234 2589
234 2590
234 2591
234 2592
234 2593
234 2594
235 2595
235 2596
235 2597
235 2598
235 2599
235 2600
235 2601
235 2602
235 2603
235 2604
236 2605
236 2606
236 2607
236 2608
236 2609
236 2610
236 2611
236 2612
236 2613
236 2614
237 2615
237 2616
237 2617
237 2618
237 2619
237 2620
237 2621
237 2622
237 2623
237 2624
238 2625
238 2626
238 2627
238 2628
238 2629
238 2630
238 2631
238 2632
238 2633
238 2634
239 2635
239 2636
239 2637
239 2638
239 2639
239 2640
239 2641
239 2642
239 2643
239 2644
240 2645
240 2646
240 2647
240 2648
240 2649
240 2650
240 2651
240 2652
240 2653
240 2654
241 2655
241 2656
241 2657
241 2658
241 2659
241 2660
241 2661
241 2662
241 2663
241 2664
242 2665
242 2666
242 2667
242 2668
242 2669
242 2670
242 2671
242 2672
242 2673
242 2674
243 2675
243 2676
243 2677
243 2678
243 2679
243 2680
243 2681
243 2682
243 2683
243 2684
244 2685
244 2686
244 2687
244 2688
244 2689
244 2690
244 2691
244 2692
244 2693
244 2694
