0 128
0 176
0 4
0 257
0 272
0 207
0 144
0 179
0 212
0 249
0 220
0 350
1 291
1 201
1 106
1 45
1 242
1 173
1 208
1 210
1 181
1 137
1 250
1 53
2 107
2 113
2 235
2 46
2 221
2 337
2 18
2 275
2 270
2 88
2 253
2 351
3 193
3 259
3 133
3 97
3 297
3 237
3 110
3 353
3 251
3 187
3 284
3 61
4 225
4 325
4 273
4 105
4 333
4 336
4 81
4 339
4 212
4 313
4 31
5 69
5 38
5 49
5 300
5 206
5 305
5 149
5 342
5 312
5 313
5 31
5 245
6 291
6 100
6 294
6 259
6 233
6 202
6 204
6 79
6 147
6 214
6 344
6 218
7 131
7 49
7 119
7 201
7 43
7 109
7 175
7 273
7 269
7 281
7 345
7 347
8 130
8 234
8 299
8 174
8 49
8 51
8 308
8 334
8 246
8 343
8 185
8 187
9 192
9 352
9 355
9 230
9 295
9 339
9 301
9 79
9 259
9 57
9 93
9 30
10 256
10 227
10 69
10 199
10 72
10 138
10 107
10 50
10 21
10 310
10 247
10 280
11 353
11 196
11 261
11 40
11 63
11 298
11 142
11 275
11 118
11 347
11 220
11 165
12 163
12 165
12 230
12 231
12 297
12 302
12 48
12 209
12 54
12 184
12 346
12 37
13 66
13 165
13 294
13 136
13 170
13 204
13 303
13 254
13 339
13 318
13 57
13 30
14 132
14 356
14 134
14 77
14 93
14 272
14 339
14 248
14 228
14 186
14 314
14 260
15 355
15 164
15 358
15 103
15 107
15 332
15 109
15 48
15 115
15 279
15 219
15 222
16 163
16 211
16 137
16 336
16 209
16 306
16 147
16 149
16 215
16 315
16 188
16 191
17 225
17 139
17 263
17 28
17 75
17 208
17 147
17 340
17 55
17 308
17 91
17 60
18 288
18 128
18 324
18 337
18 233
18 66
18 111
18 305
18 242
18 244
18 62
19 33
19 260
19 298
19 94
19 239
19 222
19 243
19 245
19 86
19 23
19 156
19 62
20 352
20 97
20 35
20 36
20 38
20 129
20 42
20 109
20 81
20 85
20 62
20 117
21 64
21 332
21 141
21 239
21 272
21 273
21 308
21 24
21 282
21 62
21 287
22 253
22 194
22 101
22 105
22 125
22 336
22 241
22 82
22 275
22 54
22 156
22 189
23 323
23 167
23 332
23 268
23 46
23 60
23 221
23 214
23 73
23 316
23 61
24 162
24 228
24 166
24 104
24 138
24 75
24 242
24 337
24 274
24 278
24 217
25 193
25 354
25 75
25 341
25 299
25 301
25 181
25 119
25 57
25 282
25 155
25 159
26 224
26 129
26 290
26 164
26 70
26 193
26 267
26 78
26 245
26 119
26 220
26 286
27 197
27 134
27 295
27 40
27 95
27 300
27 328
27 212
27 213
27 319
27 61
27 309
28 51
28 99
28 37
28 329
28 140
28 111
28 178
28 355
28 311
28 152
28 345
29 194
29 325
29 104
29 266
29 235
29 237
29 207
29 214
29 311
29 250
29 187
29 197
30 160
30 289
30 258
30 261
30 139
30 177
30 339
30 244
30 118
30 52
31 322
31 105
31 258
31 109
31 114
31 149
31 118
31 233
31 57
31 122
32 288
32 65
32 197
32 40
32 298
32 78
32 177
32 274
32 117
32 345
32 346
32 266
33 59
33 262
33 203
33 236
33 79
33 91
33 249
33 186
33 123
33 253
33 223
34 64
34 288
34 98
34 260
34 234
34 171
34 145
34 245
34 228
34 155
34 349
34 127
35 356
35 86
35 262
35 330
35 207
35 307
35 342
35 143
35 220
35 190
35 211
36 96
36 68
36 168
36 76
36 139
36 172
36 207
36 115
36 54
36 344
36 185
37 128
37 352
37 261
37 265
37 174
37 209
37 148
37 182
37 73
37 349
38 322
38 104
38 44
38 110
38 174
38 145
38 245
38 344
38 347
38 280
39 163
39 228
39 103
39 40
39 201
39 77
39 335
39 80
39 178
39 211
39 212
39 63
40 197
40 330
40 135
40 144
40 182
40 123
40 348
40 69
41 130
41 315
41 360
41 233
41 236
41 78
41 144
41 211
41 246
41 283
41 217
41 91
42 296
42 170
42 332
42 110
42 273
42 146
42 334
42 183
42 344
42 136
42 318
43 225
43 196
43 325
43 104
43 141
43 175
43 112
43 305
43 82
43 278
43 260
44 148
44 323
44 330
44 113
44 340
44 343
44 216
44 180
44 250
44 94
44 159
45 328
45 324
45 102
45 136
45 142
45 240
45 209
45 119
45 356
45 187
45 158
46 192
46 196
46 278
46 297
46 234
46 354
46 182
46 248
46 187
46 284
47 295
47 329
47 74
47 173
47 109
47 111
47 113
47 306
47 212
47 246
47 186
47 282
48 96
48 299
48 302
48 125
48 185
48 90
48 283
48 253
48 190
48 63
49 258
49 197
49 326
49 106
49 267
49 333
49 251
49 101
49 350
50 160
50 102
50 74
50 268
50 141
50 238
50 189
50 273
50 151
50 312
50 220
51 356
51 199
51 113
51 203
51 93
51 273
51 181
51 313
51 284
51 253
52 129
52 323
52 326
52 263
52 105
52 330
52 299
52 340
52 149
52 311
52 58
53 65
53 259
53 292
53 145
53 136
53 300
53 241
53 179
53 183
53 56
53 58
54 226
54 294
54 110
54 239
54 82
54 180
54 309
54 61
54 191
55 194
55 356
55 293
55 135
55 299
55 253
55 338
55 84
55 94
55 189
55 286
56 336
56 67
56 359
56 202
56 208
56 337
56 210
56 154
56 284
56 126
56 63
57 354
57 338
57 303
57 274
57 182
57 247
57 88
57 159
58 299
58 197
58 199
58 331
58 236
58 302
58 338
58 341
58 342
58 219
59 355
59 326
59 71
59 60
59 235
59 276
59 246
59 313
59 217
59 252
59 158
60 353
60 292
60 165
60 198
60 74
60 270
60 177
60 151
60 312
61 128
61 257
61 204
61 205
61 208
61 117
61 88
61 181
62 256
62 65
62 260
62 136
62 138
62 186
62 347
62 350
63 322
63 259
63 170
63 172
63 334
63 175
63 235
63 119
64 195
64 309
64 305
64 138
64 226
64 113
64 314
64 251
64 348
64 117
65 321
65 226
65 233
65 298
65 269
65 302
65 276
65 329
65 122
66 224
66 323
66 167
66 170
66 107
66 206
66 309
66 235
66 299
66 231
67 320
67 81
67 327
67 296
67 74
67 336
67 209
67 180
67 150
67 279
67 345
68 224
68 288
68 258
68 273
68 169
68 305
68 178
68 244
68 89
68 120
68 84
69 193
69 290
69 201
69 139
69 144
69 115
69 310
69 90
69 93
70 166
70 232
70 169
70 77
70 82
70 341
70 278
70 345
70 282
70 351
70 85
71 128
71 329
71 138
71 107
71 76
71 273
71 73
71 185
71 347
71 126
71 95
72 129
72 200
72 297
72 236
72 269
72 337
72 181
72 344
72 314
72 155
72 319
73 228
73 127
73 300
73 173
73 270
73 100
73 90
73 95
73 325
74 224
74 264
74 268
74 144
74 286
74 207
74 125
74 158
75 267
75 165
75 168
75 139
75 84
75 213
75 203
75 347
75 216
76 290
76 355
76 359
76 274
76 126
76 86
76 343
76 185
76 125
76 286
77 288
77 353
77 98
77 101
77 280
77 306
77 248
77 281
77 191
78 96
78 99
78 356
78 166
78 103
78 301
78 285
78 82
78 314
79 320
79 356
79 357
79 202
79 237
79 142
79 335
79 117
79 165
80 290
80 237
80 238
80 269
80 176
80 211
80 117
80 153
80 122
80 186
80 149
81 359
81 328
81 298
81 107
81 144
81 339
81 148
81 346
81 315
82 160
82 129
82 174
82 344
82 213
82 120
82 261
83 224
83 163
83 357
83 198
83 232
83 267
83 333
83 278
83 186
83 90
83 190
83 223
84 310
84 168
84 108
84 175
84 114
84 182
84 281
84 284
84 157
85 228
85 293
85 201
85 210
85 115
85 278
85 260
85 155
85 221
85 126
86 352
86 258
86 197
86 296
86 354
86 328
86 341
86 118
86 159
87 219
87 134
87 106
87 172
87 125
87 116
87 213
87 151
87 153
87 123
87 349
87 223
88 320
88 147
88 211
88 136
88 108
88 115
88 278
88 344
88 186
89 290
89 168
89 235
89 190
89 111
89 277
89 311
89 152
89 223
89 126
89 117
90 101
90 275
90 171
90 270
90 177
90 313
90 285
90 133
91 128
91 106
91 119
91 192
91 112
91 247
91 345
91 348
91 159
92 225
92 324
92 118
92 233
92 141
92 303
92 237
92 244
92 214
92 121
92 212
92 105
93 290
93 229
93 237
93 146
93 244
93 283
93 94
93 293
94 359
94 360
94 234
94 103
94 205
94 173
94 269
94 250
95 257
95 322
95 291
95 195
95 263
95 171
95 177
95 243
95 188
96 272
96 357
96 289
96 169
96 138
96 203
96 172
96 274
96 349
97 228
97 295
97 200
97 106
97 204
97 206
97 207
97 360
97 315
97 255
98 227
98 357
98 326
98 290
98 194
98 241
98 306
98 275
98 345
98 130
99 262
99 166
99 266
99 203
99 112
99 248
99 152
99 281
99 285
99 158
100 262
100 259
100 147
100 229
100 232
100 137
100 112
100 179
100 212
100 276
101 358
101 104
101 113
101 121
101 216
101 217
101 156
101 314
102 162
102 201
102 306
102 322
102 143
102 245
102 246
102 122
102 350
102 223
103 288
103 299
103 303
103 179
103 150
103 167
103 126
103 159
104 257
104 354
104 167
104 107
104 343
104 344
104 151
105 224
105 162
105 295
105 265
105 167
105 174
105 209
106 164
106 199
106 204
106 238
106 336
106 210
106 124
107 196
107 139
107 108
107 152
107 314
108 289
108 135
108 201
108 140
108 306
108 179
108 248
108 348
108 284
109 326
109 205
109 144
109 307
109 283
109 316
109 318
110 325
110 266
110 111
110 337
110 275
110 184
110 188
110 134
111 132
111 198
111 268
111 240
111 158
111 315
111 254
112 257
112 162
112 230
112 167
112 331
112 178
112 276
112 245
113 324
113 138
113 140
113 146
113 271
113 178
114 132
114 166
114 156
114 235
114 274
114 275
114 311
114 292
114 281
114 183
115 199
115 140
115 308
115 218
115 314
115 252
115 349
116 192
116 320
116 330
116 331
116 240
116 181
116 153
116 312
116 121
116 347
116 156
117 227
117 178
117 131
117 212
117 182
118 134
118 200
118 302
118 208
118 238
118 152
118 251
119 352
119 198
119 264
119 299
119 176
119 247
120 226
120 327
120 196
120 267
120 140
120 206
120 148
120 142
120 324
120 285
121 193
121 291
121 356
121 296
121 174
121 240
121 149
121 123
121 253
122 133
122 231
122 205
122 303
122 243
122 244
122 248
122 126
123 194
123 259
123 133
123 300
123 237
123 323
123 250
123 357
124 198
124 357
124 358
124 209
124 233
124 208
124 177
124 338
124 151
124 298
124 287
125 357
125 268
125 284
125 346
125 283
125 316
125 351
126 360
126 201
126 214
126 314
126 255
127 166
127 135
127 299
127 301
127 207
127 241
127 309
127 250
127 350
127 191
128 176
128 338
128 221
128 272
128 148
128 313
129 321
129 241
129 264
129 184
129 313
129 154
129 283
130 256
130 321
130 229
130 231
130 168
130 172
130 175
130 281
130 346
131 321
131 323
131 357
131 141
131 334
131 205
131 304
131 206
131 152
131 185
132 354
132 355
132 359
132 202
132 145
132 307
132 308
132 278
132 252
133 311
133 300
133 239
133 323
133 340
133 246
133 215
133 284
134 320
134 138
134 247
134 302
134 210
134 308
134 319
135 165
135 296
135 202
135 143
135 150
135 343
135 184
135 155
136 142
136 170
136 334
136 182
136 298
136 159
137 360
137 235
137 238
137 305
137 180
137 270
137 346
137 219
137 350
138 264
138 181
138 185
138 318
139 234
139 172
139 242
139 347
139 348
139 285
140 161
140 358
140 296
140 149
140 342
140 191
140 319
141 231
141 144
141 305
141 146
141 212
141 281
141 346
142 224
142 293
142 294
142 143
142 339
142 314
142 222
143 354
143 229
143 194
143 271
143 307
143 276
143 248
143 286
144 193
144 171
144 310
144 325
145 160
145 327
145 263
145 336
145 177
145 213
145 255
145 284
146 321
146 155
146 294
146 202
146 307
146 151
146 219
146 252
147 288
147 322
147 196
147 292
147 148
147 246
147 154
148 161
148 226
148 335
148 214
148 312
148 229
149 160
149 195
149 359
149 204
149 338
150 225
150 328
150 298
150 272
150 177
150 178
150 341
150 220
150 319
151 353
151 300
151 303
151 304
151 277
151 250
152 320
152 241
152 203
152 176
152 307
152 309
153 224
153 258
153 282
153 359
153 183
153 340
153 314
153 154
153 231
154 320
154 229
154 326
154 271
154 336
154 217
154 249
154 252
155 288
155 194
155 340
155 312
155 157
155 277
156 160
156 352
156 347
156 201
156 331
156 218
156 187
157 289
157 162
157 355
157 358
157 170
157 335
157 304
157 211
157 202
157 158
158 322
158 261
158 263
158 238
158 216
158 281
159 331
159 359
159 329
159 235
159 305
160 230
160 327
160 206
160 239
160 218
160 282
161 227
161 198
161 263
161 264
161 234
161 205
161 240
161 328
161 242
161 189
162 304
162 226
162 292
162 303
162 336
162 210
162 308
163 192
163 179
163 233
163 177
163 213
163 182
163 312
163 351
164 193
164 290
164 227
164 360
164 297
164 271
164 245
164 169
164 317
165 292
165 341
165 216
165 249
165 287
166 231
166 264
166 174
166 183
166 190
166 255
167 257
167 262
167 330
167 306
167 307
167 220
168 248
168 311
168 344
168 187
168 188
168 286
168 312
169 192
169 227
169 204
169 173
169 291
169 246
169 191
169 319
170 225
170 233
170 267
170 269
170 215
170 265
171 255
171 186
171 183
171 184
171 315
171 221
171 254
171 351
172 294
172 235
172 240
172 319
172 287
172 188
173 178
173 330
173 242
173 210
173 180
173 318
173 189
174 200
174 336
174 248
174 318
174 312
175 291
175 293
175 232
175 298
175 333
175 270
175 287
176 259
176 326
176 243
176 329
176 323
176 315
176 318
177 352
177 304
177 243
178 353
178 197
178 230
178 218
179 256
179 265
179 206
179 208
179 313
179 196
180 296
180 266
180 340
180 213
180 214
180 217
180 316
181 235
181 237
181 334
181 303
181 216
182 227
182 207
182 272
182 306
183 198
183 199
183 309
183 278
183 282
183 351
184 320
184 267
184 253
184 355
184 317
184 350
184 319
185 230
185 231
185 333
185 260
185 318
186 195
186 307
186 213
186 250
187 331
187 340
187 203
187 247
187 312
188 259
188 292
188 262
188 241
188 274
188 356
188 316
189 320
189 230
189 263
189 234
189 274
189 216
189 284
190 225
190 354
190 261
190 331
190 239
190 286
190 229
191 258
191 260
191 198
191 205
191 239
191 221
192 257
192 300
192 338
192 307
192 276
192 255
193 359
193 332
193 204
193 285
193 254
194 224
194 321
194 264
194 354
194 226
195 227
195 199
195 200
195 233
195 272
195 342
195 215
195 346
196 243
196 201
196 215
196 218
196 318
197 258
197 354
197 243
197 315
198 232
198 270
198 337
198 338
199 352
199 355
199 327
199 265
199 250
200 230
200 358
200 234
200 240
200 312
200 317
200 350
201 316
201 285
202 241
202 207
202 344
202 276
202 317
203 358
203 327
203 275
203 259
203 250
204 292
204 301
204 271
204 239
205 325
205 330
205 259
205 283
205 287
206 328
206 245
206 279
206 280
206 347
207 258
207 218
207 347
208 227
208 356
208 325
208 240
208 309
209 224
209 299
209 297
209 346
209 317
210 227
210 359
210 272
210 307
210 214
211 290
211 215
211 281
211 284
211 285
212 334
212 214
212 277
213 353
213 229
213 236
213 340
214 332
214 248
214 220
215 353
215 324
215 237
215 310
215 343
215 261
216 329
216 330
216 271
216 337
216 252
217 246
217 229
217 267
217 342
217 265
217 249
218 328
218 265
218 310
218 344
218 249
219 232
219 266
219 235
219 264
219 275
219 239
219 234
220 333
220 342
220 306
220 282
221 295
221 322
221 270
221 278
221 279
221 344
222 291
222 325
222 326
222 263
222 360
222 323
222 308
222 277
222 253
223 356
223 297
223 333
223 336
223 338
223 254
223 287
224 314
224 254
225 257
225 228
225 229
225 334
225 307
226 325
226 237
226 273
226 245
226 276
227 256
227 293
228 321
228 326
228 333
228 240
229 276
229 332
230 261
230 301
230 302
230 279
231 256
231 329
231 239
231 252
232 347
232 272
232 338
232 342
232 251
232 254
233 267
233 282
234 302
234 271
234 308
236 328
236 300
236 303
236 247
236 280
236 316
236 264
237 321
237 277
238 320
238 289
238 294
238 338
238 306
238 308
239 291
239 309
240 271
240 275
240 303
241 256
241 305
241 244
241 249
242 243
242 264
242 307
242 330
242 302
242 339
243 352
243 265
243 316
243 357
244 288
244 337
244 266
244 336
244 273
245 325
245 345
246 353
246 247
246 252
247 263
247 268
247 338
247 316
248 297
248 279
249 294
249 297
249 315
249 349
249 318
250 326
250 319
251 353
251 322
251 360
251 331
251 346
251 349
251 296
252 268
252 301
252 303
252 281
253 335
253 348
253 317
254 291
254 263
254 304
254 287
254 315
255 261
255 352
255 309
255 279
255 280
255 293
256 258
256 325
256 309
256 342
256 317
257 309
257 311
257 313
257 316
258 327
258 267
259 302
260 267
260 294
260 300
260 331
261 262
261 337
261 277
262 329
262 295
262 332
262 279
262 312
263 270
263 310
264 327
264 337
265 327
265 310
265 313
265 317
266 289
266 294
266 300
266 305
266 311
267 277
268 353
268 292
268 358
268 328
268 272
269 289
269 332
269 271
269 306
269 343
269 287
270 288
270 304
270 345
271 352
271 342
271 351
272 329
273 304
273 350
274 290
274 359
274 304
274 351
275 324
275 328
276 351
276 343
276 357
277 356
277 360
277 310
277 346
278 290
278 322
279 354
279 342
279 343
279 335
280 289
280 297
280 305
280 339
280 282
280 285
281 298
281 305
282 354
282 333
283 332
283 343
283 319
283 318
283 351
284 321
285 303
285 291
285 355
286 290
286 323
286 313
286 315
286 317
287 289
287 360
287 335
288 334
288 341
289 329
289 330
289 351
291 360
291 304
292 326
292 359
292 351
293 296
293 300
293 339
293 334
293 348
294 328
294 341
295 357
295 331
295 333
295 335
295 340
296 322
296 340
296 341
297 348
297 349
298 342
298 357
299 341
301 355
301 327
301 334
301 335
301 313
302 339
302 315
304 326
304 334
306 331
308 311
308 324
310 324
310 348
310 319
311 358
311 335
314 358
316 355
316 323
317 320
317 323
317 350
318 349
319 353
320 346
321 348
321 332
321 341
322 329
324 348
324 339
324 345
327 343
327 350
330 348
331 358
332 341
333 360
333 337
335 349
335 350
340 345
343 345
349 352
349 358
0 361
0 362
0 363
0 364
0 365
1 366
1 367
1 368
1 369
1 370
2 371
2 372
2 373
2 374
2 375
3 376
3 377
3 378
3 379
3 380
4 381
4 382
4 383
4 384
4 385
5 386
5 387
5 388
5 389
5 390
6 391
6 392
6 393
6 394
6 395
7 396
7 397
7 398
7 399
7 400
8 401
8 402
8 403
8 404
8 405
9 406
9 407
9 408
9 409
9 410
10 411
10 412
10 413
10 414
10 415
11 416
11 417
11 418
11 419
11 420
12 421
12 422
12 423
12 424
12 425
13 426
13 427
13 428
13 429
13 430
14 431
14 432
14 433
14 434
14 435
15 436
15 437
15 438
15 439
15 440
16 441
16 442
16 443
16 444
16 445
17 446
17 447
17 448
17 449
17 450
18 451
18 452
18 453
18 454
18 455
19 456
19 457
19 458
19 459
19 460
20 461
20 462
20 463
20 464
20 465
21 466
21 467
21 468
21 469
21 470
22 471
22 472
22 473
22 474
22 475
23 476
23 477
23 478
23 479
23 480
24 481
24 482
24 483
24 484
24 485
25 486
25 487
25 488
25 489
25 490
26 491
26 492
26 493
26 494
26 495
27 496
27 497
27 498
27 499
27 500
28 501
28 502
28 503
28 504
28 505
29 506
29 507
29 508
29 509
29 510
30 511
30 512
30 513
30 514
30 515
31 516
31 517
31 518
31 519
31 520
32 521
32 522
32 523
32 524
32 525
33 526
33 527
33 528
33 529
33 530
34 531
34 532
34 533
34 534
34 535
35 536
35 537
35 538
35 539
35 540
36 541
36 542
36 543
36 544
36 545
37 546
37 547
37 548
37 549
37 550
38 551
38 552
38 553
38 554
38 555
39 556
39 557
39 558
39 559
39 560
40 561
40 562
40 563
40 564
40 565
41 566
41 567
41 568
41 569
41 570
42 571
42 572
42 573
42 574
42 575
43 576
43 577
43 578
43 579
43 580
44 581
44 582
44 583
44 584
44 585
45 586
45 587
45 588
45 589
45 590
46 591
46 592
46 593
46 594
46 595
47 596
47 597
47 598
47 599
47 600
48 601
48 602
48 603
48 604
48 605
49 606
49 607
49 608
49 609
49 610
50 611
50 612
50 613
50 614
50 615
51 616
51 617
51 618
51 619
51 620
52 621
52 622
52 623
52 624
52 625
53 626
53 627
53 628
53 629
53 630
54 631
54 632
54 633
54 634
54 635
55 636
55 637
55 638
55 639
55 640
56 641
56 642
56 643
56 644
56 645
57 646
57 647
57 648
57 649
57 650
58 651
58 652
58 653
58 654
58 655
59 656
59 657
59 658
59 659
59 660
60 661
60 662
60 663
60 664
60 665
61 666
61 667
61 668
61 669
61 670
62 671
62 672
62 673
62 674
62 675
63 676
63 677
63 678
63 679
63 680
64 681
64 682
64 683
64 684
64 685
65 686
65 687
65 688
65 689
65 690
66 691
66 692
66 693
66 694
66 695
67 696
67 697
67 698
67 699
67 700
68 701
68 702
68 703
68 704
68 705
69 706
69 707
69 708
69 709
69 710
70 711
70 712
70 713
70 714
70 715
71 716
71 717
71 718
71 719
71 720
72 721
72 722
72 723
72 724
72 725
73 726
73 727
73 728
73 729
73 730
74 731
74 732
74 733
74 734
74 735
75 736
75 737
75 738
75 739
75 740
76 741
76 742
76 743
76 744
76 745
77 746
77 747
77 748
77 749
77 750
78 751
78 752
78 753
78 754
78 755
79 756
79 757
79 758
79 759
79 760
80 761
80 762
80 763
80 764
80 765
81 766
81 767
81 768
81 769
81 770
82 771
82 772
82 773
82 774
82 775
83 776
83 777
83 778
83 779
83 780
84 781
84 782
84 783
84 784
84 785
85 786
85 787
85 788
85 789
85 790
86 791
86 792
86 793
86 794
86 795
87 796
87 797
87 798
87 799
87 800
88 801
88 802
88 803
88 804
88 805
89 806
89 807
89 808
89 809
89 810
90 811
90 812
90 813
90 814
90 815
91 816
91 817
91 818
91 819
91 820
92 821
92 822
92 823
92 824
92 825
93 826
93 827
93 828
93 829
93 830
94 831
94 832
94 833
94 834
94 835
95 836
95 837
95 838
95 839
95 840
96 841
96 842
96 843
96 844
96 845
97 846
97 847
97 848
97 849
97 850
98 851
98 852
98 853
98 854
98 855
99 856
99 857
99 858
99 859
99 860
100 861
100 862
100 863
100 864
100 865
101 866
101 867
101 868
101 869
101 870
102 871
102 872
102 873
102 874
102 875
103 876
103 877
103 878
103 879
103 880
104 881
104 882
104 883
104 884
104 885
105 886
105 887
105 888
105 889
105 890
106 891
106 892
106 893
106 894
106 895
107 896
107 897
107 898
107 899
107 900
108 901
108 902
108 903
108 904
108 905
109 906
109 907
109 908
109 909
109 910
110 911
110 912
110 913
110 914
110 915
111 916
111 917
111 918
111 919
111 920
112 921
112 922
112 923
112 924
112 925
113 926
113 927
113 928
113 929
113 930
114 931
114 932
114 933
114 934
114 935
115 936
115 937
115 938
115 939
115 940
116 941
116 942
116 943
116 944
116 945
117 946
117 947
117 948
117 949
117 950
118 951
118 952
118 953
118 954
118 955
119 956
119 957
119 958
119 959
119 960
120 961
120 962
120 963
120 964
120 965
121 966
121 967
121 968
121 969
121 970
122 971
122 972
122 973
122 974
122 975
123 976
123 977
123 978
123 979
123 980
124 981
124 982
124 983
124 984
124 985
125 986
125 987
125 988
125 989
125 990
126 991
126 992
126 993
126 994
126 995
127 996
127 997
127 998
127 999
127 1000
128 1001
128 1002
128 1003
128 1004
128 1005
129 1006
129 1007
129 1008
129 1009
129 1010
130 1011
130 1012
130 1013
130 1014
130 1015
131 1016
131 1017
131 1018
131 1019
131 1020
132 1021
132 1022
132 1023
132 1024
132 1025
133 1026
133 1027
133 1028
133 1029
133 1030
134 1031
134 1032
134 1033
134 1034
134 1035
135 1036
135 1037
135 1038
135 1039
135 1040
136 1041
136 1042
136 1043
136 1044
136 1045
137 1046
137 1047
137 1048
137 1049
137 1050
138 1051
138 1052
138 1053
138 1054
138 1055
139 1056
139 1057
139 1058
139 1059
139 1060
140 1061
140 1062
140 1063
140 1064
140 1065
141 1066
141 1067
141 1068
141 1069
141 1070
142 1071
142 1072
142 1073
142 1074
142 1075
143 1076
143 1077
143 1078
143 1079
143 1080
144 1081
144 1082
144 1083
144 1084
144 1085
145 1086
145 1087
145 1088
145 1089
145 1090
146 1091
146 1092
146 1093
146 1094
146 1095
147 1096
147 1097
147 1098
147 1099
147 1100
148 1101
148 1102
148 1103
148 1104
148 1105
149 1106
149 1107
149 1108
149 1109
149 1110
150 1111
150 1112
150 1113
150 1114
150 1115
151 1116
151 1117
151 1118
151 1119
151 1120
152 1121
152 1122
152 1123
152 1124
152 1125
153 1126
153 1127
153 1128
153 1129
153 1130
154 1131
154 1132
154 1133
154 1134
154 1135
155 1136
155 1137
155 1138
155 1139
155 1140
156 1141
156 1142
156 1143
156 1144
156 1145
157 1146
157 1147
157 1148
157 1149
157 1150
158 1151
158 1152
158 1153
158 1154
158 1155
159 1156
159 1157
159 1158
159 1159
159 1160
160 1161
160 1162
160 1163
160 1164
160 1165
161 1166
161 1167
161 1168
161 1169
161 1170
162 1171
162 1172
162 1173
162 1174
162 1175
163 1176
163 1177
163 1178
163 1179
163 1180
164 1181
164 1182
164 1183
164 1184
164 1185
165 1186
165 1187
165 1188
165 1189
165 1190
166 1191
166 1192
166 1193
166 1194
166 1195
167 1196
167 1197
167 1198
167 1199
167 1200
168 1201
168 1202
168 1203
168 1204
168 1205
169 1206
169 1207
169 1208
169 1209
169 1210
170 1211
170 1212
170 1213
170 1214
170 1215
171 1216
171 1217
171 1218
171 1219
171 1220
172 1221
172 1222
172 1223
172 1224
172 1225
173 1226
173 1227
173 1228
173 1229
173 1230
174 1231
174 1232
174 1233
174 1234
174 1235
175 1236
175 1237
175 1238
175 1239
175 1240
176 1241
176 1242
176 1243
176 1244
176 1245
177 1246
177 1247
177 1248
177 1249
177 1250
178 1251
178 1252
178 1253
178 1254
178 1255
179 1256
179 1257
179 1258
179 1259
179 1260
180 1261
180 1262
180 1263
180 1264
180 1265
181 1266
181 1267
181 1268
181 1269
181 1270
182 1271
182 1272
182 1273
182 1274
182 1275
183 1276
183 1277
183 1278
183 1279
183 1280
184 1281
184 1282
184 1283
184 1284
184 1285
185 1286
185 1287
185 1288
185 1289
185 1290
186 1291
186 1292
186 1293
186 1294
186 1295
187 1296
187 1297
187 1298
187 1299
187 1300
188 1301
188 1302
188 1303
188 1304
188 1305
189 1306
189 1307
189 1308
189 1309
189 1310
190 1311
190 1312
190 1313
190 1314
190 1315
191 1316
191 1317
191 1318
191 1319
191 1320
192 1321
192 1322
192 1323
192 1324
192 1325
193 1326
193 1327
193 1328
193 1329
193 1330
194 1331
194 1332
194 1333
194 1334
194 1335
195 1336
195 1337
195 1338
195 1339
195 1340
196 1341
196 1342
196 1343
196 1344
196 1345
197 1346
197 1347
197 1348
197 1349
197 1350
198 1351
198 1352
198 1353
198 1354
198 1355
199 1356
199 1357
199 1358
199 1359
199 1360
200 1361
200 1362
200 1363
200 1364
200 1365
201 1366
201 1367
201 1368
201 1369
201 1370
202 1371
202 1372
202 1373
202 1374
202 1375
203 1376
203 1377
203 1378
203 1379
203 1380
204 1381
204 1382
204 1383
204 1384
204 1385
205 1386
205 1387
205 1388
205 1389
205 1390
206 1391
206 1392
206 1393
206 1394
206 1395
207 1396
207 1397
207 1398
207 1399
207 1400
208 1401
208 1402
208 1403
208 1404
208 1405
209 1406
209 1407
209 1408
209 1409
209 1410
210 1411
210 1412
210 1413
210 1414
210 1415
211 1416
211 1417
211 1418
211 1419
211 1420
212 1421
212 1422
212 1423
212 1424
212 1425
213 1426
213 1427
213 1428
213 1429
213 1430
214 1431
214 1432
214 1433
214 1434
214 1435
215 1436
215 1437
215 1438
215 1439
215 1440
216 1441
216 1442
216 1443
216 1444
216 1445
217 1446
217 1447
217 1448
217 1449
217 1450
218 1451
218 1452
218 1453
218 1454
218 1455
219 1456
219 1457
219 1458
219 1459
219 1460
220 1461
220 1462
220 1463
220 1464
220 1465
221 1466
221 1467
221 1468
221 1469
221 1470
222 1471
222 1472
222 1473
222 1474
222 1475
223 1476
223 1477
223 1478
223 1479
223 1480
224 1481
224 1482
224 1483
224 1484
224 1485
225 1486
225 1487
225 1488
225 1489
225 1490
226 1491
226 1492
226 1493
226 1494
226 1495
227 1496
227 1497
227 1498
227 1499
227 1500
228 1501
228 1502
228 1503
228 1504
228 1505
229 1506
229 1507
229 1508
229 1509
229 1510
230 1511
230 1512
230 1513
230 1514
230 1515
231 1516
231 1517
231 1518
231 1519
231 1520
232 1521
232 1522
232 1523
232 1524
232 1525
233 1526
233 1527
233 1528
233 1529
233 1530
234 1531
234 1532
234 1533
234 1534
234 1535
235 1536
235 1537
235 1538
235 1539
235 1540
236 1541
236 1542
236 1543
236 1544
236 1545
237 1546
237 1547
237 1548
237 1549
237 1550
238 1551
238 1552
238 1553
238 1554
238 1555
239 1556
239 1557
239 1558
239 1559
239 1560
240 1561
240 1562
240 1563
240 1564
240 1565
241 1566
241 1567
241 1568
241 1569
241 1570
242 1571
242 1572
242 1573
242 1574
242 1575
243 1576
243 1577
243 1578
243 1579
243 1580
244 1581
244 1582
244 1583
244 1584
244 1585
245 1586
245 1587
245 1588
245 1589
245 1590
246 1591
246 1592
246 1593
246 1594
246 1595
247 1596
247 1597
247 1598
247 1599
247 1600
248 1601
248 1602
248 1603
248 1604
248 1605
249 1606
249 1607
249 1608
249 1609
249 1610
250 1611
250 1612
250 1613
250 1614
250 1615
251 1616
251 1617
251 1618
251 1619
251 1620
252 1621
252 1622
252 1623
252 1624
252 1625
253 1626
253 1627
253 1628
253 1629
253 1630
254 1631
254 1632
254 1633
254 1634
254 1635
255 1636
255 1637
255 1638
255 1639
255 1640
256 1641
256 1642
256 1643
256 1644
256 1645
257 1646
257 1647
257 1648
257 1649
257 1650
258 1651
258 1652
258 1653
258 1654
258 1655
259 1656
259 1657
259 1658
259 1659
259 1660
260 1661
260 1662
260 1663
260 1664
260 1665
261 1666
261 1667
261 1668
261 1669
261 1670
262 1671
262 1672
262 1673
262 1674
262 1675
263 1676
263 1677
263 1678
263 1679
263 1680
264 1681
264 1682
264 1683
264 1684
264 1685
265 1686
265 1687
265 1688
265 1689
265 1690
266 1691
266 1692
266 1693
266 1694
266 1695
267 1696
267 1697
267 1698
267 1699
267 1700
268 1701
268 1702
268 1703
268 1704
268 1705
269 1706
269 1707
269 1708
269 1709
269 1710
270 1711
270 1712
270 1713
270 1714
270 1715
271 1716
271 1717
271 1718
271 1719
271 1720
272 1721
272 1722
272 1723
272 1724
272 1725
273 1726
273 1727
273 1728
273 1729
273 1730
274 1731
274 1732
274 1733
274 1734
274 1735
275 1736
275 1737
275 1738
275 1739
275 1740
276 1741
276 1742
276 1743
276 1744
276 1745
277 1746
277 1747
277 1748
277 1749
277 1750
278 1751
278 1752
278 1753
278 1754
278 1755
279 1756
279 1757
279 1758
279 1759
279 1760
280 1761
280 1762
280 1763
280 1764
280 1765
281 1766
281 1767
281 1768
281 1769
281 1770
282 1771
282 1772
282 1773
282 1774
282 1775
283 1776
283 1777
283 1778
283 1779
283 1780
284 1781
284 1782
284 1783
284 1784
284 1785
285 1786
285 1787
285 1788
285 1789
285 1790
286 1791
286 1792
286 1793
286 1794
286 1795
287 1796
287 1797
287 1798
287 1799
287 1800
288 1801
288 1802
288 1803
288 1804
288 1805
289 1806
289 1807
289 1808
289 1809
289 1810
290 1811
290 1812
290 1813
290 1814
290 1815
291 1816
291 1817
291 1818
291 1819
291 1820
292 1821
292 1822
292 1823
292 1824
292 1825
293 1826
293 1827
293 1828
293 1829
293 1830
294 1831
294 1832
294 1833
294 1834
294 1835
295 1836
295 1837
295 1838
295 1839
295 1840
296 1841
296 1842
296 1843
296 1844
296 1845
297 1846
297 1847
297 1848
297 1849
297 1850
298 1851
298 1852
298 1853
298 1854
298 1855
299 1856
299 1857
299 1858
299 1859
299 1860
300 1861
300 1862
300 1863
300 1864
300 1865
301 1866
301 1867
301 1868
301 1869
301 1870
302 1871
302 1872
302 1873
302 1874
302 1875
303 1876
303 1877
303 1878
303 1879
303 1880
304 1881
304 1882
304 1883
304 1884
304 1885
305 1886
305 1887
305 1888
305 1889
305 1890
306 1891
306 1892
306 1893
306 1894
306 1895
307 1896
307 1897
307 1898
307 1899
307 1900
308 1901
308 1902
308 1903
308 1904
308 1905
309 1906
309 1907
309 1908
309 1909
309 1910
310 1911
310 1912
310 1913
310 1914
310 1915
311 1916
311 1917
311 1918
311 1919
311 1920
312 1921
312 1922
312 1923
312 1924
312 1925
313 1926
313 1927
313 1928
313 1929
313 1930
314 1931
314 1932
314 1933
314 1934
314 1935
315 1936
315 1937
315 1938
315 1939
315 1940
316 1941
316 1942
316 1943
316 1944
316 1945
317 1946
317 1947
317 1948
317 1949
317 1950
318 1951
318 1952
318 1953
318 1954
318 1955
319 1956
319 1957
319 1958
319 1959
319 1960
320 1961
320 1962
320 1963
320 1964
320 1965
321 1966
321 1967
321 1968
321 1969
321 1970
322 1971
322 1972
322 1973
322 1974
322 1975
323 1976
323 1977
323 1978
323 1979
323 1980
324 1981
324 1982
324 1983
324 1984
324 1985
325 1986
325 1987
325 1988
325 1989
325 1990
326 1991
326 1992
326 1993
326 1994
326 1995
327 1996
327 1997
327 1998
327 1999
327 2000
328 2001
328 2002
328 2003
328 2004
328 2005
329 2006
329 2007
329 2008
329 2009
329 2010
330 2011
330 2012
330 2013
330 2014
330 2015
331 2016
331 2017
331 2018
331 2019
331 2020
332 2021
332 2022
332 2023
332 2024
332 2025
333 2026
333 2027
333 2028
333 2029
333 2030
334 2031
334 2032
334 2033
334 2034
334 2035
335 2036
335 2037
335 2038
335 2039
335 2040
336 2041
336 2042
336 2043
336 2044
336 2045
337 2046
337 2047
337 2048
337 2049
337 2050
338 2051
338 2052
338 2053
338 2054
338 2055
339 2056
339 2057
339 2058
339 2059
339 2060
340 2061
340 2062
340 2063
340 2064
340 2065
341 2066
341 2067
341 2068
341 2069
341 2070
342 2071
342 2072
342 2073
342 2074
342 2075
343 2076
343 2077
343 2078
343 2079
343 2080
344 2081
344 2082
344 2083
344 2084
344 2085
345 2086
345 2087
345 2088
345 2089
345 2090
346 2091
346 2092
346 2093
346 2094
346 2095
347 2096
347 2097
347 2098
347 2099
347 2100
348 2101
348 2102
348 2103
348 2104
348 2105
349 2106
349 2107
349 2108
349 2109
349 2110
350 2111
350 2112
350 2113
350 2114
350 2115
351 2116
351 2117
351 2118
351 2119
351 2120
352 2121
352 2122
352 2123
352 2124
352 2125
353 2126
353 2127
353 2128
353 2129
353 2130
354 2131
354 2132
354 2133
354 2134
354 2135
355 2136
355 2137
355 2138
355 2139
355 2140
356 2141
356 2142
356 2143
356 2144
356 2145
357 2146
357 2147
357 2148
357 2149
357 2150
358 2151
358 2152
358 2153
358 2154
358 2155
359 2156
359 2157
359 2158
359 2159
359 2160
360 2161
360 2162
360 2163
360 2164
360 2165
