0 1
0 165
0 145
0 120
0 74
0 87
1 130
1 84
1 73
1 44
1 61
2 83
2 134
2 40
2 26
2 108
2 173
3 124
3 115
3 108
3 122
3 92
3 78
4 112
4 36
4 104
4 106
4 44
4 141
5 97
5 50
5 54
5 7
5 8
5 142
6 112
6 36
6 155
6 76
6 109
6 141
7 80
7 146
7 9
7 74
7 14
8 82
8 137
8 122
8 12
8 125
9 56
9 66
9 151
9 136
9 103
10 147
10 38
10 55
10 105
10 11
10 142
11 152
11 20
11 22
11 135
11 40
12 149
12 103
12 25
12 59
12 159
13 50
13 137
13 108
13 34
13 77
13 93
14 33
14 162
14 135
14 106
14 43
15 64
15 177
15 66
15 163
15 32
15 108
16 178
16 52
16 138
16 60
16 50
16 95
17 64
17 37
17 41
17 28
17 21
17 127
18 65
18 146
18 84
18 97
18 169
18 155
19 160
19 131
19 68
19 118
19 135
19 172
20 33
20 118
20 167
20 138
20 46
21 34
21 68
21 102
21 57
21 76
22 179
22 131
22 168
22 25
22 92
23 51
23 163
23 147
23 55
23 106
23 119
24 82
24 163
24 56
24 83
24 27
24 143
25 65
25 71
25 90
25 92
26 65
26 51
26 54
26 55
26 168
27 81
27 148
27 89
27 103
27 121
28 32
28 52
28 134
28 120
28 30
29 66
29 121
29 42
29 171
29 141
29 157
30 98
30 86
30 152
30 173
30 127
31 32
31 129
31 179
31 151
31 136
31 160
32 148
32 52
32 60
33 176
33 163
33 118
33 44
34 144
34 98
34 75
34 91
35 128
35 91
35 39
35 41
35 75
35 93
36 163
36 149
36 169
36 156
37 68
37 85
37 164
37 44
37 47
38 96
38 179
38 71
38 39
38 173
39 164
39 169
39 90
39 79
40 48
40 72
40 104
40 156
41 114
41 119
41 161
41 123
42 130
42 99
42 131
42 151
42 56
43 112
43 131
43 89
43 157
43 79
44 176
44 174
45 145
45 99
45 124
45 107
45 140
45 159
46 161
46 99
46 55
46 121
46 158
47 132
47 134
47 59
47 70
47 53
48 146
48 115
48 150
48 134
48 170
49 176
49 68
49 120
49 171
49 159
49 63
50 128
50 80
50 172
51 83
51 174
51 119
51 110
52 116
52 121
52 93
53 148
53 149
53 122
53 155
53 142
54 176
54 67
54 136
54 137
55 62
55 174
56 89
56 76
56 61
57 160
57 100
57 164
57 138
57 149
58 80
58 81
58 115
58 101
58 88
58 136
59 69
59 167
59 105
59 87
60 67
60 149
60 86
60 168
61 84
61 70
61 71
61 76
62 162
62 115
62 148
62 88
62 77
63 112
63 158
63 103
63 128
63 174
64 167
64 175
64 76
64 142
65 98
65 118
65 124
66 115
66 105
66 175
67 149
67 123
67 86
67 110
68 151
68 104
69 133
69 150
69 73
69 123
69 101
70 71
70 72
70 73
70 142
71 162
71 110
72 98
72 102
72 159
72 111
73 107
73 94
73 79
74 113
74 116
74 101
74 136
75 86
75 139
75 114
75 146
76 81
77 162
77 151
77 140
77 173
78 144
78 87
78 103
78 125
78 175
79 178
79 130
79 143
80 129
80 104
80 173
81 179
81 171
81 157
82 176
82 101
82 102
82 172
83 121
83 92
83 157
84 160
84 177
84 173
85 88
85 178
85 99
85 120
85 130
86 154
86 141
87 164
87 117
87 126
88 152
88 140
88 109
89 100
89 117
89 153
90 113
90 114
90 147
90 92
91 133
91 135
91 153
91 111
92 174
93 161
93 126
93 159
94 113
94 132
94 133
94 166
94 110
95 146
95 131
95 119
95 170
95 125
96 112
96 164
96 116
96 106
96 139
97 146
97 163
97 150
97 139
98 177
98 166
99 123
99 156
100 179
100 133
100 167
100 154
101 133
101 157
102 132
102 150
102 119
103 153
104 165
104 159
105 113
105 155
105 140
106 139
106 125
107 129
107 178
107 153
107 110
108 117
108 152
109 152
109 147
109 134
109 137
110 111
111 140
111 156
111 126
112 161
113 176
113 115
114 124
114 166
114 140
116 150
116 142
116 127
117 134
117 166
117 126
118 162
118 164
119 165
120 124
120 143
121 156
122 152
122 130
122 174
123 143
123 175
124 139
125 168
125 139
126 160
126 177
127 144
127 161
127 170
128 131
128 165
128 169
129 145
129 155
129 172
130 154
132 177
132 178
132 166
133 160
135 158
135 136
137 171
137 158
138 148
138 155
138 141
141 151
143 165
143 166
144 162
144 158
144 175
145 165
145 167
145 170
147 161
147 171
148 168
150 169
153 169
153 175
154 179
154 156
154 172
157 158
167 172
168 170
170 178
171 177
0 180
0 181
0 182
0 183
0 184
0 185
1 186
1 187
1 188
1 189
1 190
1 191
2 192
2 193
2 194
2 195
2 196
2 197
3 198
3 199
3 200
3 201
3 202
3 203
4 204
4 205
4 206
4 207
4 208
4 209
5 210
5 211
5 212
5 213
5 214
5 215
6 216
6 217
6 218
6 219
6 220
6 221
7 222
7 223
7 224
7 225
7 226
7 227
8 228
8 229
8 230
8 231
8 232
8 233
9 234
9 235
9 236
9 237
9 238
9 239
10 240
10 241
10 242
10 243
10 244
10 245
11 246
11 247
11 248
11 249
11 250
11 251
12 252
12 253
12 254
12 255
12 256
12 257
13 258
13 259
13 260
13 261
13 262
13 263
14 264
14 265
14 266
14 267
14 268
14 269
15 270
15 271
15 272
15 273
15 274
15 275
16 276
16 277
16 278
16 279
16 280
16 281
17 282
17 283
17 284
17 285
17 286
17 287
18 288
18 289
18 290
18 291
18 292
18 293
19 294
19 295
19 296
19 297
19 298
19 299
20 300
20 301
20 302
20 303
20 304
20 305
21 306
21 307
21 308
21 309
21 310
21 311
22 312
22 313
22 314
22 315
22 316
22 317
23 318
23 319
23 320
23 321
23 322
23 323
24 324
24 325
24 326
24 327
24 328
24 329
25 330
25 331
25 332
25 333
25 334
25 335
26 336
26 337
26 338
26 339
26 340
26 341
27 342
27 343
27 344
27 345
27 346
27 347
28 348
28 349
28 350
28 351
28 352
28 353
29 354
29 355
29 356
29 357
29 358
29 359
30 360
30 361
30 362
30 363
30 364
30 365
31 366
31 367
31 368
31 369
31 370
31 371
32 372
32 373
32 374
32 375
32 376
32 377
33 378
33 379
33 380
33 381
33 382
33 383
34 384
34 385
34 386
34 387
34 388
34 389
35 390
35 391
35 392
35 393
35 394
35 395
36 396
36 397
36 398
36 399
36 400
36 401
37 402
37 403
37 404
37 405
37 406
37 407
38 408
38 409
38 410
38 411
38 412
38 413
39 414
39 415
39 416
39 417
39 418
39 419
40 420
40 421
40 422
40 423
40 424
40 425
41 426
41 427
41 428
41 429
41 430
41 431
42 432
42 433
42 434
42 435
42 436
42 437
43 438
43 439
43 440
43 441
43 442
43 443
44 444
44 445
44 446
44 447
44 448
44 449
45 450
45 451
45 452
45 453
45 454
45 455
46 456
46 457
46 458
46 459
46 460
46 461
47 462
47 463
47 464
47 465
47 466
47 467
48 468
48 469
48 470
48 471
48 472
48 473
49 474
49 475
49 476
49 477
49 478
49 479
50 480
50 481
50 482
50 483
50 484
50 485
51 486
51 487
51 488
51 489
51 490
51 491
52 492
52 493
52 494
52 495
52 496
52 497
53 498
53 499
53 500
53 501
53 502
53 503
54 504
54 505
54 506
54 507
54 508
54 509
55 510
55 511
55 512
55 513
55 514
55 515
56 516
56 517
56 518
56 519
56 520
56 521
57 522
57 523
57 524
57 525
57 526
57 527
58 528
58 529
58 530
58 531
58 532
58 533
59 534
59 535
59 536
59 537
59 538
59 539
60 540
60 541
60 542
60 543
60 544
60 545
61 546
61 547
61 548
61 549
61 550
61 551
62 552
62 553
62 554
62 555
62 556
62 557
63 558
63 559
63 560
63 561
63 562
63 563
64 564
64 565
64 566
64 567
64 568
64 569
65 570
65 571
65 572
65 573
65 574
65 575
66 576
66 577
66 578
66 579
66 580
66 581
67 582
67 583
67 584
67 585
67 586
67 587
68 588
68 589
68 590
68 591
68 592
68 593
69 594
69 595
69 596
69 597
69 598
69 599
70 600
70 601
70 602
70 603
70 604
70 605
71 606
71 607
71 608
71 609
71 610
71 611
72 612
72 613
72 614
72 615
72 616
72 617
73 618
73 619
73 620
73 621
73 622
73 623
74 624
74 625
74 626
74 627
74 628
74 629
75 630
75 631
75 632
75 633
75 634
75 635
76 636
76 637
76 638
76 639
76 640
76 641
77 642
77 643
77 644
77 645
77 646
77 647
78 648
78 649
78 650
78 651
78 652
78 653
79 654
79 655
79 656
79 657
79 658
79 659
80 660
80 661
80 662
80 663
80 664
80 665
81 666
81 667
81 668
81 669
81 670
81 671
82 672
82 673
82 674
82 675
82 676
82 677
83 678
83 679
83 680
83 681
83 682
83 683
84 684
84 685
84 686
84 687
84 688
84 689
85 690
85 691
85 692
85 693
85 694
85 695
86 696
86 697
86 698
86 699
86 700
86 701
87 702
87 703
87 704
87 705
87 706
87 707
88 708
88 709
88 710
88 711
88 712
88 713
89 714
89 715
89 716
89 717
89 718
89 719
90 720
90 721
90 722
90 723
90 724
90 725
91 726
91 727
91 728
91 729
91 730
91 731
92 732
92 733
92 734
92 735
92 736
92 737
93 738
93 739
93 740
93 741
93 742
93 743
94 744
94 745
94 746
94 747
94 748
94 749
95 750
95 751
95 752
95 753
95 754
95 755
96 756
96 757
96 758
96 759
96 760
96 761
97 762
97 763
97 764
97 765
97 766
97 767
98 768
98 769
98 770
98 771
98 772
98 773
99 774
99 775
99 776
99 777
99 778
99 779
100 780
100 781
100 782
100 783
100 784
100 785
101 786
101 787
101 788
101 789
101 790
101 791
102 792
102 793
102 794
102 795
102 796
102 797
103 798
103 799
103 800
103 801
103 802
103 803
104 804
104 805
104 806
104 807
104 808
104 809
105 810
105 811
105 812
105 813
105 814
105 815
106 816
106 817
106 818
106 819
106 820
106 821
107 822
107 823
107 824
107 825
107 826
107 827
108 828
108 829
108 830
108 831
108 832
108 833
109 834
109 835
109 836
109 837
109 838
109 839
110 840
110 841
110 842
110 843
110 844
110 845
111 846
111 847
111 848
111 849
111 850
111 851
112 852
112 853
112 854
112 855
112 856
112 857
113 858
113 859
113 860
113 861
113 862
113 863
114 864
114 865
114 866
114 867
114 868
114 869
115 870
115 871
115 872
115 873
115 874
115 875
116 876
116 877
116 878
116 879
116 880
116 881
117 882
117 883
117 884
117 885
117 886
117 887
118 888
118 889
118 890
118 891
118 892
118 893
119 894
119 895
119 896
119 897
119 898
119 899
120 900
120 901
120 902
120 903
120 904
120 905
121 906
121 907
121 908
121 909
121 910
121 911
122 912
122 913
122 914
122 915
122 916
122 917
123 918
123 919
123 920
123 921
123 922
123 923
124 924
124 925
124 926
124 927
124 928
124 929
125 930
125 931
125 932
125 933
125 934
125 935
126 936
126 937
126 938
126 939
126 940
126 941
127 942
127 943
127 944
127 945
127 946
127 947
128 948
128 949
128 950
128 951
128 952
128 953
129 954
129 955
129 956
129 957
129 958
129 959
130 960
130 961
130 962
130 963
130 964
130 965
131 966
131 967
131 968
131 969
131 970
131 971
132 972
132 973
132 974
132 975
132 976
132 977
133 978
133 979
133 980
133 981
133 982
133 983
134 984
134 985
134 986
134 987
134 988
134 989
135 990
135 991
135 992
135 993
135 994
135 995
136 996
136 997
136 998
136 999
136 1000
136 1001
137 1002
137 1003
137 1004
137 1005
137 1006
137 1007
138 1008
138 1009
138 1010
138 1011
138 1012
138 1013
139 1014
139 1015
139 1016
139 1017
139 1018
139 1019
140 1020
140 1021
140 1022
140 1023
140 1024
140 1025
141 1026
141 1027
141 1028
141 1029
141 1030
141 1031
142 1032
142 1033
142 1034
142 1035
142 1036
142 1037
143 1038
143 1039
143 1040
143 1041
143 1042
143 1043
144 1044
144 1045
144 1046
144 1047
144 1048
144 1049
145 1050
145 1051
145 1052
145 1053
145 1054
145 1055
146 1056
146 1057
146 1058
146 1059
146 1060
146 1061
147 1062
147 1063
147 1064
147 1065
147 1066
147 1067
148 1068
148 1069
148 1070
148 1071
148 1072
148 1073
149 1074
149 1075
149 1076
149 1077
149 1078
149 1079
150 1080
150 1081
150 1082
150 1083
150 1084
150 1085
151 1086
151 1087
151 1088
151 1089
151 1090
151 1091
152 1092
152 1093
152 1094
152 1095
152 1096
152 1097
153 1098
153 1099
153 1100
153 1101
153 1102
153 1103
154 1104
154 1105
154 1106
154 1107
154 1108
154 1109
155 1110
155 1111
155 1112
155 1113
155 1114
155 1115
156 1116
156 1117
156 1118
156 1119
156 1120
156 1121
157 1122
157 1123
157 1124
157 1125
157 1126
157 1127
158 1128
158 1129
158 1130
158 1131
158 1132
158 1133
159 1134
159 1135
159 1136
159 1137
159 1138
159 1139
160 1140
160 1141
160 1142
160 1143
160 1144
160 1145
161 1146
161 1147
161 1148
161 1149
161 1150
161 1151
162 1152
162 1153
162 1154
162 1155
162 1156
162 1157
163 1158
163 1159
163 1160
163 1161
163 1162
163 1163
164 1164
164 1165
164 1166
164 1167
164 1168
164 1169
165 1170
165 1171
165 1172
165 1173
165 1174
165 1175
166 1176
166 1177
166 1178
166 1179
166 1180
166 1181
167 1182
167 1183
167 1184
167 1185
167 1186
167 1187
168 1188
168 1189
168 1190
168 1191
168 1192
168 1193
169 1194
169 1195
169 1196
169 1197
169 1198
169 1199
170 1200
170 1201
170 1202
170 1203
170 1204
170 1205
171 1206
171 1207
171 1208
171 1209
171 1210
171 1211
172 1212
172 1213
172 1214
172 1215
172 1216
172 1217
173 1218
173 1219
173 1220
173 1221
173 1222
173 1223
174 1224
174 1225
174 1226
174 1227
174 1228
174 1229
175 1230
175 1231
175 1232
175 1233
175 1234
175 1235
176 1236
176 1237
176 1238
176 1239
176 1240
176 1241
177 1242
177 1243
177 1244
177 1245
177 1246
177 1247
178 1248
178 1249
178 1250
178 1251
178 1252
178 1253
179 1254
179 1255
179 1256
179 1257
179 1258
179 1259
