0 64
0 321
0 227
0 198
0 295
0 392
0 201
0 334
0 336
0 312
0 371
0 213
0 408
0 378
0 188
0 349
0 222
0 319
1 320
1 357
1 214
1 438
1 168
1 265
1 391
1 431
1 274
1 308
1 406
1 183
1 121
1 31
1 348
1 313
1 199
1 287
2 257
2 278
2 323
2 162
2 69
2 211
2 263
2 297
2 140
2 301
2 242
2 18
2 243
2 437
2 182
2 151
2 59
2 318
3 96
3 192
3 83
3 35
3 293
3 70
3 299
3 269
3 77
3 432
3 370
3 355
3 436
3 248
3 409
3 415
3 37
3 389
4 256
4 288
4 392
4 230
4 326
4 8
4 105
4 143
4 16
4 241
4 179
4 212
4 149
4 280
4 344
4 148
4 125
4 318
5 128
5 363
5 100
5 358
5 392
5 74
5 203
5 364
5 77
5 398
5 178
5 318
5 246
5 344
5 57
5 123
5 158
5 191
6 343
6 67
6 241
6 137
6 362
6 267
6 430
6 431
6 305
6 306
6 410
6 106
6 23
6 26
6 379
6 284
6 221
6 222
7 387
7 260
7 261
7 362
7 267
7 44
7 338
7 110
7 143
7 337
7 190
7 340
7 405
7 375
7 426
7 221
7 318
7 437
8 193
8 34
8 388
8 80
8 170
8 203
8 322
8 238
8 221
8 400
8 349
8 57
8 420
8 282
8 127
8 445
8 426
9 288
9 165
9 226
9 324
9 293
9 231
9 396
9 108
9 66
9 61
9 401
9 210
9 414
9 118
9 380
9 157
9 30
9 415
10 224
10 449
10 418
10 395
10 439
10 96
10 330
10 11
10 50
10 256
10 173
10 434
10 238
10 183
10 267
10 290
10 412
10 138
11 259
11 36
11 261
11 294
11 135
11 136
11 331
11 205
11 240
11 113
11 82
11 340
11 280
11 164
11 347
11 138
11 293
12 224
12 139
12 292
12 231
12 331
12 333
12 174
12 175
12 304
12 440
12 50
12 246
12 375
12 248
12 409
12 187
12 156
12 93
13 263
13 450
13 100
13 135
13 396
13 45
13 332
13 397
13 398
13 239
13 273
13 403
13 334
13 245
13 246
13 55
13 254
13 383
14 353
14 196
14 326
14 135
14 393
14 193
14 369
14 397
14 430
14 399
14 336
14 216
14 370
14 405
14 150
14 41
14 56
14 441
15 379
15 324
15 69
15 198
15 136
15 28
15 204
15 111
15 241
15 114
15 121
15 303
15 439
15 313
15 410
15 283
15 188
15 282
16 279
16 357
16 297
16 235
16 141
16 46
16 143
16 401
16 147
16 20
16 438
16 23
16 440
16 377
16 347
16 29
16 293
17 33
17 67
17 195
17 309
17 294
17 385
17 264
17 201
17 339
17 331
17 136
17 227
17 341
17 182
17 439
17 371
17 318
17 255
18 129
18 354
18 164
18 135
18 72
18 171
18 304
18 401
18 212
18 417
18 216
18 180
18 250
18 159
18 444
18 218
18 127
19 193
19 66
19 363
19 260
19 329
19 43
19 237
19 175
19 81
19 274
19 83
19 52
19 118
19 184
19 185
19 186
19 220
19 61
20 161
20 229
20 230
20 327
20 361
20 170
20 231
20 172
20 330
20 271
20 82
20 74
20 87
20 101
20 445
20 190
20 166
21 96
21 193
21 322
21 150
21 422
21 423
21 144
21 71
21 140
21 78
21 176
21 405
21 278
21 313
21 410
21 181
21 286
21 341
22 288
22 418
22 100
22 389
22 135
22 275
22 139
22 204
22 240
22 211
22 30
22 310
22 446
22 152
22 121
22 154
22 382
22 373
23 418
23 388
23 232
23 76
23 330
23 107
23 364
23 77
23 372
23 301
23 244
23 185
23 383
23 220
23 157
23 260
24 128
24 289
24 213
24 158
24 71
24 424
24 105
24 74
24 270
24 303
24 368
24 254
24 184
24 324
24 346
24 284
24 382
24 95
25 258
25 100
25 325
25 308
25 301
25 78
25 48
25 369
25 274
25 115
25 148
25 174
25 375
25 88
25 409
25 91
25 30
25 36
26 416
26 450
26 294
26 326
26 108
26 140
26 365
26 335
26 208
26 146
26 404
26 149
26 86
26 407
26 218
26 434
26 261
27 32
27 65
27 226
27 289
27 264
27 298
27 258
27 270
27 272
27 72
27 436
27 238
27 310
27 312
27 127
27 74
27 190
27 191
28 224
28 194
28 132
28 421
28 326
28 329
28 43
28 418
28 306
28 208
28 102
28 83
28 374
28 55
28 367
28 124
28 29
29 416
29 161
29 278
29 291
29 229
29 71
29 188
29 93
29 248
29 384
29 90
29 246
29 344
29 49
29 143
29 317
30 321
30 264
30 298
30 427
30 47
30 208
30 242
30 179
30 380
30 245
30 121
30 286
30 444
30 349
30 318
31 164
31 326
31 33
31 136
31 75
31 364
31 189
31 146
31 307
31 374
31 247
31 153
31 442
31 124
31 445
31 215
31 127
32 160
32 257
32 388
32 261
32 102
32 329
32 42
32 43
32 402
32 404
32 153
32 216
32 345
32 347
32 316
32 317
32 287
33 224
33 311
33 115
33 423
33 41
33 359
33 205
33 301
33 176
33 145
33 237
33 401
33 343
33 201
33 231
33 414
34 257
34 67
34 147
34 229
34 134
34 417
34 136
34 202
34 171
34 140
34 228
34 113
34 243
34 375
34 153
34 122
34 187
35 162
35 196
35 264
35 106
35 43
35 204
35 269
35 143
35 304
35 339
35 311
35 290
35 89
35 284
35 125
35 343
35 127
36 354
36 292
36 199
36 72
36 307
36 362
36 45
36 210
36 368
36 402
36 147
36 53
36 290
36 409
36 190
36 127
37 147
37 179
37 142
37 307
37 55
37 204
37 334
37 207
37 76
37 124
37 163
37 85
37 119
37 68
37 219
37 316
37 381
38 288
38 176
38 389
38 425
38 364
38 272
38 156
38 83
38 213
38 54
38 55
38 280
38 249
38 251
38 188
38 94
38 350
38 53
39 67
39 163
39 167
39 264
39 235
39 172
39 78
39 175
39 176
39 115
39 244
39 277
39 89
39 217
39 313
39 251
39 446
39 377
40 256
40 386
40 164
40 70
40 298
40 83
40 332
40 142
40 93
40 179
40 308
40 213
40 86
40 312
40 217
40 315
40 444
40 381
41 130
41 99
41 196
41 390
41 259
41 42
41 125
41 270
41 143
41 179
41 120
41 228
41 122
41 412
41 285
41 446
42 96
42 192
42 224
42 131
42 356
42 69
42 422
42 200
42 268
42 429
42 175
42 306
42 275
42 55
42 58
42 190
43 354
43 233
43 75
43 79
43 152
43 369
43 91
43 53
43 120
43 58
43 95
43 157
43 350
43 351
44 225
44 130
44 391
44 423
44 266
44 77
44 334
44 399
44 433
44 403
44 430
44 375
44 57
44 122
44 79
44 314
44 415
45 384
45 353
45 225
45 328
45 252
45 192
45 109
45 111
45 112
45 83
45 182
45 248
45 196
45 412
45 318
45 95
46 347
46 325
46 167
46 104
46 156
46 242
46 47
46 274
46 285
46 341
46 54
46 56
46 116
46 303
46 444
46 61
46 62
47 98
47 277
47 170
47 236
47 255
47 432
47 106
47 85
47 406
47 407
47 345
47 251
47 124
47 298
47 318
47 437
48 352
48 129
48 131
48 321
48 392
48 265
48 202
48 300
48 397
48 206
48 335
48 240
48 108
48 400
48 438
48 378
48 364
49 385
49 131
49 420
49 389
49 259
49 297
49 203
49 333
49 80
49 229
49 370
49 387
49 308
49 117
49 153
49 53
49 85
50 64
50 97
50 291
50 69
50 51
50 167
50 73
50 429
50 434
50 67
50 74
50 118
50 184
50 193
50 317
50 447
51 363
51 261
51 296
51 393
51 439
51 172
51 334
51 189
51 144
51 406
51 343
51 441
51 122
51 351
51 93
51 62
51 357
52 416
52 98
52 133
52 390
52 359
52 425
52 110
52 285
52 336
52 241
52 84
52 311
52 212
52 244
52 316
52 317
52 415
53 290
53 419
53 132
53 198
53 362
53 110
53 239
53 67
53 181
53 150
53 311
53 152
53 89
53 351
54 449
54 419
54 389
54 294
54 135
54 200
54 60
54 332
54 141
54 173
54 402
54 275
54 105
54 311
54 220
54 383
55 395
55 197
55 296
55 137
55 139
55 60
55 335
55 178
55 78
55 185
55 95
55 220
55 285
56 382
56 450
56 356
56 422
56 243
56 200
56 235
56 399
56 431
56 84
56 213
56 436
56 442
56 111
56 446
56 373
57 267
57 132
57 197
57 102
57 135
57 331
57 332
57 402
57 307
57 143
57 146
57 275
57 300
57 157
57 95
58 323
58 68
58 197
58 392
58 397
58 200
58 402
58 435
58 90
58 447
58 150
58 218
58 314
58 298
58 410
58 415
59 160
59 297
59 234
59 427
59 236
59 397
59 143
59 336
59 319
59 350
59 87
59 111
59 442
59 207
59 445
59 126
59 383
60 64
60 224
60 326
60 391
60 393
60 74
60 199
60 301
60 142
60 177
60 114
60 403
60 405
60 88
60 250
60 95
61 386
61 195
61 86
61 326
61 391
61 104
61 393
61 83
61 77
61 400
61 145
61 406
61 329
61 348
61 188
62 64
62 419
62 241
62 75
62 76
62 141
62 245
62 145
62 338
62 84
62 437
62 151
62 344
62 348
62 222
62 223
63 198
63 352
63 194
63 99
63 356
63 230
63 390
63 135
63 252
63 86
63 434
63 226
63 141
63 178
63 316
63 342
63 439
63 124
64 353
64 187
64 392
64 361
64 238
64 381
64 308
64 373
64 438
64 311
64 250
64 223
64 125
64 95
65 68
65 151
65 228
65 359
65 360
65 140
65 203
65 396
65 141
65 386
65 175
65 244
65 185
65 340
65 154
65 124
65 186
66 388
66 101
66 102
66 359
66 324
66 174
66 112
66 305
66 114
66 116
66 278
66 312
66 164
66 90
66 412
66 413
67 384
67 356
67 423
67 236
67 363
67 268
67 285
67 82
67 341
67 313
67 156
67 253
68 229
68 166
68 358
68 200
68 119
68 397
68 398
68 189
68 184
68 142
68 279
68 152
68 123
68 221
68 191
69 417
69 425
69 393
69 266
69 171
69 364
69 79
69 349
69 372
69 118
69 439
69 282
69 239
69 254
70 416
70 321
70 373
70 390
70 391
70 427
70 301
70 174
70 179
70 308
70 341
70 404
70 95
70 284
70 286
70 85
71 291
71 388
71 133
71 102
71 264
71 234
71 428
71 335
71 222
71 434
71 212
71 375
71 216
71 413
71 382
72 425
72 418
72 355
72 223
72 296
72 137
72 429
72 270
72 328
72 338
72 85
72 343
72 120
72 413
72 159
73 128
73 225
73 132
73 409
73 265
73 338
73 178
73 398
73 431
73 141
73 116
73 437
73 430
73 348
73 281
73 124
73 277
74 128
74 165
74 389
74 358
74 169
74 349
74 280
74 351
74 244
74 442
74 125
74 383
75 336
75 131
75 132
75 449
75 76
75 234
75 204
75 304
75 340
75 94
75 375
75 312
75 356
75 410
75 284
76 352
76 160
76 162
76 133
76 298
76 253
76 401
76 280
76 214
76 216
76 345
76 218
76 86
76 189
77 230
77 195
77 168
77 425
77 151
77 285
77 115
77 116
77 350
77 310
77 409
77 411
77 318
78 96
78 422
78 241
78 137
78 238
78 111
78 177
78 435
78 214
78 152
78 250
78 303
78 413
78 286
79 161
79 196
79 369
79 348
79 138
79 204
79 305
79 274
79 404
79 84
79 85
79 228
79 155
79 444
79 189
80 128
80 192
80 450
80 326
80 424
80 396
80 140
80 269
80 432
80 172
80 254
80 105
80 186
80 314
80 222
80 351
81 448
81 450
81 285
81 356
81 294
81 422
81 162
81 392
81 435
81 431
81 232
81 402
81 148
81 86
81 279
81 378
81 157
82 289
82 322
82 420
82 389
82 327
82 364
82 332
82 335
82 211
82 404
82 405
82 393
82 185
82 252
82 133
83 321
83 132
83 101
83 297
83 266
83 349
83 394
83 375
83 88
83 188
83 446
84 225
84 130
84 260
84 211
84 330
84 408
84 429
84 269
84 88
84 339
84 214
84 247
84 344
84 188
85 323
85 326
85 327
85 362
85 366
85 309
85 150
85 440
85 411
85 92
85 445
85 319
86 386
86 164
86 167
86 168
86 392
86 396
86 148
86 278
86 185
86 196
86 255
86 319
87 160
87 385
87 418
87 323
87 241
87 232
87 372
87 331
87 301
87 302
87 205
87 177
87 105
87 120
87 397
87 346
88 449
88 146
88 295
88 161
88 371
88 365
88 398
88 402
88 181
88 342
88 345
88 315
88 126
88 223
89 132
89 134
89 198
89 330
89 331
89 203
89 163
89 433
89 419
89 246
89 186
89 447
89 182
89 90
89 421
90 448
90 225
90 357
90 353
90 267
90 239
90 450
90 205
90 208
90 212
90 149
90 247
90 155
90 215
91 256
91 320
91 194
91 261
91 169
91 426
91 108
91 334
91 414
91 148
91 277
91 118
91 151
91 215
91 138
91 446
92 192
92 450
92 423
92 168
92 233
92 398
92 317
92 178
92 211
92 105
92 439
92 413
92 377
92 282
92 399
92 125
92 158
93 289
93 262
93 129
93 264
93 395
93 114
93 142
93 242
93 278
93 397
93 281
93 154
93 111
93 317
94 352
94 260
94 390
94 423
94 396
94 422
94 103
94 428
94 237
94 303
94 272
94 300
94 236
94 407
94 282
94 95
95 352
95 134
95 200
95 398
95 431
95 144
95 274
95 397
95 382
96 161
96 420
96 261
96 168
96 169
96 331
96 365
96 369
96 342
96 407
96 218
96 382
96 127
97 129
97 450
97 379
97 229
97 294
97 307
97 110
97 285
97 304
97 435
97 372
97 342
97 441
97 351
97 156
97 125
97 159
98 448
98 229
98 294
98 167
98 391
98 428
98 237
98 302
98 111
98 373
98 183
98 332
98 207
98 188
98 109
98 415
99 310
99 389
99 406
99 360
99 394
99 172
99 334
99 140
99 414
99 342
99 170
99 378
99 444
99 220
99 157
99 158
100 163
100 164
100 433
100 233
100 171
100 431
100 112
100 401
100 242
100 404
100 196
100 409
100 221
100 405
101 192
101 379
101 275
101 393
101 171
101 204
101 429
101 424
101 371
101 254
101 342
101 439
101 152
101 123
101 350
102 323
102 324
102 264
102 105
102 418
102 401
102 146
102 374
102 217
102 122
102 381
102 158
102 415
103 321
103 342
103 209
103 393
103 167
103 273
103 305
103 353
103 304
103 241
103 180
103 414
103 118
103 441
103 282
103 314
103 154
104 352
104 325
104 423
104 296
104 169
104 242
104 109
104 208
104 392
104 274
104 180
104 373
104 430
104 216
104 249
104 421
105 161
105 226
105 325
105 330
105 418
105 109
105 144
105 213
105 121
105 411
105 126
106 224
106 197
106 195
106 361
106 339
106 268
106 273
106 178
106 172
106 212
106 341
106 329
106 345
106 127
106 261
107 384
107 225
107 203
107 417
107 200
107 362
107 359
107 172
107 111
107 385
107 392
107 436
107 245
107 246
107 216
107 154
107 117
108 258
108 355
108 388
108 227
108 359
108 111
108 144
108 419
108 244
108 393
108 376
108 299
108 381
108 255
109 417
109 322
109 387
109 166
109 204
109 194
109 336
109 273
109 276
109 405
109 186
109 431
109 348
109 221
110 160
110 419
110 196
110 172
110 307
110 288
110 239
110 274
110 435
110 117
110 340
110 378
110 444
110 253
111 160
111 363
111 260
111 295
111 177
111 173
111 435
111 212
111 282
112 320
112 421
112 166
112 305
112 140
112 366
112 209
112 147
112 373
112 182
112 215
112 441
112 293
112 190
112 406
113 448
113 320
113 139
113 260
113 449
113 168
113 201
113 426
113 208
113 240
113 147
113 343
113 153
113 281
113 410
113 220
114 322
114 291
114 228
114 357
114 294
114 138
114 301
114 270
114 362
114 366
114 119
114 281
114 443
114 381
115 192
115 421
115 422
115 167
115 136
115 239
115 210
115 211
115 153
115 378
115 187
115 125
115 254
115 261
116 129
116 290
116 293
116 264
116 339
116 371
116 271
116 205
116 243
116 430
116 438
116 347
116 318
116 389
117 320
117 256
117 131
117 388
117 134
117 295
117 145
117 297
117 209
117 239
117 302
117 406
117 281
117 253
117 446
118 320
118 321
118 275
118 202
118 395
118 306
118 429
118 336
118 434
118 214
118 442
118 380
119 448
119 321
119 130
119 163
119 199
119 360
119 138
119 430
119 319
119 308
119 212
119 151
119 185
119 155
119 389
120 449
120 299
120 165
120 262
120 305
120 232
120 204
120 335
120 400
120 381
120 312
120 378
120 282
120 166
121 290
121 260
121 198
121 424
121 170
121 365
121 241
121 399
121 309
121 276
121 378
121 219
121 253
122 427
122 134
122 200
122 371
122 271
122 337
122 189
122 150
122 361
122 443
122 349
122 264
122 383
123 418
123 283
123 228
123 134
123 167
123 201
123 197
123 333
123 367
123 338
123 179
123 155
123 438
123 187
123 159
124 195
124 228
124 298
124 332
124 273
124 242
124 412
124 187
124 284
124 232
124 254
125 288
125 292
125 136
125 236
125 367
125 432
125 415
125 143
125 443
125 223
126 240
126 194
126 132
126 400
126 171
126 429
126 366
126 432
126 306
126 383
126 436
126 341
126 251
126 414
126 309
127 192
127 228
127 422
127 230
127 174
127 437
127 246
127 346
127 218
127 254
128 129
128 354
128 325
128 359
128 296
128 300
128 290
128 173
128 433
128 181
128 309
128 223
128 159
129 355
129 357
129 198
129 370
129 302
129 303
129 337
129 436
129 373
129 438
129 367
129 188
130 320
130 379
130 230
130 207
130 169
130 170
130 363
130 429
130 372
130 143
130 409
130 281
130 157
130 383
131 385
131 386
131 203
131 292
131 134
131 170
131 322
131 418
131 304
131 338
131 442
131 412
131 346
132 352
132 135
132 138
132 151
132 302
132 338
132 235
132 278
132 153
132 234
133 416
133 289
133 322
133 419
133 328
133 239
133 424
133 241
133 435
133 374
133 439
133 408
133 314
133 411
134 362
134 427
134 322
134 141
134 189
134 369
134 221
134 333
134 153
134 216
134 410
135 443
135 165
135 140
135 179
135 307
135 245
135 155
135 156
135 317
136 262
136 428
136 258
136 235
136 219
136 450
136 333
136 362
136 303
136 215
136 248
137 163
137 390
137 263
137 299
137 173
137 206
137 273
137 306
137 211
137 174
137 438
137 156
137 232
137 166
138 416
138 385
138 203
138 229
138 199
138 173
138 216
138 377
138 186
138 443
138 348
139 224
139 450
139 324
139 261
139 168
139 220
139 331
139 258
139 177
139 148
139 376
139 188
139 349
139 361
140 224
140 295
140 232
140 301
140 210
140 182
140 441
140 345
140 405
141 420
141 328
141 361
141 272
141 400
141 273
141 274
141 340
141 277
141 440
141 308
142 328
142 275
142 239
142 205
142 178
142 339
142 276
142 182
142 212
142 347
142 348
142 264
142 319
143 417
143 164
143 325
143 238
143 239
143 145
143 213
143 351
144 224
144 288
144 354
144 325
144 449
144 426
144 364
144 334
144 175
144 434
144 243
144 310
144 403
145 196
145 391
145 264
145 161
145 270
145 399
145 240
145 177
145 380
145 186
145 156
145 253
145 159
146 195
146 263
146 265
146 183
146 273
146 301
146 175
146 209
146 307
146 311
146 345
146 379
146 380
147 226
147 259
147 423
147 177
147 215
147 302
147 399
147 212
147 238
147 279
147 404
147 349
148 288
148 225
148 331
148 214
148 441
148 417
148 299
148 211
148 341
148 377
148 252
148 253
149 336
149 450
149 412
149 201
149 234
149 331
149 157
149 368
149 370
149 339
149 186
149 221
149 442
149 190
149 426
150 160
150 224
150 258
150 356
150 325
150 296
150 221
150 408
150 410
150 383
150 317
150 405
151 448
151 390
151 263
151 360
151 395
151 300
151 208
151 264
151 373
151 438
151 408
152 256
152 385
152 310
152 166
152 231
152 328
152 233
152 333
152 372
152 342
152 186
152 446
153 224
153 261
153 392
153 393
153 197
153 173
153 184
153 433
153 376
153 286
154 226
154 355
154 356
154 389
154 246
154 161
154 238
154 207
154 340
154 245
154 436
154 250
154 190
155 384
155 320
155 355
155 292
155 296
155 202
155 200
155 403
155 317
155 287
155 170
155 158
155 319
156 354
156 235
156 183
156 364
156 276
156 169
156 280
156 308
156 413
156 350
157 288
157 322
157 420
157 227
157 266
157 207
157 176
157 276
157 215
157 345
158 160
158 289
158 295
158 428
158 364
158 237
158 253
158 268
158 374
158 218
158 445
158 382
159 195
159 167
159 427
159 312
159 184
159 180
159 246
159 376
159 212
159 410
159 252
159 383
160 385
160 419
160 201
160 426
160 192
160 242
160 227
160 206
160 315
160 191
161 355
161 228
161 395
161 238
161 340
161 214
161 297
161 376
161 445
161 314
162 391
162 300
162 267
162 365
162 176
162 338
162 227
162 245
162 246
162 329
162 283
162 281
162 187
162 405
163 256
163 353
163 292
163 358
163 296
163 362
163 429
163 179
163 356
163 383
163 444
163 351
164 374
164 425
164 202
164 210
164 302
164 279
164 217
164 218
164 271
164 442
165 352
165 320
165 195
165 196
165 203
165 257
165 303
165 400
165 280
165 339
165 309
165 183
165 313
165 378
166 195
166 427
166 428
166 189
166 179
166 245
166 279
166 377
166 187
166 316
166 381
167 416
167 219
167 357
167 329
167 269
167 223
167 409
167 250
167 349
168 450
168 261
168 262
168 169
168 367
168 304
168 433
168 210
168 277
168 317
168 389
169 289
169 292
169 298
169 285
169 196
169 181
169 249
169 313
169 221
169 394
169 447
170 352
170 276
170 428
170 202
170 203
170 332
170 372
170 247
170 185
170 284
171 352
171 321
171 354
171 226
171 234
171 290
171 431
171 372
171 310
171 343
171 282
171 317
172 352
172 428
172 178
172 402
172 306
172 267
172 378
172 330
172 253
172 287
173 291
173 229
173 200
173 233
173 421
173 208
173 404
173 346
173 281
173 286
173 197
174 356
174 198
174 401
174 271
174 209
174 243
174 181
174 214
174 343
174 250
174 367
174 252
175 385
175 387
175 353
175 360
175 361
175 337
175 437
175 310
175 410
175 412
175 231
176 192
176 358
176 198
176 200
176 265
176 247
176 302
176 337
176 306
176 341
176 311
176 254
177 449
177 323
177 231
177 425
177 272
177 291
177 342
177 377
177 378
177 379
177 215
178 411
178 294
178 328
178 234
178 433
178 329
178 181
178 319
178 286
178 293
179 384
179 257
179 418
179 263
179 266
179 423
179 340
179 389
180 320
180 258
180 323
180 421
180 394
180 375
180 387
180 277
180 182
180 311
180 408
180 255
180 316
180 285
181 320
181 259
181 422
181 241
181 296
181 396
181 365
181 392
181 355
181 407
181 248
182 385
182 358
182 231
182 271
182 307
182 374
182 248
182 250
182 187
182 285
183 354
183 227
183 358
183 425
183 202
183 311
183 396
183 387
183 279
183 344
183 313
183 319
184 289
184 203
184 230
184 274
184 279
184 304
184 210
184 405
184 406
184 439
184 348
184 362
185 386
185 259
185 443
185 307
185 266
185 244
185 212
185 410
185 297
185 298
186 449
186 235
186 301
186 238
186 333
186 211
186 244
186 441
186 403
187 256
187 275
187 430
187 219
187 401
187 238
187 214
187 347
187 220
188 332
188 365
188 368
188 370
188 439
188 249
188 303
188 286
189 227
189 230
189 305
189 430
189 433
189 292
189 408
189 281
189 191
189 369
190 290
190 393
190 269
190 337
190 239
190 273
190 274
190 376
190 382
190 213
191 290
191 388
191 200
191 201
191 299
191 365
191 207
191 222
191 296
191 306
191 446
191 438
191 318
192 426
192 355
192 428
192 421
192 369
192 345
192 443
192 412
193 385
193 427
193 324
193 422
193 262
193 243
193 339
193 199
193 435
193 306
193 374
193 219
193 414
194 321
194 226
194 293
194 233
194 204
194 333
194 208
194 278
194 248
194 445
194 410
194 252
194 317
195 295
195 332
195 399
195 400
195 211
195 340
195 319
195 251
195 414
196 448
196 305
196 266
196 334
196 344
196 251
196 380
197 409
197 301
197 446
197 421
197 205
197 269
197 273
197 403
197 244
197 253
197 350
198 391
198 201
198 300
198 270
198 336
198 312
198 313
198 428
198 280
199 419
199 358
199 360
199 365
199 430
199 273
199 275
199 245
199 279
199 249
199 315
199 330
200 214
200 406
200 296
200 266
200 344
200 281
201 256
201 292
201 307
201 234
201 359
201 396
201 407
201 225
201 380
202 272
202 219
202 328
202 298
202 395
202 387
202 240
202 335
202 419
202 218
202 380
203 228
203 424
203 356
203 215
203 440
203 310
203 249
204 448
204 395
204 230
204 398
204 304
204 339
204 343
204 287
205 384
205 292
205 360
205 300
205 431
205 240
205 320
205 275
205 280
205 255
205 319
206 353
206 358
206 327
206 296
206 274
206 338
206 370
206 366
206 369
206 401
206 306
206 435
206 405
206 379
206 414
207 388
207 326
207 363
207 354
207 238
207 338
207 339
207 245
207 310
207 221
207 286
208 321
208 282
208 264
208 348
208 450
208 305
208 308
208 283
208 255
209 384
209 379
209 388
209 242
209 428
209 274
209 301
209 287
209 371
209 244
209 283
209 222
209 341
210 298
210 302
210 367
210 336
210 243
210 341
210 278
210 425
210 420
210 217
210 377
211 321
211 426
211 274
211 281
211 248
211 441
211 283
211 223
212 325
212 230
212 433
212 248
212 249
212 216
213 325
213 295
213 330
213 390
213 444
213 337
213 358
213 251
213 252
213 223
214 283
214 364
214 272
214 438
214 407
214 346
214 316
214 222
215 424
215 236
215 398
215 413
215 376
215 313
215 220
215 250
215 254
216 324
216 264
216 301
216 335
216 400
216 373
216 219
216 296
217 448
217 384
217 354
217 355
217 389
217 362
217 263
217 398
217 336
217 341
217 313
217 220
217 261
218 265
218 427
218 236
218 333
218 271
218 243
218 344
218 219
218 434
219 448
219 449
219 235
219 420
219 363
219 270
219 368
219 350
219 287
220 327
220 293
220 262
220 367
220 368
220 337
220 370
220 316
221 432
221 305
221 437
221 246
221 408
221 283
221 254
222 224
222 226
222 355
222 260
222 231
222 362
222 423
222 338
222 291
222 380
223 259
223 292
223 293
223 330
223 299
223 321
223 240
223 248
223 346
224 226
224 368
224 433
224 414
224 380
225 356
225 266
225 366
225 304
225 371
225 404
225 278
225 343
225 410
225 315
226 291
226 262
226 327
226 330
226 434
226 446
226 376
226 314
227 420
227 422
227 230
227 269
227 399
227 352
227 445
227 282
227 316
227 246
228 323
228 325
228 333
228 372
228 409
228 411
228 267
228 415
229 256
229 262
229 359
229 360
229 231
229 369
229 344
229 379
229 447
230 358
230 363
230 241
230 443
230 283
230 281
230 315
231 273
231 330
231 238
231 304
231 436
231 406
231 380
231 357
232 288
232 235
232 293
232 294
232 391
232 298
232 267
232 397
232 316
232 442
232 383
233 416
233 323
233 297
233 258
233 396
233 272
233 245
233 342
233 279
233 408
233 379
233 287
234 353
234 235
234 390
234 394
234 435
234 271
234 243
234 439
234 283
234 443
235 401
235 305
235 334
235 369
235 337
235 282
235 377
235 314
236 448
236 322
236 292
236 293
236 316
236 298
236 411
236 398
236 304
236 340
236 284
237 288
237 300
237 428
237 367
237 241
237 297
237 407
237 442
237 251
237 284
237 349
237 350
237 437
238 386
238 381
238 309
238 438
238 375
239 448
239 259
239 341
239 331
239 343
239 355
239 378
240 418
240 299
240 327
240 329
240 395
240 268
240 361
240 313
240 322
241 295
241 276
241 408
241 367
241 284
242 257
242 388
242 423
242 316
242 295
242 320
242 403
242 342
242 447
243 259
243 427
243 354
243 369
243 371
243 247
243 299
243 317
244 358
244 303
244 417
244 434
244 277
244 407
244 367
244 348
245 251
245 293
245 418
245 335
245 377
245 315
245 314
246 424
246 297
246 267
246 446
246 347
246 350
247 353
247 258
247 293
247 423
247 289
247 432
247 402
247 373
247 407
247 440
247 251
247 314
248 353
248 334
248 269
248 338
248 436
248 343
248 308
249 352
249 327
249 391
249 303
249 308
249 382
249 348
249 340
249 347
249 253
249 436
250 257
250 260
250 325
250 329
250 396
250 333
250 285
250 436
250 297
251 323
251 263
251 364
251 397
251 302
251 375
251 370
251 281
252 288
252 326
252 424
252 428
252 290
252 300
252 338
252 279
252 440
252 378
253 290
253 391
253 392
253 399
253 436
253 287
253 447
254 357
254 395
254 431
254 402
254 405
254 281
254 350
255 256
255 448
255 429
255 374
255 329
255 268
255 276
255 407
255 442
255 444
255 286
256 294
256 428
256 368
256 446
256 361
256 378
256 350
257 379
257 314
257 297
257 335
257 336
257 370
257 343
257 315
257 444
257 349
257 414
258 326
258 390
258 263
258 266
258 339
258 408
258 377
258 349
258 293
259 416
259 357
259 360
259 362
259 363
259 296
259 310
259 379
259 287
260 416
260 395
260 430
260 433
260 304
260 309
260 279
260 381
261 359
261 371
261 436
261 374
261 447
262 290
262 323
262 292
262 427
262 398
262 368
262 401
262 370
262 334
262 411
263 421
263 295
263 424
263 366
263 306
263 373
263 409
263 265
263 445
264 376
264 420
264 378
265 385
265 418
265 387
265 434
265 301
265 280
265 438
265 376
265 443
265 348
265 317
266 358
266 421
266 424
266 329
266 275
266 411
266 390
266 415
267 421
267 422
267 295
267 425
267 386
267 388
267 442
267 414
268 289
268 386
268 373
268 363
268 331
268 269
268 399
268 434
268 382
268 438
268 344
268 351
269 448
269 326
269 302
269 335
269 270
269 375
269 284
269 437
270 320
270 354
270 328
270 394
270 395
270 397
270 432
270 278
270 351
271 384
271 357
271 328
271 397
271 366
271 436
271 398
271 440
271 316
271 415
272 448
272 290
272 355
272 360
272 295
272 334
272 335
272 433
272 283
272 381
273 416
273 425
273 394
273 402
273 349
273 277
274 389
274 435
274 335
274 314
275 347
275 356
275 358
275 363
275 333
275 439
275 408
276 426
276 392
276 412
276 299
276 397
276 432
276 437
276 374
276 441
276 319
277 329
277 394
277 300
277 430
277 400
277 342
277 440
277 347
277 349
278 417
278 427
278 429
278 399
278 401
278 342
278 447
279 355
279 398
279 401
279 344
279 282
279 447
280 353
280 427
280 388
280 325
280 365
280 431
280 407
280 351
281 288
281 323
281 292
281 373
282 421
282 295
282 360
282 398
282 303
283 448
283 349
283 433
283 367
283 310
283 345
283 444
284 417
284 393
284 440
284 375
284 377
284 413
284 329
285 449
285 390
285 359
285 365
285 366
285 375
286 324
286 423
286 332
286 302
286 305
286 334
286 374
286 407
287 357
287 327
287 426
287 430
287 384
287 406
287 378
287 412
288 393
288 298
288 434
288 344
288 414
289 424
289 394
289 439
289 381
289 308
289 410
289 413
289 383
290 417
290 424
290 416
290 404
291 324
291 395
291 333
291 302
291 336
291 371
291 341
291 408
291 420
291 443
292 324
292 299
292 436
292 446
293 354
293 333
293 366
294 427
294 298
294 419
294 308
294 449
294 346
294 383
295 422
295 301
295 404
295 381
296 320
296 360
296 368
296 433
297 328
297 407
297 339
297 441
297 411
298 416
298 427
298 351
299 324
299 390
299 394
299 331
299 398
299 419
299 311
300 368
300 329
300 428
300 402
300 306
300 440
300 338
301 357
301 307
302 390
302 328
302 430
302 407
302 356
303 320
303 417
303 412
303 428
303 370
303 367
304 396
304 372
304 380
304 403
305 385
305 386
305 327
305 392
305 396
305 375
306 355
306 390
306 423
306 319
306 413
307 386
307 420
307 400
307 439
307 440
307 380
308 392
308 366
308 445
308 377
309 352
309 353
309 419
309 394
309 396
309 370
309 319
309 426
309 382
309 341
310 424
310 425
310 364
310 336
310 340
310 429
311 384
311 356
311 374
311 438
311 403
311 339
311 413
312 417
312 323
312 326
312 425
312 394
312 429
312 365
312 403
312 375
312 317
313 343
313 423
313 366
313 323
313 342
313 411
314 386
314 331
314 430
314 315
314 382
314 437
315 338
315 434
315 335
315 402
315 435
315 448
315 377
315 317
315 341
316 426
316 432
316 376
316 335
316 444
317 419
317 375
318 449
318 391
318 340
318 396
318 334
318 345
318 413
319 402
319 400
319 346
319 447
320 421
320 429
321 420
321 426
321 332
321 335
321 347
322 358
322 369
322 371
322 404
322 374
322 407
322 377
323 328
323 330
323 334
323 437
324 357
324 417
324 330
324 428
324 368
324 408
325 352
325 450
325 425
325 433
325 444
326 421
326 403
326 373
326 357
327 384
327 449
327 356
327 328
327 360
327 402
327 371
327 447
328 394
328 409
328 441
328 442
329 384
329 363
329 411
330 401
330 332
330 404
330 346
331 397
331 371
331 406
331 414
332 384
332 356
332 354
332 333
332 346
333 450
333 373
333 415
334 396
334 361
335 425
335 444
336 386
336 368
336 403
336 443
337 370
337 389
337 394
337 397
337 398
337 417
337 338
337 374
337 405
338 433
338 345
339 366
339 413
339 430
339 381
340 355
340 437
340 400
340 415
341 358
341 355
342 404
342 374
342 407
342 382
343 395
343 402
343 449
343 403
344 416
344 449
344 349
344 432
344 376
345 450
345 392
345 431
345 405
345 440
345 445
346 420
346 357
346 393
346 365
346 404
346 373
346 379
347 400
347 379
347 358
347 348
347 365
347 412
348 359
348 400
348 437
348 441
349 431
350 385
350 388
350 423
350 360
350 424
350 414
351 353
351 386
351 450
351 379
351 412
351 381
352 357
352 426
352 368
353 422
353 431
353 372
353 443
354 412
354 434
354 411
354 414
355 409
356 441
357 441
358 382
359 387
359 394
359 366
359 393
359 376
359 410
360 371
360 392
360 382
360 367
361 420
361 385
361 435
361 405
361 438
361 441
361 414
361 415
362 404
362 396
362 436
362 440
363 421
363 364
363 418
363 410
363 390
364 388
364 394
364 429
364 380
365 421
365 391
365 402
365 435
366 395
366 367
366 376
366 436
367 386
367 391
367 377
368 386
368 395
368 380
368 444
369 394
369 386
369 400
369 372
369 375
370 420
370 383
370 372
370 439
371 384
371 396
371 398
372 387
372 397
372 374
372 409
372 410
373 386
374 431
376 388
376 401
376 444
376 381
377 418
377 415
378 380
378 399
379 384
379 394
380 387
380 395
381 429
381 437
382 416
382 445
382 447
383 448
383 428
383 424
384 403
385 422
385 447
385 412
387 418
387 426
387 430
387 404
387 443
387 446
387 447
388 422
388 408
389 436
389 411
390 406
390 412
391 406
391 439
391 447
393 419
393 411
393 446
395 411
397 417
399 421
399 423
399 403
399 408
399 445
400 422
400 447
401 438
401 426
402 418
403 440
403 415
404 443
405 427
405 409
406 424
406 431
406 409
406 411
407 449
408 432
408 440
409 435
410 433
411 442
412 432
413 427
413 430
413 434
413 441
413 443
414 415
415 439
416 445
416 434
416 419
417 450
417 433
419 420
419 443
420 432
422 423
424 446
425 432
425 435
425 444
426 437
427 445
429 437
429 440
431 442
432 440
432 442
432 443
434 435
435 445
438 445
441 442
442 449
446 447
0 451
1 452
2 453
3 454
4 455
5 456
6 457
7 458
8 459
9 460
10 461
11 462
12 463
13 464
14 465
15 466
16 467
17 468
18 469
19 470
20 471
21 472
22 473
23 474
24 475
25 476
26 477
27 478
28 479
29 480
30 481
31 482
32 483
33 484
34 485
35 486
36 487
37 488
38 489
39 490
40 491
41 492
42 493
43 494
44 495
45 496
46 497
47 498
48 499
49 500
50 501
51 502
52 503
53 504
54 505
55 506
56 507
57 508
58 509
59 510
60 511
61 512
62 513
63 514
64 515
65 516
66 517
67 518
68 519
69 520
70 521
71 522
72 523
73 524
74 525
75 526
76 527
77 528
78 529
79 530
80 531
81 532
82 533
83 534
84 535
85 536
86 537
87 538
88 539
89 540
90 541
91 542
92 543
93 544
94 545
95 546
96 547
97 548
98 549
99 550
100 551
101 552
102 553
103 554
104 555
105 556
106 557
107 558
108 559
109 560
110 561
111 562
112 563
113 564
114 565
115 566
116 567
117 568
118 569
119 570
120 571
121 572
122 573
123 574
124 575
125 576
126 577
127 578
128 579
129 580
130 581
131 582
132 583
133 584
134 585
135 586
136 587
137 588
138 589
139 590
140 591
141 592
142 593
143 594
144 595
145 596
146 597
147 598
148 599
149 600
150 601
151 602
152 603
153 604
154 605
155 606
156 607
157 608
158 609
159 610
160 611
161 612
162 613
163 614
164 615
165 616
166 617
167 618
168 619
169 620
170 621
171 622
172 623
173 624
174 625
175 626
176 627
177 628
178 629
179 630
180 631
181 632
182 633
183 634
184 635
185 636
186 637
187 638
188 639
189 640
190 641
191 642
192 643
193 644
194 645
195 646
196 647
197 648
198 649
199 650
200 651
201 652
202 653
203 654
204 655
205 656
206 657
207 658
208 659
209 660
210 661
211 662
212 663
213 664
214 665
215 666
216 667
217 668
218 669
219 670
220 671
221 672
222 673
223 674
224 675
225 676
226 677
227 678
228 679
229 680
230 681
231 682
232 683
233 684
234 685
235 686
236 687
237 688
238 689
239 690
240 691
241 692
242 693
243 694
244 695
245 696
246 697
247 698
248 699
249 700
250 701
251 702
252 703
253 704
254 705
255 706
256 707
257 708
258 709
259 710
260 711
261 712
262 713
263 714
264 715
265 716
266 717
267 718
268 719
269 720
270 721
271 722
272 723
273 724
274 725
275 726
276 727
277 728
278 729
279 730
280 731
281 732
282 733
283 734
284 735
285 736
286 737
287 738
288 739
289 740
290 741
291 742
292 743
293 744
294 745
295 746
296 747
297 748
298 749
299 750
300 751
301 752
302 753
303 754
304 755
305 756
306 757
307 758
308 759
309 760
310 761
311 762
312 763
313 764
314 765
315 766
316 767
317 768
318 769
319 770
320 771
321 772
322 773
323 774
324 775
325 776
326 777
327 778
328 779
329 780
330 781
331 782
332 783
333 784
334 785
335 786
336 787
337 788
338 789
339 790
340 791
341 792
342 793
343 794
344 795
345 796
346 797
347 798
348 799
349 800
350 801
351 802
352 803
353 804
354 805
355 806
356 807
357 808
358 809
359 810
360 811
361 812
362 813
363 814
364 815
365 816
366 817
367 818
368 819
369 820
370 821
371 822
372 823
373 824
374 825
375 826
376 827
377 828
378 829
379 830
380 831
381 832
382 833
383 834
384 835
385 836
386 837
387 838
388 839
389 840
390 841
391 842
392 843
393 844
394 845
395 846
396 847
397 848
398 849
399 850
400 851
401 852
402 853
403 854
404 855
405 856
406 857
407 858
408 859
409 860
410 861
411 862
412 863
413 864
414 865
415 866
416 867
417 868
418 869
419 870
420 871
421 872
422 873
423 874
424 875
425 876
426 877
427 878
428 879
429 880
430 881
431 882
432 883
433 884
434 885
435 886
436 887
437 888
438 889
439 890
440 891
441 892
442 893
443 894
444 895
445 896
446 897
447 898
448 899
449 900
450 901
