0 8
0 139
0 102
0 63
1 104
1 121
1 98
1 125
2 107
2 124
2 14
2 86
3 12
3 31
3 108
3 7
4 43
4 11
4 36
4 81
5 89
5 130
5 131
5 45
6 37
6 47
6 85
6 29
7 26
7 132
7 139
8 81
8 17
8 56
9 128
9 49
9 67
9 101
10 28
10 29
10 86
10 95
11 120
11 53
11 126
12 107
12 46
12 135
13 25
13 109
13 149
13 103
14 57
14 51
14 61
15 16
15 37
15 126
15 39
16 120
16 33
16 69
17 69
17 70
17 119
18 65
18 84
18 141
18 142
19 136
19 60
19 77
19 110
20 121
20 28
20 22
20 31
21 74
21 117
21 134
21 71
22 120
22 140
22 86
23 128
23 25
23 58
23 133
24 80
24 147
24 44
24 109
25 114
25 39
26 120
26 73
26 78
27 99
27 112
27 75
27 139
28 50
28 110
29 149
29 102
30 148
30 60
30 149
30 38
31 146
31 92
32 138
32 68
32 149
32 135
33 80
33 53
33 143
34 48
34 92
34 142
34 46
35 48
35 68
35 75
35 60
36 123
36 53
36 79
37 128
37 40
38 89
38 62
38 137
39 143
39 78
40 104
40 89
40 50
41 59
41 127
41 105
41 79
42 88
42 65
42 66
42 59
43 57
43 130
43 46
44 136
44 85
44 80
45 98
45 148
45 130
46 110
47 144
47 105
47 113
48 77
48 150
49 109
49 102
49 135
50 133
50 77
51 105
51 139
51 150
52 108
52 126
52 94
52 93
53 91
54 72
54 81
54 107
54 103
55 114
55 67
55 70
55 111
56 72
56 90
56 132
57 90
57 133
58 81
58 115
58 94
59 65
59 122
60 73
61 114
61 117
61 87
62 82
62 99
62 140
63 148
63 84
63 118
64 100
64 141
64 78
64 87
65 113
66 96
66 145
66 115
67 113
67 121
68 74
68 124
69 116
69 145
70 106
70 108
71 144
71 80
71 145
72 74
72 83
73 129
73 83
74 134
75 76
75 142
76 123
76 100
76 94
77 97
78 94
79 144
79 90
82 103
82 86
82 127
83 90
83 100
84 131
84 122
85 117
85 95
87 131
87 132
88 96
88 127
88 119
89 107
91 121
91 131
91 134
92 106
92 133
93 148
93 141
93 119
95 137
95 114
96 97
96 101
97 124
97 110
98 138
98 143
99 136
99 145
100 146
101 140
101 118
102 124
103 106
104 112
104 115
105 106
108 132
109 150
111 137
111 122
111 140
112 129
112 135
113 138
115 130
116 137
116 118
116 129
117 128
118 144
119 123
122 134
123 129
125 146
125 147
125 127
126 147
136 150
138 143
141 147
142 146
0 151
0 152
0 153
0 154
0 155
0 156
0 157
1 158
1 159
1 160
1 161
1 162
1 163
1 164
2 165
2 166
2 167
2 168
2 169
2 170
2 171
3 172
3 173
3 174
3 175
3 176
3 177
3 178
4 179
4 180
4 181
4 182
4 183
4 184
4 185
5 186
5 187
5 188
5 189
5 190
5 191
5 192
6 193
6 194
6 195
6 196
6 197
6 198
6 199
7 200
7 201
7 202
7 203
7 204
7 205
7 206
8 207
8 208
8 209
8 210
8 211
8 212
8 213
9 214
9 215
9 216
9 217
9 218
9 219
9 220
10 221
10 222
10 223
10 224
10 225
10 226
10 227
11 228
11 229
11 230
11 231
11 232
11 233
11 234
12 235
12 236
12 237
12 238
12 239
12 240
12 241
13 242
13 243
13 244
13 245
13 246
13 247
13 248
14 249
14 250
14 251
14 252
14 253
14 254
14 255
15 256
15 257
15 258
15 259
15 260
15 261
15 262
16 263
16 264
16 265
16 266
16 267
16 268
16 269
17 270
17 271
17 272
17 273
17 274
17 275
17 276
18 277
18 278
18 279
18 280
18 281
18 282
18 283
19 284
19 285
19 286
19 287
19 288
19 289
19 290
20 291
20 292
20 293
20 294
20 295
20 296
20 297
21 298
21 299
21 300
21 301
21 302
21 303
21 304
22 305
22 306
22 307
22 308
22 309
22 310
22 311
23 312
23 313
23 314
23 315
23 316
23 317
23 318
24 319
24 320
24 321
24 322
24 323
24 324
24 325
25 326
25 327
25 328
25 329
25 330
25 331
25 332
26 333
26 334
26 335
26 336
26 337
26 338
26 339
27 340
27 341
27 342
27 343
27 344
27 345
27 346
28 347
28 348
28 349
28 350
28 351
28 352
28 353
29 354
29 355
29 356
29 357
29 358
29 359
29 360
30 361
30 362
30 363
30 364
30 365
30 366
30 367
31 368
31 369
31 370
31 371
31 372
31 373
31 374
32 375
32 376
32 377
32 378
32 379
32 380
32 381
33 382
33 383
33 384
33 385
33 386
33 387
33 388
34 389
34 390
34 391
34 392
34 393
34 394
34 395
35 396
35 397
35 398
35 399
35 400
35 401
35 402
36 403
36 404
36 405
36 406
36 407
36 408
36 409
37 410
37 411
37 412
37 413
37 414
37 415
37 416
38 417
38 418
38 419
38 420
38 421
38 422
38 423
39 424
39 425
39 426
39 427
39 428
39 429
39 430
40 431
40 432
40 433
40 434
40 435
40 436
40 437
41 438
41 439
41 440
41 441
41 442
41 443
41 444
42 445
42 446
42 447
42 448
42 449
42 450
42 451
43 452
43 453
43 454
43 455
43 456
43 457
43 458
44 459
44 460
44 461
44 462
44 463
44 464
44 465
45 466
45 467
45 468
45 469
45 470
45 471
45 472
46 473
46 474
46 475
46 476
46 477
46 478
46 479
47 480
47 481
47 482
47 483
47 484
47 485
47 486
48 487
48 488
48 489
48 490
48 491
48 492
48 493
49 494
49 495
49 496
49 497
49 498
49 499
49 500
50 501
50 502
50 503
50 504
50 505
50 506
50 507
51 508
51 509
51 510
51 511
51 512
51 513
51 514
52 515
52 516
52 517
52 518
52 519
52 520
52 521
53 522
53 523
53 524
53 525
53 526
53 527
53 528
54 529
54 530
54 531
54 532
54 533
54 534
54 535
55 536
55 537
55 538
55 539
55 540
55 541
55 542
56 543
56 544
56 545
56 546
56 547
56 548
56 549
57 550
57 551
57 552
57 553
57 554
57 555
57 556
58 557
58 558
58 559
58 560
58 561
58 562
58 563
59 564
59 565
59 566
59 567
59 568
59 569
59 570
60 571
60 572
60 573
60 574
60 575
60 576
60 577
61 578
61 579
61 580
61 581
61 582
61 583
61 584
62 585
62 586
62 587
62 588
62 589
62 590
62 591
63 592
63 593
63 594
63 595
63 596
63 597
63 598
64 599
64 600
64 601
64 602
64 603
64 604
64 605
65 606
65 607
65 608
65 609
65 610
65 611
65 612
66 613
66 614
66 615
66 616
66 617
66 618
66 619
67 620
67 621
67 622
67 623
67 624
67 625
67 626
68 627
68 628
68 629
68 630
68 631
68 632
68 633
69 634
69 635
69 636
69 637
69 638
69 639
69 640
70 641
70 642
70 643
70 644
70 645
70 646
70 647
71 648
71 649
71 650
71 651
71 652
71 653
71 654
72 655
72 656
72 657
72 658
72 659
72 660
72 661
73 662
73 663
73 664
73 665
73 666
73 667
73 668
74 669
74 670
74 671
74 672
74 673
74 674
74 675
75 676
75 677
75 678
75 679
75 680
75 681
75 682
76 683
76 684
76 685
76 686
76 687
76 688
76 689
77 690
77 691
77 692
77 693
77 694
77 695
77 696
78 697
78 698
78 699
78 700
78 701
78 702
78 703
79 704
79 705
79 706
79 707
79 708
79 709
79 710
80 711
80 712
80 713
80 714
80 715
80 716
80 717
81 718
81 719
81 720
81 721
81 722
81 723
81 724
82 725
82 726
82 727
82 728
82 729
82 730
82 731
83 732
83 733
83 734
83 735
83 736
83 737
83 738
84 739
84 740
84 741
84 742
84 743
84 744
84 745
85 746
85 747
85 748
85 749
85 750
85 751
85 752
86 753
86 754
86 755
86 756
86 757
86 758
86 759
87 760
87 761
87 762
87 763
87 764
87 765
87 766
88 767
88 768
88 769
88 770
88 771
88 772
88 773
89 774
89 775
89 776
89 777
89 778
89 779
89 780
90 781
90 782
90 783
90 784
90 785
90 786
90 787
91 788
91 789
91 790
91 791
91 792
91 793
91 794
92 795
92 796
92 797
92 798
92 799
92 800
92 801
93 802
93 803
93 804
93 805
93 806
93 807
93 808
94 809
94 810
94 811
94 812
94 813
94 814
94 815
95 816
95 817
95 818
95 819
95 820
95 821
95 822
96 823
96 824
96 825
96 826
96 827
96 828
96 829
97 830
97 831
97 832
97 833
97 834
97 835
97 836
98 837
98 838
98 839
98 840
98 841
98 842
98 843
99 844
99 845
99 846
99 847
99 848
99 849
99 850
100 851
100 852
100 853
100 854
100 855
100 856
100 857
101 858
101 859
101 860
101 861
101 862
101 863
101 864
102 865
102 866
102 867
102 868
102 869
102 870
102 871
103 872
103 873
103 874
103 875
103 876
103 877
103 878
104 879
104 880
104 881
104 882
104 883
104 884
104 885
105 886
105 887
105 888
105 889
105 890
105 891
105 892
106 893
106 894
106 895
106 896
106 897
106 898
106 899
107 900
107 901
107 902
107 903
107 904
107 905
107 906
108 907
108 908
108 909
108 910
108 911
108 912
108 913
109 914
109 915
109 916
109 917
109 918
109 919
109 920
110 921
110 922
110 923
110 924
110 925
110 926
110 927
111 928
111 929
111 930
111 931
111 932
111 933
111 934
112 935
112 936
112 937
112 938
112 939
112 940
112 941
113 942
113 943
113 944
113 945
113 946
113 947
113 948
114 949
114 950
114 951
114 952
114 953
114 954
114 955
115 956
115 957
115 958
115 959
115 960
115 961
115 962
116 963
116 964
116 965
116 966
116 967
116 968
116 969
117 970
117 971
117 972
117 973
117 974
117 975
117 976
118 977
118 978
118 979
118 980
118 981
118 982
118 983
119 984
119 985
119 986
119 987
119 988
119 989
119 990
120 991
120 992
120 993
120 994
120 995
120 996
120 997
121 998
121 999
121 1000
121 1001
121 1002
121 1003
121 1004
122 1005
122 1006
122 1007
122 1008
122 1009
122 1010
122 1011
123 1012
123 1013
123 1014
123 1015
123 1016
123 1017
123 1018
124 1019
124 1020
124 1021
124 1022
124 1023
124 1024
124 1025
125 1026
125 1027
125 1028
125 1029
125 1030
125 1031
125 1032
126 1033
126 1034
126 1035
126 1036
126 1037
126 1038
126 1039
127 1040
127 1041
127 1042
127 1043
127 1044
127 1045
127 1046
128 1047
128 1048
128 1049
128 1050
128 1051
128 1052
128 1053
129 1054
129 1055
129 1056
129 1057
129 1058
129 1059
129 1060
130 1061
130 1062
130 1063
130 1064
130 1065
130 1066
130 1067
131 1068
131 1069
131 1070
131 1071
131 1072
131 1073
131 1074
132 1075
132 1076
132 1077
132 1078
132 1079
132 1080
132 1081
133 1082
133 1083
133 1084
133 1085
133 1086
133 1087
133 1088
134 1089
134 1090
134 1091
134 1092
134 1093
134 1094
134 1095
135 1096
135 1097
135 1098
135 1099
135 1100
135 1101
135 1102
136 1103
136 1104
136 1105
136 1106
136 1107
136 1108
136 1109
137 1110
137 1111
137 1112
137 1113
137 1114
137 1115
137 1116
138 1117
138 1118
138 1119
138 1120
138 1121
138 1122
138 1123
139 1124
139 1125
139 1126
139 1127
139 1128
139 1129
139 1130
140 1131
140 1132
140 1133
140 1134
140 1135
140 1136
140 1137
141 1138
141 1139
141 1140
141 1141
141 1142
141 1143
141 1144
142 1145
142 1146
142 1147
142 1148
142 1149
142 1150
142 1151
143 1152
143 1153
143 1154
143 1155
143 1156
143 1157
143 1158
144 1159
144 1160
144 1161
144 1162
144 1163
144 1164
144 1165
145 1166
145 1167
145 1168
145 1169
145 1170
145 1171
145 1172
146 1173
146 1174
146 1175
146 1176
146 1177
146 1178
146 1179
147 1180
147 1181
147 1182
147 1183
147 1184
147 1185
147 1186
148 1187
148 1188
148 1189
148 1190
148 1191
148 1192
148 1193
149 1194
149 1195
149 1196
149 1197
149 1198
149 1199
149 1200
150 1201
150 1202
150 1203
150 1204
150 1205
150 1206
150 1207
