0 97
0 28
0 101
0 20
1 98
1 189
1 182
1 87
2 200
2 160
2 176
2 197
3 80
3 106
3 39
3 167
4 40
4 163
4 118
4 191
5 120
5 48
5 156
5 95
6 208
6 64
6 52
6 29
7 129
7 123
7 150
7 43
8 137
8 181
8 185
8 53
9 96
9 103
9 135
9 151
10 24
10 90
10 59
10 158
11 80
11 16
11 64
11 199
12 33
12 28
12 157
12 100
13 160
13 121
13 35
13 124
14 15
14 92
14 54
14 207
15 177
15 205
15 55
16 65
16 122
16 70
17 56
17 121
17 149
17 193
18 52
18 26
18 60
18 149
19 105
19 178
19 68
19 49
20 75
20 156
20 87
21 27
21 115
21 110
21 63
22 104
22 73
22 90
22 132
23 144
23 192
23 70
23 183
24 97
24 66
24 133
25 114
25 125
25 38
25 197
26 194
26 179
26 61
27 104
27 93
27 167
28 200
28 56
29 112
29 169
29 187
30 91
30 61
30 158
30 133
31 96
31 113
31 34
31 155
32 195
32 147
32 38
32 126
33 152
33 122
33 99
34 169
34 188
34 53
35 146
35 191
35 189
36 152
36 208
36 59
36 108
37 176
37 113
37 91
37 193
38 178
38 210
39 53
39 150
39 207
40 185
40 99
40 195
41 42
41 163
41 131
41 50
42 66
42 148
42 172
43 45
43 190
43 93
44 128
44 201
44 186
44 107
45 152
45 100
45 116
46 136
46 185
46 130
46 68
47 201
47 82
47 54
47 198
48 178
48 155
48 190
49 72
49 84
49 125
50 140
50 94
50 175
51 88
51 104
51 202
51 99
52 169
52 97
53 200
54 138
54 93
55 160
55 191
55 149
56 112
56 119
57 135
57 148
57 182
57 103
58 98
58 108
58 78
58 151
59 192
59 183
60 128
60 76
60 110
61 156
61 126
62 64
62 136
62 117
62 86
63 90
63 173
63 110
64 71
65 129
65 99
65 163
66 115
66 206
67 163
67 156
67 195
67 95
68 208
68 188
69 168
69 105
69 74
69 175
70 152
70 180
71 96
71 78
71 120
72 196
72 85
72 78
73 164
73 166
73 125
74 144
74 120
74 142
75 100
75 130
75 110
76 193
76 194
76 166
77 170
77 123
77 206
77 87
78 102
79 168
79 169
79 130
79 205
80 141
80 189
81 153
81 138
81 179
81 164
82 124
82 210
82 140
83 88
83 137
83 187
83 140
84 145
84 113
84 89
85 186
85 173
85 174
86 145
86 113
86 161
87 196
88 204
88 117
89 203
89 94
89 111
90 187
91 153
91 109
92 176
92 165
92 173
93 180
94 108
94 198
95 184
95 112
96 196
97 166
98 130
98 206
100 174
101 134
101 198
101 135
102 146
102 162
102 127
103 121
103 127
104 170
105 119
105 151
106 137
106 114
106 142
107 177
107 162
107 159
108 143
109 209
109 204
109 151
111 147
111 116
111 197
112 181
114 164
114 141
115 139
115 206
116 166
116 191
117 161
117 139
118 188
118 174
118 159
119 192
119 194
120 164
121 131
122 200
122 145
123 153
123 134
124 154
124 199
125 131
126 153
126 199
127 202
127 141
128 180
128 167
129 185
129 175
131 162
132 138
132 179
132 154
133 184
133 138
134 171
134 143
135 157
136 209
136 165
137 196
139 209
139 145
140 171
141 181
142 155
142 207
143 172
143 203
144 155
144 199
146 170
146 149
147 188
147 158
148 161
148 183
150 202
150 165
154 177
154 183
157 180
157 158
159 208
159 181
160 170
161 203
162 202
165 204
167 186
168 177
168 190
171 184
171 195
172 178
172 182
173 207
174 203
175 210
176 179
182 190
184 205
186 197
187 209
189 205
192 198
193 210
194 201
201 204
0 211
0 212
0 213
0 214
0 215
0 216
0 217
0 218
0 219
1 220
1 221
1 222
1 223
1 224
1 225
1 226
1 227
1 228
2 229
2 230
2 231
2 232
2 233
2 234
2 235
2 236
2 237
3 238
3 239
3 240
3 241
3 242
3 243
3 244
3 245
3 246
4 247
4 248
4 249
4 250
4 251
4 252
4 253
4 254
4 255
5 256
5 257
5 258
5 259
5 260
5 261
5 262
5 263
5 264
6 265
6 266
6 267
6 268
6 269
6 270
6 271
6 272
6 273
7 274
7 275
7 276
7 277
7 278
7 279
7 280
7 281
7 282
8 283
8 284
8 285
8 286
8 287
8 288
8 289
8 290
8 291
9 292
9 293
9 294
9 295
9 296
9 297
9 298
9 299
9 300
10 301
10 302
10 303
10 304
10 305
10 306
10 307
10 308
10 309
11 310
11 311
11 312
11 313
11 314
11 315
11 316
11 317
11 318
12 319
12 320
12 321
12 322
12 323
12 324
12 325
12 326
12 327
13 328
13 329
13 330
13 331
13 332
13 333
13 334
13 335
13 336
14 337
14 338
14 339
14 340
14 341
14 342
14 343
14 344
14 345
15 346
15 347
15 348
15 349
15 350
15 351
15 352
15 353
15 354
16 355
16 356
16 357
16 358
16 359
16 360
16 361
16 362
16 363
17 364
17 365
17 366
17 367
17 368
17 369
17 370
17 371
17 372
18 373
18 374
18 375
18 376
18 377
18 378
18 379
18 380
18 381
19 382
19 383
19 384
19 385
19 386
19 387
19 388
19 389
19 390
20 391
20 392
20 393
20 394
20 395
20 396
20 397
20 398
20 399
21 400
21 401
21 402
21 403
21 404
21 405
21 406
21 407
21 408
22 409
22 410
22 411
22 412
22 413
22 414
22 415
22 416
22 417
23 418
23 419
23 420
23 421
23 422
23 423
23 424
23 425
23 426
24 427
24 428
24 429
24 430
24 431
24 432
24 433
24 434
24 435
25 436
25 437
25 438
25 439
25 440
25 441
25 442
25 443
25 444
26 445
26 446
26 447
26 448
26 449
26 450
26 451
26 452
26 453
27 454
27 455
27 456
27 457
27 458
27 459
27 460
27 461
27 462
28 463
28 464
28 465
28 466
28 467
28 468
28 469
28 470
28 471
29 472
29 473
29 474
29 475
29 476
29 477
29 478
29 479
29 480
30 481
30 482
30 483
30 484
30 485
30 486
30 487
30 488
30 489
31 490
31 491
31 492
31 493
31 494
31 495
31 496
31 497
31 498
32 499
32 500
32 501
32 502
32 503
32 504
32 505
32 506
32 507
33 508
33 509
33 510
33 511
33 512
33 513
33 514
33 515
33 516
34 517
34 518
34 519
34 520
34 521
34 522
34 523
34 524
34 525
35 526
35 527
35 528
35 529
35 530
35 531
35 532
35 533
35 534
36 535
36 536
36 537
36 538
36 539
36 540
36 541
36 542
36 543
37 544
37 545
37 546
37 547
37 548
37 549
37 550
37 551
37 552
38 553
38 554
38 555
38 556
38 557
38 558
38 559
38 560
38 561
39 562
39 563
39 564
39 565
39 566
39 567
39 568
39 569
39 570
40 571
40 572
40 573
40 574
40 575
40 576
40 577
40 578
40 579
41 580
41 581
41 582
41 583
41 584
41 585
41 586
41 587
41 588
42 589
42 590
42 591
42 592
42 593
42 594
42 595
42 596
42 597
43 598
43 599
43 600
43 601
43 602
43 603
43 604
43 605
43 606
44 607
44 608
44 609
44 610
44 611
44 612
44 613
44 614
44 615
45 616
45 617
45 618
45 619
45 620
45 621
45 622
45 623
45 624
46 625
46 626
46 627
46 628
46 629
46 630
46 631
46 632
46 633
47 634
47 635
47 636
47 637
47 638
47 639
47 640
47 641
47 642
48 643
48 644
48 645
48 646
48 647
48 648
48 649
48 650
48 651
49 652
49 653
49 654
49 655
49 656
49 657
49 658
49 659
49 660
50 661
50 662
50 663
50 664
50 665
50 666
50 667
50 668
50 669
51 670
51 671
51 672
51 673
51 674
51 675
51 676
51 677
51 678
52 679
52 680
52 681
52 682
52 683
52 684
52 685
52 686
52 687
53 688
53 689
53 690
53 691
53 692
53 693
53 694
53 695
53 696
54 697
54 698
54 699
54 700
54 701
54 702
54 703
54 704
54 705
55 706
55 707
55 708
55 709
55 710
55 711
55 712
55 713
55 714
56 715
56 716
56 717
56 718
56 719
56 720
56 721
56 722
56 723
57 724
57 725
57 726
57 727
57 728
57 729
57 730
57 731
57 732
58 733
58 734
58 735
58 736
58 737
58 738
58 739
58 740
58 741
59 742
59 743
59 744
59 745
59 746
59 747
59 748
59 749
59 750
60 751
60 752
60 753
60 754
60 755
60 756
60 757
60 758
60 759
61 760
61 761
61 762
61 763
61 764
61 765
61 766
61 767
61 768
62 769
62 770
62 771
62 772
62 773
62 774
62 775
62 776
62 777
63 778
63 779
63 780
63 781
63 782
63 783
63 784
63 785
63 786
64 787
64 788
64 789
64 790
64 791
64 792
64 793
64 794
64 795
65 796
65 797
65 798
65 799
65 800
65 801
65 802
65 803
65 804
66 805
66 806
66 807
66 808
66 809
66 810
66 811
66 812
66 813
67 814
67 815
67 816
67 817
67 818
67 819
67 820
67 821
67 822
68 823
68 824
68 825
68 826
68 827
68 828
68 829
68 830
68 831
69 832
69 833
69 834
69 835
69 836
69 837
69 838
69 839
69 840
70 841
70 842
70 843
70 844
70 845
70 846
70 847
70 848
70 849
71 850
71 851
71 852
71 853
71 854
71 855
71 856
71 857
71 858
72 859
72 860
72 861
72 862
72 863
72 864
72 865
72 866
72 867
73 868
73 869
73 870
73 871
73 872
73 873
73 874
73 875
73 876
74 877
74 878
74 879
74 880
74 881
74 882
74 883
74 884
74 885
75 886
75 887
75 888
75 889
75 890
75 891
75 892
75 893
75 894
76 895
76 896
76 897
76 898
76 899
76 900
76 901
76 902
76 903
77 904
77 905
77 906
77 907
77 908
77 909
77 910
77 911
77 912
78 913
78 914
78 915
78 916
78 917
78 918
78 919
78 920
78 921
79 922
79 923
79 924
79 925
79 926
79 927
79 928
79 929
79 930
80 931
80 932
80 933
80 934
80 935
80 936
80 937
80 938
80 939
81 940
81 941
81 942
81 943
81 944
81 945
81 946
81 947
81 948
82 949
82 950
82 951
82 952
82 953
82 954
82 955
82 956
82 957
83 958
83 959
83 960
83 961
83 962
83 963
83 964
83 965
83 966
84 967
84 968
84 969
84 970
84 971
84 972
84 973
84 974
84 975
85 976
85 977
85 978
85 979
85 980
85 981
85 982
85 983
85 984
86 985
86 986
86 987
86 988
86 989
86 990
86 991
86 992
86 993
87 994
87 995
87 996
87 997
87 998
87 999
87 1000
87 1001
87 1002
88 1003
88 1004
88 1005
88 1006
88 1007
88 1008
88 1009
88 1010
88 1011
89 1012
89 1013
89 1014
89 1015
89 1016
89 1017
89 1018
89 1019
89 1020
90 1021
90 1022
90 1023
90 1024
90 1025
90 1026
90 1027
90 1028
90 1029
91 1030
91 1031
91 1032
91 1033
91 1034
91 1035
91 1036
91 1037
91 1038
92 1039
92 1040
92 1041
92 1042
92 1043
92 1044
92 1045
92 1046
92 1047
93 1048
93 1049
93 1050
93 1051
93 1052
93 1053
93 1054
93 1055
93 1056
94 1057
94 1058
94 1059
94 1060
94 1061
94 1062
94 1063
94 1064
94 1065
95 1066
95 1067
95 1068
95 1069
95 1070
95 1071
95 1072
95 1073
95 1074
96 1075
96 1076
96 1077
96 1078
96 1079
96 1080
96 1081
96 1082
96 1083
97 1084
97 1085
97 1086
97 1087
97 1088
97 1089
97 1090
97 1091
97 1092
98 1093
98 1094
98 1095
98 1096
98 1097
98 1098
98 1099
98 1100
98 1101
99 1102
99 1103
99 1104
99 1105
99 1106
99 1107
99 1108
99 1109
99 1110
100 1111
100 1112
100 1113
100 1114
100 1115
100 1116
100 1117
100 1118
100 1119
101 1120
101 1121
101 1122
101 1123
101 1124
101 1125
101 1126
101 1127
101 1128
102 1129
102 1130
102 1131
102 1132
102 1133
102 1134
102 1135
102 1136
102 1137
103 1138
103 1139
103 1140
103 1141
103 1142
103 1143
103 1144
103 1145
103 1146
104 1147
104 1148
104 1149
104 1150
104 1151
104 1152
104 1153
104 1154
104 1155
105 1156
105 1157
105 1158
105 1159
105 1160
105 1161
105 1162
105 1163
105 1164
106 1165
106 1166
106 1167
106 1168
106 1169
106 1170
106 1171
106 1172
106 1173
107 1174
107 1175
107 1176
107 1177
107 1178
107 1179
107 1180
107 1181
107 1182
108 1183
108 1184
108 1185
108 1186
108 1187
108 1188
108 1189
108 1190
108 1191
109 1192
109 1193
109 1194
109 1195
109 1196
109 1197
109 1198
109 1199
109 1200
110 1201
110 1202
110 1203
110 1204
110 1205
110 1206
110 1207
110 1208
110 1209
111 1210
111 1211
111 1212
111 1213
111 1214
111 1215
111 1216
111 1217
111 1218
112 1219
112 1220
112 1221
112 1222
112 1223
112 1224
112 1225
112 1226
112 1227
113 1228
113 1229
113 1230
113 1231
113 1232
113 1233
113 1234
113 1235
113 1236
114 1237
114 1238
114 1239
114 1240
114 1241
114 1242
114 1243
114 1244
114 1245
115 1246
115 1247
115 1248
115 1249
115 1250
115 1251
115 1252
115 1253
115 1254
116 1255
116 1256
116 1257
116 1258
116 1259
116 1260
116 1261
116 1262
116 1263
117 1264
117 1265
117 1266
117 1267
117 1268
117 1269
117 1270
117 1271
117 1272
118 1273
118 1274
118 1275
118 1276
118 1277
118 1278
118 1279
118 1280
118 1281
119 1282
119 1283
119 1284
119 1285
119 1286
119 1287
119 1288
119 1289
119 1290
120 1291
120 1292
120 1293
120 1294
120 1295
120 1296
120 1297
120 1298
120 1299
121 1300
121 1301
121 1302
121 1303
121 1304
121 1305
121 1306
121 1307
121 1308
122 1309
122 1310
122 1311
122 1312
122 1313
122 1314
122 1315
122 1316
122 1317
123 1318
123 1319
123 1320
123 1321
123 1322
123 1323
123 1324
123 1325
123 1326
124 1327
124 1328
124 1329
124 1330
124 1331
124 1332
124 1333
124 1334
124 1335
125 1336
125 1337
125 1338
125 1339
125 1340
125 1341
125 1342
125 1343
125 1344
126 1345
126 1346
126 1347
126 1348
126 1349
126 1350
126 1351
126 1352
126 1353
127 1354
127 1355
127 1356
127 1357
127 1358
127 1359
127 1360
127 1361
127 1362
128 1363
128 1364
128 1365
128 1366
128 1367
128 1368
128 1369
128 1370
128 1371
129 1372
129 1373
129 1374
129 1375
129 1376
129 1377
129 1378
129 1379
129 1380
130 1381
130 1382
130 1383
130 1384
130 1385
130 1386
130 1387
130 1388
130 1389
131 1390
131 1391
131 1392
131 1393
131 1394
131 1395
131 1396
131 1397
131 1398
132 1399
132 1400
132 1401
132 1402
132 1403
132 1404
132 1405
132 1406
132 1407
133 1408
133 1409
133 1410
133 1411
133 1412
133 1413
133 1414
133 1415
133 1416
134 1417
134 1418
134 1419
134 1420
134 1421
134 1422
134 1423
134 1424
134 1425
135 1426
135 1427
135 1428
135 1429
135 1430
135 1431
135 1432
135 1433
135 1434
136 1435
136 1436
136 1437
136 1438
136 1439
136 1440
136 1441
136 1442
136 1443
137 1444
137 1445
137 1446
137 1447
137 1448
137 1449
137 1450
137 1451
137 1452
138 1453
138 1454
138 1455
138 1456
138 1457
138 1458
138 1459
138 1460
138 1461
139 1462
139 1463
139 1464
139 1465
139 1466
139 1467
139 1468
139 1469
139 1470
140 1471
140 1472
140 1473
140 1474
140 1475
140 1476
140 1477
140 1478
140 1479
141 1480
141 1481
141 1482
141 1483
141 1484
141 1485
141 1486
141 1487
141 1488
142 1489
142 1490
142 1491
142 1492
142 1493
142 1494
142 1495
142 1496
142 1497
143 1498
143 1499
143 1500
143 1501
143 1502
143 1503
143 1504
143 1505
143 1506
144 1507
144 1508
144 1509
144 1510
144 1511
144 1512
144 1513
144 1514
144 1515
145 1516
145 1517
145 1518
145 1519
145 1520
145 1521
145 1522
145 1523
145 1524
146 1525
146 1526
146 1527
146 1528
146 1529
146 1530
146 1531
146 1532
146 1533
147 1534
147 1535
147 1536
147 1537
147 1538
147 1539
147 1540
147 1541
147 1542
148 1543
148 1544
148 1545
148 1546
148 1547
148 1548
148 1549
148 1550
148 1551
149 1552
149 1553
149 1554
149 1555
149 1556
149 1557
149 1558
149 1559
149 1560
150 1561
150 1562
150 1563
150 1564
150 1565
150 1566
150 1567
150 1568
150 1569
151 1570
151 1571
151 1572
151 1573
151 1574
151 1575
151 1576
151 1577
151 1578
152 1579
152 1580
152 1581
152 1582
152 1583
152 1584
152 1585
152 1586
152 1587
153 1588
153 1589
153 1590
153 1591
153 1592
153 1593
153 1594
153 1595
153 1596
154 1597
154 1598
154 1599
154 1600
154 1601
154 1602
154 1603
154 1604
154 1605
155 1606
155 1607
155 1608
155 1609
155 1610
155 1611
155 1612
155 1613
155 1614
156 1615
156 1616
156 1617
156 1618
156 1619
156 1620
156 1621
156 1622
156 1623
157 1624
157 1625
157 1626
157 1627
157 1628
157 1629
157 1630
157 1631
157 1632
158 1633
158 1634
158 1635
158 1636
158 1637
158 1638
158 1639
158 1640
158 1641
159 1642
159 1643
159 1644
159 1645
159 1646
159 1647
159 1648
159 1649
159 1650
160 1651
160 1652
160 1653
160 1654
160 1655
160 1656
160 1657
160 1658
160 1659
161 1660
161 1661
161 1662
161 1663
161 1664
161 1665
161 1666
161 1667
161 1668
162 1669
162 1670
162 1671
162 1672
162 1673
162 1674
162 1675
162 1676
162 1677
163 1678
163 1679
163 1680
163 1681
163 1682
163 1683
163 1684
163 1685
163 1686
164 1687
164 1688
164 1689
164 1690
164 1691
164 1692
164 1693
164 1694
164 1695
165 1696
165 1697
165 1698
165 1699
165 1700
165 1701
165 1702
165 1703
165 1704
166 1705
166 1706
166 1707
166 1708
166 1709
166 1710
166 1711
166 1712
166 1713
167 1714
167 1715
167 1716
167 1717
167 1718
167 1719
167 1720
167 1721
167 1722
168 1723
168 1724
168 1725
168 1726
168 1727
168 1728
168 1729
168 1730
168 1731
169 1732
169 1733
169 1734
169 1735
169 1736
169 1737
169 1738
169 1739
169 1740
170 1741
170 1742
170 1743
170 1744
170 1745
170 1746
170 1747
170 1748
170 1749
171 1750
171 1751
171 1752
171 1753
171 1754
171 1755
171 1756
171 1757
171 1758
172 1759
172 1760
172 1761
172 1762
172 1763
172 1764
172 1765
172 1766
172 1767
173 1768
173 1769
173 1770
173 1771
173 1772
173 1773
173 1774
173 1775
173 1776
174 1777
174 1778
174 1779
174 1780
174 1781
174 1782
174 1783
174 1784
174 1785
175 1786
175 1787
175 1788
175 1789
175 1790
175 1791
175 1792
175 1793
175 1794
176 1795
176 1796
176 1797
176 1798
176 1799
176 1800
176 1801
176 1802
176 1803
177 1804
177 1805
177 1806
177 1807
177 1808
177 1809
177 1810
177 1811
177 1812
178 1813
178 1814
178 1815
178 1816
178 1817
178 1818
178 1819
178 1820
178 1821
179 1822
179 1823
179 1824
179 1825
179 1826
179 1827
179 1828
179 1829
179 1830
180 1831
180 1832
180 1833
180 1834
180 1835
180 1836
180 1837
180 1838
180 1839
181 1840
181 1841
181 1842
181 1843
181 1844
181 1845
181 1846
181 1847
181 1848
182 1849
182 1850
182 1851
182 1852
182 1853
182 1854
182 1855
182 1856
182 1857
183 1858
183 1859
183 1860
183 1861
183 1862
183 1863
183 1864
183 1865
183 1866
184 1867
184 1868
184 1869
184 1870
184 1871
184 1872
184 1873
184 1874
184 1875
185 1876
185 1877
185 1878
185 1879
185 1880
185 1881
185 1882
185 1883
185 1884
186 1885
186 1886
186 1887
186 1888
186 1889
186 1890
186 1891
186 1892
186 1893
187 1894
187 1895
187 1896
187 1897
187 1898
187 1899
187 1900
187 1901
187 1902
188 1903
188 1904
188 1905
188 1906
188 1907
188 1908
188 1909
188 1910
188 1911
189 1912
189 1913
189 1914
189 1915
189 1916
189 1917
189 1918
189 1919
189 1920
190 1921
190 1922
190 1923
190 1924
190 1925
190 1926
190 1927
190 1928
190 1929
191 1930
191 1931
191 1932
191 1933
191 1934
191 1935
191 1936
191 1937
191 1938
192 1939
192 1940
192 1941
192 1942
192 1943
192 1944
192 1945
192 1946
192 1947
193 1948
193 1949
193 1950
193 1951
193 1952
193 1953
193 1954
193 1955
193 1956
194 1957
194 1958
194 1959
194 1960
194 1961
194 1962
194 1963
194 1964
194 1965
195 1966
195 1967
195 1968
195 1969
195 1970
195 1971
195 1972
195 1973
195 1974
196 1975
196 1976
196 1977
196 1978
196 1979
196 1980
196 1981
196 1982
196 1983
197 1984
197 1985
197 1986
197 1987
197 1988
197 1989
197 1990
197 1991
197 1992
198 1993
198 1994
198 1995
198 1996
198 1997
198 1998
198 1999
198 2000
198 2001
199 2002
199 2003
199 2004
199 2005
199 2006
199 2007
199 2008
199 2009
199 2010
200 2011
200 2012
200 2013
200 2014
200 2015
200 2016
200 2017
200 2018
200 2019
201 2020
201 2021
201 2022
201 2023
201 2024
201 2025
201 2026
201 2027
201 2028
202 2029
202 2030
202 2031
202 2032
202 2033
202 2034
202 2035
202 2036
202 2037
203 2038
203 2039
203 2040
203 2041
203 2042
203 2043
203 2044
203 2045
203 2046
204 2047
204 2048
204 2049
204 2050
204 2051
204 2052
204 2053
204 2054
204 2055
205 2056
205 2057
205 2058
205 2059
205 2060
205 2061
205 2062
205 2063
205 2064
206 2065
206 2066
206 2067
206 2068
206 2069
206 2070
206 2071
206 2072
206 2073
207 2074
207 2075
207 2076
207 2077
207 2078
207 2079
207 2080
207 2081
207 2082
208 2083
208 2084
208 2085
208 2086
208 2087
208 2088
208 2089
208 2090
208 2091
209 2092
209 2093
209 2094
209 2095
209 2096
209 2097
209 2098
209 2099
209 2100
210 2101
210 2102
210 2103
210 2104
210 2105
210 2106
210 2107
210 2108
210 2109
