0 99
0 401
0 328
0 41
0 252
0 139
0 268
0 305
0 179
0 220
0 21
0 118
0 24
0 39
0 152
0 380
1 161
1 66
1 328
1 169
1 12
1 141
1 397
1 176
1 145
1 318
1 344
1 218
1 79
1 444
1 90
1 94
2 192
2 193
2 361
2 202
2 299
2 205
2 46
2 338
2 106
2 85
2 316
2 233
2 92
2 330
2 318
2 341
3 449
3 386
3 68
3 392
3 132
3 306
3 111
3 402
3 244
3 85
3 406
3 57
3 25
3 282
3 251
3 117
4 160
4 448
4 299
4 22
4 263
4 460
4 458
4 203
4 76
4 191
4 373
4 182
4 282
4 479
4 350
4 469
5 481
5 488
5 165
5 360
5 489
5 364
5 40
5 178
5 51
5 308
5 87
5 441
5 26
5 200
5 58
5 351
6 160
6 129
6 347
6 292
6 71
6 201
6 114
6 110
6 317
6 434
6 468
6 321
6 151
6 251
6 476
6 443
7 416
7 321
7 194
7 43
7 147
7 72
7 64
7 371
7 403
7 435
7 77
7 144
7 401
7 115
7 148
7 190
8 224
8 256
8 482
8 196
8 71
8 329
8 192
8 397
8 302
8 15
8 145
8 179
8 22
8 9
8 120
8 349
9 225
9 389
9 369
9 138
9 396
9 111
9 304
9 49
9 106
9 368
9 55
9 266
9 348
9 29
9 255
10 425
10 259
10 69
10 167
10 72
10 41
10 87
10 460
10 140
10 50
10 279
10 378
10 283
10 188
10 253
10 215
11 416
11 35
11 453
11 455
11 264
11 297
11 107
11 236
11 301
11 14
11 17
11 116
11 268
11 52
11 478
11 127
12 383
12 34
12 195
12 31
12 329
12 170
12 288
12 176
12 497
12 83
12 23
12 202
12 127
12 458
12 319
13 86
13 227
13 485
13 497
13 171
13 493
13 272
13 209
13 434
13 149
13 342
13 315
13 124
13 125
13 318
13 127
14 64
14 128
14 38
14 487
14 232
14 183
14 108
14 45
14 79
14 49
14 149
14 375
14 280
14 346
14 124
15 322
15 323
15 421
15 423
15 348
15 43
15 302
15 432
15 216
15 467
15 278
15 312
15 179
15 380
15 317
16 336
16 324
16 198
16 167
16 204
16 202
16 332
16 238
16 80
16 435
16 398
16 247
16 280
16 442
16 59
16 156
17 131
17 389
17 457
17 362
17 270
17 175
17 472
17 338
17 163
17 462
17 247
17 184
17 473
17 363
17 92
18 321
18 197
18 70
18 392
18 362
18 397
18 46
18 477
18 238
18 148
18 430
18 375
18 249
18 316
18 381
18 159
19 130
19 451
19 452
19 486
19 363
19 207
19 47
19 433
19 434
19 436
19 245
19 86
19 250
19 143
19 93
19 181
20 97
20 66
20 451
20 260
20 325
20 41
20 269
20 174
20 144
20 81
20 84
20 54
20 184
20 441
20 348
20 351
21 225
21 387
21 357
21 167
21 75
21 209
21 35
21 372
21 24
21 471
21 408
21 409
21 199
21 221
21 190
22 384
22 194
22 198
22 490
22 172
22 435
22 366
22 499
22 244
22 182
22 313
22 90
22 28
22 189
23 65
23 294
23 392
23 459
23 239
23 413
23 328
23 341
23 312
23 89
23 282
23 91
23 442
23 286
23 319
24 160
24 482
24 325
24 231
24 73
24 44
24 109
24 47
24 492
24 471
24 248
24 428
24 93
24 181
25 114
25 172
25 426
25 247
25 396
25 365
25 463
25 400
25 338
25 94
25 246
25 55
25 377
25 44
25 169
26 386
26 99
26 262
26 210
26 332
26 428
26 205
26 302
26 112
26 114
26 67
26 276
26 27
26 252
26 63
27 257
27 226
27 387
27 132
27 389
27 459
27 93
27 415
27 368
27 212
27 151
27 440
27 175
27 474
27 63
28 246
28 290
28 420
28 389
28 292
28 297
28 241
28 402
28 243
28 212
28 437
28 311
28 344
28 260
28 189
29 418
29 419
29 324
29 264
29 298
29 203
29 140
29 178
29 67
29 468
29 310
29 58
29 156
29 476
29 31
30 385
30 75
30 420
30 485
30 391
30 72
30 395
30 452
30 142
30 272
30 305
30 377
30 409
30 60
30 183
30 126
31 352
31 54
31 362
31 299
31 172
31 272
31 189
31 404
31 62
31 342
31 408
31 367
31 74
31 158
32 257
32 164
32 167
32 489
32 300
32 45
32 337
32 115
32 318
32 312
32 281
32 346
32 255
32 189
32 446
32 351
33 448
33 385
33 323
33 38
33 199
33 331
33 44
33 398
33 239
33 240
33 50
33 123
33 117
33 86
33 475
33 222
34 64
34 100
34 487
34 275
34 120
34 83
34 276
34 147
34 407
34 280
34 228
34 136
34 58
34 446
34 447
35 321
35 386
35 68
35 293
35 455
35 41
35 394
35 428
35 366
35 471
35 201
35 219
35 444
35 61
36 128
36 193
36 386
36 163
36 454
36 489
36 299
36 140
36 176
36 82
36 404
36 469
36 215
36 346
36 123
36 445
37 227
37 68
37 485
37 72
37 425
37 267
37 144
37 440
37 370
37 244
37 117
37 150
37 87
37 472
37 105
37 60
38 97
38 130
38 420
38 295
38 199
38 41
38 427
38 270
38 84
38 398
38 409
38 184
38 276
38 222
39 416
39 354
39 420
39 200
39 425
39 139
39 300
39 162
39 335
39 275
39 308
39 277
39 374
39 440
39 260
40 288
40 257
40 354
40 293
40 326
40 103
40 361
40 364
40 146
40 221
40 402
40 405
40 55
40 317
40 446
41 256
41 192
41 359
41 172
41 116
41 176
41 113
41 306
41 180
41 313
41 476
42 96
42 226
42 259
42 136
42 407
42 396
42 303
42 209
42 313
42 163
42 439
42 376
42 377
42 122
42 379
42 248
43 352
43 192
43 226
43 71
43 427
43 368
43 241
43 52
43 88
43 377
43 346
43 61
43 94
43 351
44 344
44 450
44 440
44 356
44 422
44 264
44 139
44 492
44 333
44 181
44 311
44 56
44 117
45 432
45 194
45 362
45 363
45 462
45 464
45 320
45 338
45 51
45 148
45 185
45 57
45 218
45 444
46 288
46 355
46 489
46 274
46 78
46 60
46 372
46 181
46 284
46 407
46 116
46 252
46 157
46 277
47 131
47 165
47 104
47 202
47 429
47 206
47 237
47 434
47 469
47 440
47 473
47 399
47 412
47 62
48 128
48 193
48 259
48 416
48 231
48 424
48 329
48 359
48 257
48 403
48 84
48 309
48 56
48 409
48 380
48 383
49 384
49 65
49 491
49 69
49 326
49 359
49 135
49 77
49 340
49 54
49 404
49 474
49 477
49 382
50 259
50 292
50 488
50 200
50 393
50 349
50 241
50 242
50 189
50 471
50 188
50 477
50 382
50 479
51 160
51 181
51 258
51 419
51 261
51 170
51 237
51 179
51 276
51 53
51 472
51 372
51 98
51 63
52 230
52 354
52 165
52 102
52 265
52 299
52 271
52 433
52 213
52 121
52 248
52 377
52 285
52 127
53 328
53 297
53 426
53 268
53 334
53 79
53 206
53 104
53 404
53 142
53 118
53 375
53 88
53 314
53 285
54 84
54 367
54 258
54 115
54 421
54 455
54 107
54 239
54 179
54 182
54 111
54 276
54 187
55 163
55 452
55 70
55 166
55 107
55 269
55 356
55 173
55 112
55 82
55 399
55 248
55 347
56 165
56 283
56 293
56 358
56 396
56 110
56 368
56 242
56 340
56 90
56 219
56 316
56 286
56 421
57 393
57 65
57 226
57 438
57 487
57 297
57 435
57 436
57 214
57 119
57 376
57 89
57 413
57 479
58 324
58 263
58 201
58 138
58 491
58 125
58 112
58 81
58 405
58 378
58 412
58 298
58 126
59 451
59 485
59 166
59 234
59 242
59 304
59 496
59 465
59 400
59 123
59 180
59 213
59 122
59 335
59 90
60 464
60 277
60 181
60 135
60 421
60 143
60 240
60 341
60 310
60 441
60 283
60 318
60 223
61 470
61 358
61 259
61 106
61 267
61 403
61 397
61 339
61 436
61 405
61 406
61 216
61 121
61 200
62 256
62 321
62 66
62 100
62 295
62 200
62 202
62 468
62 277
62 374
62 120
62 244
62 442
62 317
63 447
63 322
63 485
63 264
63 297
63 458
63 76
63 109
63 399
63 432
63 85
63 221
63 415
64 450
64 357
64 454
64 392
64 303
64 136
64 372
64 374
64 183
64 88
64 180
64 493
64 421
65 416
65 129
65 75
65 294
65 241
65 76
65 321
65 337
65 371
65 350
65 214
65 441
65 318
66 160
66 322
66 67
66 165
66 361
66 258
66 208
66 227
66 212
66 149
66 151
66 468
66 220
67 228
67 70
67 166
67 177
67 428
67 268
67 98
67 175
67 145
67 148
67 344
67 143
67 485
68 256
68 417
68 135
68 129
68 455
68 428
68 173
68 495
68 467
68 183
68 250
68 463
68 222
69 418
69 195
69 134
69 294
69 233
69 234
69 492
69 78
69 402
69 163
69 462
69 358
69 156
69 93
70 224
70 448
70 133
70 230
70 487
70 399
70 240
70 435
70 245
70 442
70 379
70 478
70 95
71 353
71 194
71 75
71 197
71 455
71 456
71 203
71 148
71 213
71 438
71 217
71 474
71 91
72 196
72 358
72 363
72 492
72 109
72 113
72 308
72 470
72 88
72 152
72 251
72 447
73 480
73 353
73 419
73 325
73 106
73 460
73 334
73 303
73 80
73 273
73 306
73 469
73 441
73 120
73 414
74 355
74 113
74 102
74 391
74 200
74 343
74 332
74 431
74 496
74 433
74 123
74 180
74 279
74 447
74 125
75 336
75 131
75 395
75 429
75 238
75 239
75 400
75 241
75 291
75 433
75 462
75 367
76 132
76 241
76 137
76 237
76 177
76 350
76 278
76 119
76 344
76 186
76 122
76 158
76 223
77 356
77 168
77 393
77 172
77 334
77 207
77 144
77 340
77 366
77 184
77 121
77 159
77 350
77 95
78 481
78 486
78 205
78 142
78 463
78 271
78 189
78 498
78 243
78 311
78 358
78 143
78 93
78 191
79 290
79 392
79 236
79 458
79 83
79 140
79 226
79 371
79 212
79 376
79 332
79 186
79 188
80 225
80 290
80 101
80 130
80 402
80 399
80 297
80 407
80 409
80 442
80 283
80 157
80 345
80 325
81 257
81 292
81 229
81 422
81 295
81 141
81 174
81 463
81 338
81 340
81 373
81 377
81 314
81 223
82 385
82 386
82 387
82 295
82 424
82 265
82 398
82 369
82 412
82 273
82 374
82 314
82 124
82 254
83 416
83 418
83 483
83 100
83 232
83 204
83 426
83 215
83 439
83 184
83 331
83 412
83 478
84 450
84 100
84 263
84 201
84 321
84 240
84 118
84 474
84 219
84 156
84 285
84 351
85 449
85 231
85 457
85 426
85 431
85 271
85 137
85 152
85 201
85 284
85 186
85 410
85 415
86 293
86 390
86 353
86 188
86 236
86 365
86 499
86 385
86 307
86 282
86 283
86 412
86 286
87 192
87 288
87 420
87 133
87 438
87 457
87 238
87 125
87 468
87 374
87 247
87 218
87 442
88 321
88 454
88 422
88 335
88 464
88 296
88 436
88 438
88 216
88 442
88 285
88 447
89 295
89 484
89 453
89 327
89 489
89 138
89 471
89 236
89 397
89 174
89 271
89 114
89 214
89 476
90 484
90 165
90 103
90 138
90 172
90 141
90 318
90 468
90 181
90 185
90 382
90 245
91 339
91 385
91 290
91 324
91 262
91 391
91 298
91 429
91 499
91 112
91 449
91 467
91 117
91 281
92 97
92 300
92 364
92 461
92 142
92 175
92 370
92 211
92 116
92 206
92 333
92 279
92 156
92 373
93 133
93 194
93 356
93 102
93 233
93 138
93 461
93 177
93 469
93 315
93 229
94 194
94 323
94 164
94 101
94 360
94 492
94 268
94 207
94 340
94 376
94 378
94 250
94 459
95 416
95 193
95 98
95 419
95 292
95 485
95 392
95 425
95 427
95 366
95 365
95 264
95 354
95 411
96 167
96 108
96 270
96 285
96 465
96 210
96 467
96 372
96 245
96 310
96 375
96 472
96 413
96 446
96 223
97 321
97 155
97 390
97 455
97 329
97 490
97 103
97 141
97 111
97 246
97 187
97 412
97 287
98 352
98 482
98 260
98 454
98 198
98 168
98 132
98 399
98 496
98 371
98 100
98 186
98 431
99 321
99 483
99 229
99 265
99 202
99 364
99 152
99 466
99 438
99 311
99 280
99 345
99 412
99 325
100 123
100 357
100 231
100 363
100 209
100 241
100 498
100 467
100 375
100 280
100 347
101 224
101 357
101 102
101 200
101 459
101 493
101 255
101 370
101 181
101 313
101 281
101 219
101 477
101 309
102 256
102 450
102 323
102 134
102 103
102 174
102 431
102 221
102 470
102 280
102 381
102 382
103 200
103 355
103 456
103 449
103 364
103 269
103 334
103 144
103 305
103 371
103 219
103 284
104 385
104 386
104 260
104 330
104 215
104 109
104 240
104 183
104 469
104 310
104 343
104 176
104 175
104 319
105 352
105 382
105 170
105 171
105 429
105 238
105 141
105 112
105 369
105 370
105 403
105 404
105 277
105 254
105 351
106 148
106 291
106 132
106 262
106 135
106 362
106 268
106 269
106 402
106 137
106 372
106 286
107 256
107 257
107 454
107 266
107 151
107 237
107 270
107 271
107 344
107 410
107 220
107 222
107 351
108 321
108 423
108 264
108 265
108 235
108 240
108 399
108 432
108 401
108 339
108 374
108 407
108 175
108 383
109 427
109 133
109 406
109 426
109 235
109 174
109 272
109 371
109 180
109 245
109 438
109 156
110 251
110 132
110 362
110 460
110 429
110 366
110 301
110 112
110 147
110 308
110 117
110 443
110 477
110 286
111 289
111 263
111 395
111 332
111 178
111 205
111 497
111 434
111 286
111 152
111 220
111 459
112 256
112 481
112 290
112 164
112 328
112 434
112 466
112 291
112 148
112 219
113 384
113 128
113 355
113 453
113 390
113 171
113 206
113 207
113 168
113 163
113 374
113 425
113 246
114 354
114 326
114 470
114 265
114 280
114 211
114 245
114 150
114 281
114 248
114 221
114 341
115 193
115 418
115 261
115 116
115 139
115 208
115 497
115 404
115 149
115 406
115 377
115 122
115 437
116 353
116 258
116 260
116 325
116 391
116 168
116 140
116 464
116 408
116 185
116 285
117 164
117 177
117 200
117 365
117 208
117 497
117 483
117 118
117 152
117 249
118 292
118 422
118 307
118 266
118 397
118 206
118 464
118 339
118 312
118 313
118 411
118 222
119 289
119 387
119 454
119 486
119 263
119 225
119 359
119 244
119 245
119 247
119 472
119 340
119 347
119 158
120 347
120 295
120 461
120 270
120 303
120 180
120 309
120 278
120 407
120 250
120 187
120 411
121 208
121 484
121 327
121 428
121 364
121 462
121 304
121 466
121 341
121 279
121 252
121 350
121 319
122 130
122 283
122 164
122 134
122 268
122 403
122 356
122 272
122 216
122 153
122 250
122 284
123 289
123 482
123 387
123 130
123 400
123 178
123 496
123 370
123 373
123 330
123 351
124 162
124 229
124 374
124 231
124 493
124 495
124 432
124 213
124 150
124 215
124 411
124 348
124 383
125 288
125 289
125 387
125 166
125 358
125 488
125 206
125 495
125 400
125 437
125 494
125 127
126 224
126 451
126 246
126 488
126 170
126 491
126 204
126 237
126 207
126 496
126 190
126 214
126 412
126 351
127 385
127 418
127 487
127 417
127 360
127 295
127 143
127 157
127 305
127 402
127 440
128 450
128 325
128 438
128 162
128 295
128 396
128 173
128 433
128 341
128 150
128 279
128 317
129 356
129 485
129 463
129 207
129 464
129 369
129 402
129 437
129 406
129 216
129 315
129 376
129 415
130 288
130 353
130 363
130 485
130 425
130 267
130 208
130 303
130 436
130 480
130 471
131 257
131 132
131 325
131 390
131 392
131 249
131 490
131 236
131 173
131 365
131 470
131 441
131 409
132 240
132 226
132 212
132 361
132 336
132 305
132 155
132 377
132 220
133 326
133 391
133 264
133 327
133 300
133 301
133 271
133 401
133 342
133 410
133 475
133 414
134 480
134 356
134 261
134 262
134 183
134 333
134 495
134 208
134 472
134 178
134 148
134 151
134 216
135 321
135 419
135 359
135 361
135 332
135 178
135 499
135 196
135 153
135 388
135 251
135 316
136 481
136 483
136 420
136 197
136 465
136 461
136 302
136 216
136 307
136 468
136 430
136 184
136 313
137 339
137 449
137 229
137 243
137 457
137 267
137 272
137 242
137 172
137 300
137 381
137 254
137 309
138 320
138 386
138 228
138 325
138 202
138 333
138 157
138 212
138 214
138 218
138 414
139 387
139 228
139 425
139 426
139 363
139 205
139 307
139 212
139 268
139 235
139 299
139 251
140 187
140 300
140 498
140 243
140 341
140 445
140 180
140 255
140 381
140 394
140 426
141 357
141 262
141 338
141 306
141 206
141 465
141 402
141 435
141 405
141 433
141 410
142 481
142 260
142 487
142 200
142 297
142 398
142 175
142 274
142 308
142 441
142 348
142 221
143 289
143 388
143 470
143 294
143 425
143 420
143 397
143 309
143 310
143 152
143 494
144 418
144 475
144 488
144 394
144 237
144 336
144 409
144 474
144 379
144 444
144 255
145 352
145 260
145 486
145 263
145 366
145 308
145 350
145 184
145 372
145 315
145 348
145 413
145 190
146 339
146 235
146 388
146 361
146 490
146 427
146 236
146 285
146 241
146 402
146 499
146 219
146 460
146 253
146 223
147 208
147 387
147 484
147 439
147 359
147 459
147 365
147 400
147 209
147 434
147 403
147 279
147 191
148 256
148 459
148 462
148 493
148 387
148 248
148 283
148 444
149 164
149 199
149 458
149 235
149 239
149 397
149 437
149 471
149 217
149 315
149 317
149 255
150 419
150 195
150 165
150 230
150 232
150 333
150 338
150 371
150 245
150 375
150 217
150 315
151 450
151 262
151 424
151 322
151 398
151 349
151 197
151 281
151 383
151 189
151 421
152 198
152 166
152 328
152 460
152 427
152 172
152 168
152 435
152 474
153 282
153 261
153 360
153 394
153 459
153 300
153 370
153 495
153 400
153 274
153 341
153 215
153 239
153 474
154 256
154 320
154 194
154 279
154 491
154 268
154 450
154 462
154 173
154 496
154 274
154 243
154 407
154 377
154 412
154 221
155 388
155 401
155 232
155 458
155 455
155 239
155 497
155 339
155 180
155 310
155 217
155 312
155 276
155 218
156 257
156 396
156 235
156 236
156 301
156 285
156 497
156 250
156 443
156 286
157 482
157 195
157 390
157 294
157 327
157 202
157 235
157 276
157 405
157 438
157 408
157 348
158 439
158 167
158 412
158 270
158 239
158 302
158 437
158 278
158 343
158 345
158 442
158 252
158 349
159 480
159 344
159 261
159 422
159 401
159 306
159 385
159 242
159 400
159 177
159 212
159 406
159 248
159 445
160 192
160 326
160 392
160 329
160 306
160 470
160 407
160 440
160 292
160 285
160 182
161 214
161 164
161 324
161 182
161 392
161 364
161 205
161 241
161 499
161 277
161 342
161 345
161 420
161 283
161 221
162 450
162 391
162 297
162 458
162 174
162 226
162 302
162 461
162 277
162 249
162 379
162 252
162 383
163 416
163 259
163 388
163 393
163 333
163 174
163 437
163 470
163 315
163 329
164 432
164 456
164 393
164 235
164 424
164 178
164 188
164 189
164 405
165 448
165 225
165 170
165 333
165 273
165 178
165 397
165 303
165 189
166 320
166 324
166 309
166 424
166 331
166 435
166 432
166 305
166 467
166 405
166 469
167 227
167 229
167 456
167 480
167 303
167 338
167 436
167 309
167 344
167 187
168 353
168 354
168 170
168 386
168 334
168 463
168 273
168 366
168 342
168 266
168 478
169 450
169 379
169 487
169 360
169 489
169 235
169 172
169 289
169 238
169 463
169 308
169 247
169 233
169 319
170 322
170 484
170 179
170 270
170 349
170 335
170 174
170 319
170 381
170 447
171 416
171 421
171 394
171 331
171 173
171 402
171 340
171 437
171 201
171 216
171 377
171 239
171 415
172 263
172 397
172 477
172 408
172 475
172 380
172 250
173 272
173 396
173 430
173 208
173 371
173 469
173 408
173 346
173 348
173 255
174 384
174 289
174 364
174 428
174 313
174 248
174 190
174 377
175 460
175 390
175 457
175 332
175 493
175 213
175 376
175 314
175 187
176 448
176 293
176 234
176 299
176 256
176 431
176 208
176 182
176 247
176 348
176 479
177 322
177 387
177 261
177 273
177 491
177 253
177 304
177 433
177 275
177 346
177 316
178 452
178 453
178 332
178 306
178 277
178 343
178 420
178 223
179 352
179 497
179 211
179 391
179 360
179 302
179 189
179 370
179 468
179 490
180 408
180 421
180 401
180 264
180 208
180 312
180 441
180 478
181 227
181 296
181 201
181 299
181 304
181 305
181 406
181 318
182 291
182 394
182 363
182 366
182 463
182 246
182 215
182 410
182 347
182 284
183 193
183 196
183 262
183 461
183 370
183 494
183 374
183 248
183 380
183 413
184 321
184 322
184 228
184 381
184 226
184 338
184 471
184 260
184 445
185 474
185 496
185 390
185 225
185 362
185 395
185 398
185 432
185 497
185 400
185 475
185 380
185 253
186 225
186 422
186 353
186 264
186 234
186 466
186 271
186 296
186 210
186 406
186 279
186 281
187 354
187 197
187 198
187 455
187 458
187 211
187 225
187 476
187 446
187 229
188 354
188 357
188 296
188 252
188 266
188 309
188 374
188 343
188 409
188 251
188 261
189 325
189 364
189 491
189 300
189 268
189 414
190 192
190 299
190 389
190 369
190 489
190 493
190 434
190 278
190 471
190 199
190 287
191 384
191 325
191 230
191 392
191 436
191 365
191 238
191 488
191 340
191 341
191 276
191 442
191 252
192 424
192 456
192 328
192 269
192 274
192 222
192 331
192 247
192 447
193 448
193 265
193 234
193 242
193 431
193 370
193 372
193 440
193 378
193 411
194 384
194 289
194 450
194 420
194 235
194 308
194 280
194 473
194 223
195 481
195 424
195 294
195 263
195 296
195 331
195 232
195 278
195 312
195 415
195 380
195 446
196 416
196 288
196 330
196 267
196 274
196 336
196 232
196 242
196 308
196 440
196 362
196 413
197 448
197 417
197 453
197 391
197 458
197 231
197 495
197 276
197 246
197 439
197 293
198 336
198 459
198 260
198 391
198 424
198 425
198 427
198 354
198 367
198 214
198 461
199 299
199 353
199 447
199 491
199 271
199 496
199 336
199 274
199 281
199 239
199 253
200 480
200 273
200 266
200 236
200 465
200 275
201 225
201 231
201 331
201 304
201 498
201 243
201 440
201 219
201 411
202 481
202 488
202 269
202 386
202 368
202 313
202 476
202 414
203 416
203 354
203 488
203 329
203 423
203 338
203 402
203 210
203 318
203 375
203 442
203 380
203 478
204 355
204 392
204 330
204 395
204 461
204 207
204 209
204 342
204 439
204 282
204 348
204 222
204 469
205 417
205 323
205 229
205 232
205 491
205 413
205 459
205 345
205 445
205 478
206 289
206 243
206 394
206 413
206 307
206 222
206 440
206 475
206 350
207 224
207 393
207 363
207 493
207 338
207 297
207 250
207 411
207 346
208 483
208 261
208 263
208 455
208 400
208 414
209 449
209 227
209 485
209 264
209 429
209 345
209 378
209 219
209 298
209 325
210 226
210 331
210 424
210 495
210 400
210 465
210 276
210 373
210 248
210 479
210 445
210 255
211 448
211 257
211 293
211 417
211 488
211 444
211 446
211 316
211 216
211 441
211 318
211 351
212 323
212 421
212 251
212 247
212 276
212 380
212 318
212 389
213 384
213 418
213 389
213 359
213 364
213 336
213 243
213 406
213 473
213 217
213 283
214 448
214 483
214 328
214 458
214 337
214 466
214 339
214 330
214 415
215 487
215 476
215 270
215 271
215 273
215 341
215 342
215 216
215 442
216 352
216 356
216 236
216 469
216 438
216 373
217 404
217 293
217 358
217 233
217 266
217 466
217 499
217 372
217 308
217 410
217 245
218 419
218 388
218 358
218 454
218 486
218 331
218 494
218 304
218 436
218 373
218 350
219 384
219 408
219 259
219 489
219 459
219 337
219 462
220 257
220 363
220 296
220 329
220 237
220 462
220 433
220 274
220 344
220 221
220 479
221 418
221 284
221 460
221 290
221 340
221 310
221 376
222 485
222 262
222 231
222 324
222 365
222 439
222 376
222 281
223 293
223 390
223 263
223 360
223 332
223 498
223 279
223 312
223 383
224 320
224 480
224 484
224 423
224 233
224 493
224 424
224 499
224 439
224 409
224 335
225 355
225 424
225 311
225 453
225 377
225 283
225 319
226 456
226 301
226 302
226 468
226 478
226 474
226 429
227 452
227 229
227 262
227 371
227 368
227 307
227 244
227 406
227 311
227 382
228 290
228 486
228 267
228 302
228 303
228 243
228 343
228 441
228 314
228 249
228 476
229 476
229 484
229 394
229 493
229 368
229 429
229 317
230 257
230 482
230 449
230 360
230 398
230 399
230 385
230 345
230 282
230 367
230 284
230 474
231 481
231 408
231 400
231 433
231 498
231 293
231 476
231 485
232 480
232 357
232 425
232 266
232 461
232 355
232 292
232 346
232 421
233 258
233 483
233 298
233 267
233 492
233 397
233 465
233 451
233 469
233 348
234 289
234 419
234 268
234 430
234 367
234 436
234 496
234 342
234 471
234 282
234 379
235 395
235 330
235 495
235 393
235 292
235 341
236 256
236 357
236 455
236 280
236 339
236 373
236 254
237 359
237 488
237 492
237 426
237 436
237 437
237 406
237 283
237 255
238 336
238 291
238 421
238 249
238 362
238 273
238 479
238 251
238 318
239 389
239 242
239 397
239 273
239 306
239 308
240 258
240 295
240 329
240 423
240 430
240 496
240 244
240 411
240 414
241 450
241 259
241 431
241 323
241 292
241 473
241 415
242 370
242 327
242 301
242 333
242 417
242 250
242 412
242 445
243 437
243 426
243 460
243 399
243 270
243 275
243 383
244 417
244 418
244 452
244 263
244 483
244 407
244 411
244 443
244 389
245 388
245 453
245 295
245 267
245 342
245 312
245 479
246 304
246 457
246 407
246 257
246 272
246 466
246 345
246 284
246 286
247 331
247 439
247 441
247 455
247 457
247 490
247 287
248 258
248 457
248 492
248 470
248 410
248 316
249 352
249 480
249 260
249 455
249 426
249 338
249 305
249 323
249 311
249 443
250 418
250 339
250 310
250 345
250 347
250 252
250 499
251 331
251 316
251 496
251 328
251 471
251 468
251 494
252 459
252 450
252 496
252 254
252 318
252 376
252 281
253 385
253 456
253 271
253 337
253 275
253 404
253 309
253 472
253 335
253 444
253 266
254 289
254 418
254 388
254 262
254 295
254 270
254 406
254 280
254 314
254 284
254 350
255 449
255 385
255 328
255 361
255 409
255 414
255 453
256 352
256 481
256 354
256 357
256 423
257 403
257 307
257 410
257 443
258 489
258 292
258 454
258 275
258 457
258 303
258 424
258 340
258 279
259 293
259 263
259 363
259 495
259 359
259 435
259 469
259 367
260 356
260 389
260 423
260 360
260 292
261 385
261 290
261 420
261 275
261 291
261 405
261 297
261 382
262 327
262 427
262 273
262 306
262 478
262 476
263 480
263 304
263 420
263 409
264 352
264 328
264 330
264 436
264 438
264 473
265 486
265 296
265 394
265 402
265 400
265 398
265 310
265 376
265 315
265 477
266 337
266 300
266 335
266 304
266 308
266 375
266 350
267 449
267 485
267 423
267 497
267 499
267 340
267 278
267 346
268 370
268 333
268 445
268 498
268 414
269 388
269 326
269 456
269 366
269 432
269 305
269 274
269 473
269 330
269 414
270 323
270 366
270 336
270 370
270 311
270 341
271 445
271 498
271 406
271 314
271 348
271 446
272 417
272 358
272 486
272 490
272 491
272 396
272 434
272 318
273 356
273 274
273 404
273 382
273 472
273 286
274 352
274 291
274 284
274 396
274 463
274 429
275 310
275 454
275 354
275 368
275 278
275 344
275 441
275 318
276 386
276 300
276 290
276 467
276 350
277 391
277 296
277 396
277 371
277 382
277 440
277 475
277 414
278 485
278 423
278 296
278 425
278 366
278 402
278 403
278 478
279 474
279 421
279 363
279 499
279 478
279 287
280 420
280 354
280 304
280 430
280 473
280 476
281 482
281 424
281 362
281 391
281 498
281 328
281 467
282 422
282 393
282 420
282 285
282 317
282 475
282 492
282 351
283 337
283 462
283 376
283 436
283 330
284 448
284 489
284 428
284 435
284 478
284 411
285 357
285 332
285 336
285 416
285 344
285 379
286 420
286 476
286 423
286 433
286 369
286 466
286 443
287 482
287 355
287 452
287 453
287 294
287 487
287 424
287 330
287 301
287 398
287 375
287 415
288 482
288 324
288 453
288 492
288 386
288 432
288 402
288 443
288 437
289 292
289 392
289 332
289 333
289 362
290 321
290 369
290 405
290 375
290 377
290 346
290 319
291 416
291 363
291 293
291 328
291 458
291 311
291 345
291 475
291 319
292 404
292 314
292 296
293 342
293 455
293 296
293 446
294 456
294 425
294 427
294 301
294 464
294 470
294 312
294 313
294 446
295 483
295 484
295 368
295 499
295 406
296 448
296 422
296 298
296 494
296 408
297 299
297 487
297 424
297 492
297 468
297 334
298 386
298 307
298 487
298 360
298 365
298 366
298 306
298 371
298 405
298 315
299 359
299 463
299 499
299 343
299 415
300 480
300 452
300 486
300 395
300 430
300 381
301 387
301 394
301 303
301 498
301 308
301 473
301 475
301 319
302 483
302 460
302 429
302 335
302 355
302 446
302 347
303 453
303 365
303 304
303 339
303 438
303 383
304 457
304 324
304 374
304 359
305 489
305 430
305 432
305 474
305 443
305 476
305 380
306 337
306 370
306 341
306 410
306 379
306 490
307 416
307 322
307 453
307 457
307 461
307 337
307 379
307 445
308 313
308 379
308 413
309 320
309 488
309 404
309 374
309 311
309 313
309 381
310 320
310 357
310 459
310 461
310 405
310 349
311 389
311 453
311 365
311 410
311 379
311 475
312 482
312 453
312 492
312 459
312 364
312 378
313 480
313 323
313 484
313 486
313 413
314 482
314 405
314 457
314 399
314 439
314 472
314 412
314 373
315 323
315 325
315 492
315 462
315 434
315 419
315 409
316 384
316 417
316 322
316 363
316 388
316 339
316 401
316 343
317 486
317 497
317 464
317 337
317 372
317 411
317 348
317 413
318 415
319 358
319 455
319 439
319 473
319 414
319 415
320 452
320 422
320 495
320 402
320 447
320 412
320 381
320 382
320 405
321 464
321 401
322 423
322 462
322 465
322 470
322 441
322 347
322 413
323 484
323 390
323 425
323 432
323 444
324 451
324 389
324 394
324 477
324 434
324 435
324 446
325 490
325 376
325 348
326 353
326 419
326 417
326 457
326 490
326 491
326 364
326 403
326 378
326 362
327 449
327 356
327 487
327 328
327 466
327 499
327 340
327 343
327 376
327 378
328 423
328 483
329 343
329 375
329 456
329 461
329 404
329 407
329 445
330 451
330 454
330 426
330 333
330 414
331 488
331 394
331 496
331 369
331 382
332 379
332 337
332 437
332 439
332 405
333 370
333 427
333 338
333 467
333 499
334 368
334 454
334 492
334 337
334 495
334 401
334 497
334 373
334 410
334 349
335 417
335 347
335 429
335 432
335 336
335 474
335 478
335 447
336 384
336 460
336 337
336 466
337 467
337 465
337 412
338 451
338 454
338 438
339 481
339 361
339 491
339 475
340 472
340 421
340 386
340 350
341 449
341 485
341 463
342 418
342 393
342 371
342 428
342 349
342 382
343 423
343 458
343 395
343 364
343 431
343 361
344 452
344 389
344 404
344 477
344 478
345 353
345 394
345 429
345 468
345 437
345 431
346 368
346 456
346 403
346 376
346 493
346 381
347 387
347 426
347 427
347 396
347 464
347 430
348 475
348 411
349 384
349 448
349 386
349 388
349 373
349 374
349 439
349 443
350 464
350 414
350 440
350 413
351 375
351 355
351 472
351 411
351 453
352 395
352 365
352 430
352 441
352 410
353 483
353 362
353 431
353 405
353 474
353 469
354 387
354 400
354 369
355 480
355 429
355 464
355 376
355 409
355 411
356 390
356 490
356 366
356 432
356 466
357 391
357 408
357 466
357 407
357 440
358 486
358 422
358 363
358 375
358 409
358 443
359 498
359 404
359 437
359 472
359 444
360 448
360 488
360 428
360 472
360 378
360 474
361 449
361 451
361 425
361 396
361 464
361 378
361 444
362 451
362 471
362 413
363 383
364 430
364 473
364 377
365 473
365 460
365 468
365 447
366 428
366 374
366 479
367 388
367 486
367 432
367 497
367 371
367 471
367 395
367 426
367 478
368 428
368 494
368 431
368 395
368 381
369 460
369 464
369 372
369 489
369 473
369 445
369 415
370 479
370 472
371 417
371 393
371 431
372 467
372 465
372 403
372 444
372 479
373 417
373 440
373 496
373 377
373 383
374 484
374 426
375 458
375 383
375 447
376 408
377 453
378 418
378 421
378 455
378 396
378 493
378 441
379 451
379 392
379 401
379 410
380 416
380 488
380 468
380 456
380 442
380 399
381 422
381 461
381 432
381 409
381 490
382 430
382 494
382 407
382 442
383 422
383 424
383 491
383 460
384 449
384 397
384 462
384 434
384 477
385 475
385 493
385 430
385 399
386 481
386 430
387 490
387 445
387 473
388 425
388 490
388 451
388 495
389 489
389 435
389 412
390 452
390 423
390 487
390 460
390 403
390 447
391 392
391 465
391 440
391 458
392 449
392 451
393 419
393 487
393 395
393 431
393 459
393 447
394 418
394 451
394 452
395 407
395 461
395 470
395 472
396 448
396 476
396 445
397 487
397 398
397 443
398 451
398 430
398 406
398 410
398 443
399 452
399 461
399 467
399 443
400 422
400 436
401 423
401 498
401 435
401 437
401 473
403 481
403 422
403 495
403 434
404 495
404 414
405 490
406 486
407 419
407 438
408 454
408 487
408 463
408 466
409 466
410 427
410 433
411 444
411 493
412 446
413 419
413 447
414 493
415 449
415 492
415 436
416 494
417 465
417 438
417 446
418 484
418 479
419 474
419 486
419 444
420 457
421 450
421 454
422 483
422 428
423 428
425 477
426 475
426 498
427 491
427 430
427 496
427 469
428 431
428 494
429 450
429 441
429 442
431 467
431 463
433 484
433 488
433 462
433 498
433 436
434 435
434 495
434 484
435 464
435 483
436 490
437 457
438 486
438 495
439 481
439 491
439 496
442 456
442 479
443 497
443 467
444 449
444 482
444 451
445 458
445 462
446 466
446 477
447 479
448 454
448 466
450 480
450 468
452 491
452 483
452 468
454 497
455 460
456 482
456 483
456 465
457 479
458 477
459 475
461 463
462 473
463 493
463 497
464 465
465 494
465 489
467 485
467 492
469 489
469 470
470 482
470 494
470 477
471 494
471 498
471 499
472 489
476 481
477 482
477 491
478 494
479 480
480 482
481 484
481 498
484 494
488 494
0 500
0 501
0 502
0 503
1 504
1 505
1 506
1 507
2 508
2 509
2 510
2 511
3 512
3 513
3 514
3 515
4 516
4 517
4 518
4 519
5 520
5 521
5 522
5 523
6 524
6 525
6 526
6 527
7 528
7 529
7 530
7 531
8 532
8 533
8 534
8 535
9 536
9 537
9 538
9 539
10 540
10 541
10 542
10 543
11 544
11 545
11 546
11 547
12 548
12 549
12 550
12 551
13 552
13 553
13 554
13 555
14 556
14 557
14 558
14 559
15 560
15 561
15 562
15 563
16 564
16 565
16 566
16 567
17 568
17 569
17 570
17 571
18 572
18 573
18 574
18 575
19 576
19 577
19 578
19 579
20 580
20 581
20 582
20 583
21 584
21 585
21 586
21 587
22 588
22 589
22 590
22 591
23 592
23 593
23 594
23 595
24 596
24 597
24 598
24 599
25 600
25 601
25 602
25 603
26 604
26 605
26 606
26 607
27 608
27 609
27 610
27 611
28 612
28 613
28 614
28 615
29 616
29 617
29 618
29 619
30 620
30 621
30 622
30 623
31 624
31 625
31 626
31 627
32 628
32 629
32 630
32 631
33 632
33 633
33 634
33 635
34 636
34 637
34 638
34 639
35 640
35 641
35 642
35 643
36 644
36 645
36 646
36 647
37 648
37 649
37 650
37 651
38 652
38 653
38 654
38 655
39 656
39 657
39 658
39 659
40 660
40 661
40 662
40 663
41 664
41 665
41 666
41 667
42 668
42 669
42 670
42 671
43 672
43 673
43 674
43 675
44 676
44 677
44 678
44 679
45 680
45 681
45 682
45 683
46 684
46 685
46 686
46 687
47 688
47 689
47 690
47 691
48 692
48 693
48 694
48 695
49 696
49 697
49 698
49 699
50 700
50 701
50 702
50 703
51 704
51 705
51 706
51 707
52 708
52 709
52 710
52 711
53 712
53 713
53 714
53 715
54 716
54 717
54 718
54 719
55 720
55 721
55 722
55 723
56 724
56 725
56 726
56 727
57 728
57 729
57 730
57 731
58 732
58 733
58 734
58 735
59 736
59 737
59 738
59 739
60 740
60 741
60 742
60 743
61 744
61 745
61 746
61 747
62 748
62 749
62 750
62 751
63 752
63 753
63 754
63 755
64 756
64 757
64 758
64 759
65 760
65 761
65 762
65 763
66 764
66 765
66 766
66 767
67 768
67 769
67 770
67 771
68 772
68 773
68 774
68 775
69 776
69 777
69 778
69 779
70 780
70 781
70 782
70 783
71 784
71 785
71 786
71 787
72 788
72 789
72 790
72 791
73 792
73 793
73 794
73 795
74 796
74 797
74 798
74 799
75 800
75 801
75 802
75 803
76 804
76 805
76 806
76 807
77 808
77 809
77 810
77 811
78 812
78 813
78 814
78 815
79 816
79 817
79 818
79 819
80 820
80 821
80 822
80 823
81 824
81 825
81 826
81 827
82 828
82 829
82 830
82 831
83 832
83 833
83 834
83 835
84 836
84 837
84 838
84 839
85 840
85 841
85 842
85 843
86 844
86 845
86 846
86 847
87 848
87 849
87 850
87 851
88 852
88 853
88 854
88 855
89 856
89 857
89 858
89 859
90 860
90 861
90 862
90 863
91 864
91 865
91 866
91 867
92 868
92 869
92 870
92 871
93 872
93 873
93 874
93 875
94 876
94 877
94 878
94 879
95 880
95 881
95 882
95 883
96 884
96 885
96 886
96 887
97 888
97 889
97 890
97 891
98 892
98 893
98 894
98 895
99 896
99 897
99 898
99 899
100 900
100 901
100 902
100 903
101 904
101 905
101 906
101 907
102 908
102 909
102 910
102 911
103 912
103 913
103 914
103 915
104 916
104 917
104 918
104 919
105 920
105 921
105 922
105 923
106 924
106 925
106 926
106 927
107 928
107 929
107 930
107 931
108 932
108 933
108 934
108 935
109 936
109 937
109 938
109 939
110 940
110 941
110 942
110 943
111 944
111 945
111 946
111 947
112 948
112 949
112 950
112 951
113 952
113 953
113 954
113 955
114 956
114 957
114 958
114 959
115 960
115 961
115 962
115 963
116 964
116 965
116 966
116 967
117 968
117 969
117 970
117 971
118 972
118 973
118 974
118 975
119 976
119 977
119 978
119 979
120 980
120 981
120 982
120 983
121 984
121 985
121 986
121 987
122 988
122 989
122 990
122 991
123 992
123 993
123 994
123 995
124 996
124 997
124 998
124 999
125 1000
125 1001
125 1002
125 1003
126 1004
126 1005
126 1006
126 1007
127 1008
127 1009
127 1010
127 1011
128 1012
128 1013
128 1014
128 1015
129 1016
129 1017
129 1018
129 1019
130 1020
130 1021
130 1022
130 1023
131 1024
131 1025
131 1026
131 1027
132 1028
132 1029
132 1030
132 1031
133 1032
133 1033
133 1034
133 1035
134 1036
134 1037
134 1038
134 1039
135 1040
135 1041
135 1042
135 1043
136 1044
136 1045
136 1046
136 1047
137 1048
137 1049
137 1050
137 1051
138 1052
138 1053
138 1054
138 1055
139 1056
139 1057
139 1058
139 1059
140 1060
140 1061
140 1062
140 1063
141 1064
141 1065
141 1066
141 1067
142 1068
142 1069
142 1070
142 1071
143 1072
143 1073
143 1074
143 1075
144 1076
144 1077
144 1078
144 1079
145 1080
145 1081
145 1082
145 1083
146 1084
146 1085
146 1086
146 1087
147 1088
147 1089
147 1090
147 1091
148 1092
148 1093
148 1094
148 1095
149 1096
149 1097
149 1098
149 1099
150 1100
150 1101
150 1102
150 1103
151 1104
151 1105
151 1106
151 1107
152 1108
152 1109
152 1110
152 1111
153 1112
153 1113
153 1114
153 1115
154 1116
154 1117
154 1118
154 1119
155 1120
155 1121
155 1122
155 1123
156 1124
156 1125
156 1126
156 1127
157 1128
157 1129
157 1130
157 1131
158 1132
158 1133
158 1134
158 1135
159 1136
159 1137
159 1138
159 1139
160 1140
160 1141
160 1142
160 1143
161 1144
161 1145
161 1146
161 1147
162 1148
162 1149
162 1150
162 1151
163 1152
163 1153
163 1154
163 1155
164 1156
164 1157
164 1158
164 1159
165 1160
165 1161
165 1162
165 1163
166 1164
166 1165
166 1166
166 1167
167 1168
167 1169
167 1170
167 1171
168 1172
168 1173
168 1174
168 1175
169 1176
169 1177
169 1178
169 1179
170 1180
170 1181
170 1182
170 1183
171 1184
171 1185
171 1186
171 1187
172 1188
172 1189
172 1190
172 1191
173 1192
173 1193
173 1194
173 1195
174 1196
174 1197
174 1198
174 1199
175 1200
175 1201
175 1202
175 1203
176 1204
176 1205
176 1206
176 1207
177 1208
177 1209
177 1210
177 1211
178 1212
178 1213
178 1214
178 1215
179 1216
179 1217
179 1218
179 1219
180 1220
180 1221
180 1222
180 1223
181 1224
181 1225
181 1226
181 1227
182 1228
182 1229
182 1230
182 1231
183 1232
183 1233
183 1234
183 1235
184 1236
184 1237
184 1238
184 1239
185 1240
185 1241
185 1242
185 1243
186 1244
186 1245
186 1246
186 1247
187 1248
187 1249
187 1250
187 1251
188 1252
188 1253
188 1254
188 1255
189 1256
189 1257
189 1258
189 1259
190 1260
190 1261
190 1262
190 1263
191 1264
191 1265
191 1266
191 1267
192 1268
192 1269
192 1270
192 1271
193 1272
193 1273
193 1274
193 1275
194 1276
194 1277
194 1278
194 1279
195 1280
195 1281
195 1282
195 1283
196 1284
196 1285
196 1286
196 1287
197 1288
197 1289
197 1290
197 1291
198 1292
198 1293
198 1294
198 1295
199 1296
199 1297
199 1298
199 1299
200 1300
200 1301
200 1302
200 1303
201 1304
201 1305
201 1306
201 1307
202 1308
202 1309
202 1310
202 1311
203 1312
203 1313
203 1314
203 1315
204 1316
204 1317
204 1318
204 1319
205 1320
205 1321
205 1322
205 1323
206 1324
206 1325
206 1326
206 1327
207 1328
207 1329
207 1330
207 1331
208 1332
208 1333
208 1334
208 1335
209 1336
209 1337
209 1338
209 1339
210 1340
210 1341
210 1342
210 1343
211 1344
211 1345
211 1346
211 1347
212 1348
212 1349
212 1350
212 1351
213 1352
213 1353
213 1354
213 1355
214 1356
214 1357
214 1358
214 1359
215 1360
215 1361
215 1362
215 1363
216 1364
216 1365
216 1366
216 1367
217 1368
217 1369
217 1370
217 1371
218 1372
218 1373
218 1374
218 1375
219 1376
219 1377
219 1378
219 1379
220 1380
220 1381
220 1382
220 1383
221 1384
221 1385
221 1386
221 1387
222 1388
222 1389
222 1390
222 1391
223 1392
223 1393
223 1394
223 1395
224 1396
224 1397
224 1398
224 1399
225 1400
225 1401
225 1402
225 1403
226 1404
226 1405
226 1406
226 1407
227 1408
227 1409
227 1410
227 1411
228 1412
228 1413
228 1414
228 1415
229 1416
229 1417
229 1418
229 1419
230 1420
230 1421
230 1422
230 1423
231 1424
231 1425
231 1426
231 1427
232 1428
232 1429
232 1430
232 1431
233 1432
233 1433
233 1434
233 1435
234 1436
234 1437
234 1438
234 1439
235 1440
235 1441
235 1442
235 1443
236 1444
236 1445
236 1446
236 1447
237 1448
237 1449
237 1450
237 1451
238 1452
238 1453
238 1454
238 1455
239 1456
239 1457
239 1458
239 1459
240 1460
240 1461
240 1462
240 1463
241 1464
241 1465
241 1466
241 1467
242 1468
242 1469
242 1470
242 1471
243 1472
243 1473
243 1474
243 1475
244 1476
244 1477
244 1478
244 1479
245 1480
245 1481
245 1482
245 1483
246 1484
246 1485
246 1486
246 1487
247 1488
247 1489
247 1490
247 1491
248 1492
248 1493
248 1494
248 1495
249 1496
249 1497
249 1498
249 1499
250 1500
250 1501
250 1502
250 1503
251 1504
251 1505
251 1506
251 1507
252 1508
252 1509
252 1510
252 1511
253 1512
253 1513
253 1514
253 1515
254 1516
254 1517
254 1518
254 1519
255 1520
255 1521
255 1522
255 1523
256 1524
256 1525
256 1526
256 1527
257 1528
257 1529
257 1530
257 1531
258 1532
258 1533
258 1534
258 1535
259 1536
259 1537
259 1538
259 1539
260 1540
260 1541
260 1542
260 1543
261 1544
261 1545
261 1546
261 1547
262 1548
262 1549
262 1550
262 1551
263 1552
263 1553
263 1554
263 1555
264 1556
264 1557
264 1558
264 1559
265 1560
265 1561
265 1562
265 1563
266 1564
266 1565
266 1566
266 1567
267 1568
267 1569
267 1570
267 1571
268 1572
268 1573
268 1574
268 1575
269 1576
269 1577
269 1578
269 1579
270 1580
270 1581
270 1582
270 1583
271 1584
271 1585
271 1586
271 1587
272 1588
272 1589
272 1590
272 1591
273 1592
273 1593
273 1594
273 1595
274 1596
274 1597
274 1598
274 1599
275 1600
275 1601
275 1602
275 1603
276 1604
276 1605
276 1606
276 1607
277 1608
277 1609
277 1610
277 1611
278 1612
278 1613
278 1614
278 1615
279 1616
279 1617
279 1618
279 1619
280 1620
280 1621
280 1622
280 1623
281 1624
281 1625
281 1626
281 1627
282 1628
282 1629
282 1630
282 1631
283 1632
283 1633
283 1634
283 1635
284 1636
284 1637
284 1638
284 1639
285 1640
285 1641
285 1642
285 1643
286 1644
286 1645
286 1646
286 1647
287 1648
287 1649
287 1650
287 1651
288 1652
288 1653
288 1654
288 1655
289 1656
289 1657
289 1658
289 1659
290 1660
290 1661
290 1662
290 1663
291 1664
291 1665
291 1666
291 1667
292 1668
292 1669
292 1670
292 1671
293 1672
293 1673
293 1674
293 1675
294 1676
294 1677
294 1678
294 1679
295 1680
295 1681
295 1682
295 1683
296 1684
296 1685
296 1686
296 1687
297 1688
297 1689
297 1690
297 1691
298 1692
298 1693
298 1694
298 1695
299 1696
299 1697
299 1698
299 1699
300 1700
300 1701
300 1702
300 1703
301 1704
301 1705
301 1706
301 1707
302 1708
302 1709
302 1710
302 1711
303 1712
303 1713
303 1714
303 1715
304 1716
304 1717
304 1718
304 1719
305 1720
305 1721
305 1722
305 1723
306 1724
306 1725
306 1726
306 1727
307 1728
307 1729
307 1730
307 1731
308 1732
308 1733
308 1734
308 1735
309 1736
309 1737
309 1738
309 1739
310 1740
310 1741
310 1742
310 1743
311 1744
311 1745
311 1746
311 1747
312 1748
312 1749
312 1750
312 1751
313 1752
313 1753
313 1754
313 1755
314 1756
314 1757
314 1758
314 1759
315 1760
315 1761
315 1762
315 1763
316 1764
316 1765
316 1766
316 1767
317 1768
317 1769
317 1770
317 1771
318 1772
318 1773
318 1774
318 1775
319 1776
319 1777
319 1778
319 1779
320 1780
320 1781
320 1782
320 1783
321 1784
321 1785
321 1786
321 1787
322 1788
322 1789
322 1790
322 1791
323 1792
323 1793
323 1794
323 1795
324 1796
324 1797
324 1798
324 1799
325 1800
325 1801
325 1802
325 1803
326 1804
326 1805
326 1806
326 1807
327 1808
327 1809
327 1810
327 1811
328 1812
328 1813
328 1814
328 1815
329 1816
329 1817
329 1818
329 1819
330 1820
330 1821
330 1822
330 1823
331 1824
331 1825
331 1826
331 1827
332 1828
332 1829
332 1830
332 1831
333 1832
333 1833
333 1834
333 1835
334 1836
334 1837
334 1838
334 1839
335 1840
335 1841
335 1842
335 1843
336 1844
336 1845
336 1846
336 1847
337 1848
337 1849
337 1850
337 1851
338 1852
338 1853
338 1854
338 1855
339 1856
339 1857
339 1858
339 1859
340 1860
340 1861
340 1862
340 1863
341 1864
341 1865
341 1866
341 1867
342 1868
342 1869
342 1870
342 1871
343 1872
343 1873
343 1874
343 1875
344 1876
344 1877
344 1878
344 1879
345 1880
345 1881
345 1882
345 1883
346 1884
346 1885
346 1886
346 1887
347 1888
347 1889
347 1890
347 1891
348 1892
348 1893
348 1894
348 1895
349 1896
349 1897
349 1898
349 1899
350 1900
350 1901
350 1902
350 1903
351 1904
351 1905
351 1906
351 1907
352 1908
352 1909
352 1910
352 1911
353 1912
353 1913
353 1914
353 1915
354 1916
354 1917
354 1918
354 1919
355 1920
355 1921
355 1922
355 1923
356 1924
356 1925
356 1926
356 1927
357 1928
357 1929
357 1930
357 1931
358 1932
358 1933
358 1934
358 1935
359 1936
359 1937
359 1938
359 1939
360 1940
360 1941
360 1942
360 1943
361 1944
361 1945
361 1946
361 1947
362 1948
362 1949
362 1950
362 1951
363 1952
363 1953
363 1954
363 1955
364 1956
364 1957
364 1958
364 1959
365 1960
365 1961
365 1962
365 1963
366 1964
366 1965
366 1966
366 1967
367 1968
367 1969
367 1970
367 1971
368 1972
368 1973
368 1974
368 1975
369 1976
369 1977
369 1978
369 1979
370 1980
370 1981
370 1982
370 1983
371 1984
371 1985
371 1986
371 1987
372 1988
372 1989
372 1990
372 1991
373 1992
373 1993
373 1994
373 1995
374 1996
374 1997
374 1998
374 1999
375 2000
375 2001
375 2002
375 2003
376 2004
376 2005
376 2006
376 2007
377 2008
377 2009
377 2010
377 2011
378 2012
378 2013
378 2014
378 2015
379 2016
379 2017
379 2018
379 2019
380 2020
380 2021
380 2022
380 2023
381 2024
381 2025
381 2026
381 2027
382 2028
382 2029
382 2030
382 2031
383 2032
383 2033
383 2034
383 2035
384 2036
384 2037
384 2038
384 2039
385 2040
385 2041
385 2042
385 2043
386 2044
386 2045
386 2046
386 2047
387 2048
387 2049
387 2050
387 2051
388 2052
388 2053
388 2054
388 2055
389 2056
389 2057
389 2058
389 2059
390 2060
390 2061
390 2062
390 2063
391 2064
391 2065
391 2066
391 2067
392 2068
392 2069
392 2070
392 2071
393 2072
393 2073
393 2074
393 2075
394 2076
394 2077
394 2078
394 2079
395 2080
395 2081
395 2082
395 2083
396 2084
396 2085
396 2086
396 2087
397 2088
397 2089
397 2090
397 2091
398 2092
398 2093
398 2094
398 2095
399 2096
399 2097
399 2098
399 2099
400 2100
400 2101
400 2102
400 2103
401 2104
401 2105
401 2106
401 2107
402 2108
402 2109
402 2110
402 2111
403 2112
403 2113
403 2114
403 2115
404 2116
404 2117
404 2118
404 2119
405 2120
405 2121
405 2122
405 2123
406 2124
406 2125
406 2126
406 2127
407 2128
407 2129
407 2130
407 2131
408 2132
408 2133
408 2134
408 2135
409 2136
409 2137
409 2138
409 2139
410 2140
410 2141
410 2142
410 2143
411 2144
411 2145
411 2146
411 2147
412 2148
412 2149
412 2150
412 2151
413 2152
413 2153
413 2154
413 2155
414 2156
414 2157
414 2158
414 2159
415 2160
415 2161
415 2162
415 2163
416 2164
416 2165
416 2166
416 2167
417 2168
417 2169
417 2170
417 2171
418 2172
418 2173
418 2174
418 2175
419 2176
419 2177
419 2178
419 2179
420 2180
420 2181
420 2182
420 2183
421 2184
421 2185
421 2186
421 2187
422 2188
422 2189
422 2190
422 2191
423 2192
423 2193
423 2194
423 2195
424 2196
424 2197
424 2198
424 2199
425 2200
425 2201
425 2202
425 2203
426 2204
426 2205
426 2206
426 2207
427 2208
427 2209
427 2210
427 2211
428 2212
428 2213
428 2214
428 2215
429 2216
429 2217
429 2218
429 2219
430 2220
430 2221
430 2222
430 2223
431 2224
431 2225
431 2226
431 2227
432 2228
432 2229
432 2230
432 2231
433 2232
433 2233
433 2234
433 2235
434 2236
434 2237
434 2238
434 2239
435 2240
435 2241
435 2242
435 2243
436 2244
436 2245
436 2246
436 2247
437 2248
437 2249
437 2250
437 2251
438 2252
438 2253
438 2254
438 2255
439 2256
439 2257
439 2258
439 2259
440 2260
440 2261
440 2262
440 2263
441 2264
441 2265
441 2266
441 2267
442 2268
442 2269
442 2270
442 2271
443 2272
443 2273
443 2274
443 2275
444 2276
444 2277
444 2278
444 2279
445 2280
445 2281
445 2282
445 2283
446 2284
446 2285
446 2286
446 2287
447 2288
447 2289
447 2290
447 2291
448 2292
448 2293
448 2294
448 2295
449 2296
449 2297
449 2298
449 2299
450 2300
450 2301
450 2302
450 2303
451 2304
451 2305
451 2306
451 2307
452 2308
452 2309
452 2310
452 2311
453 2312
453 2313
453 2314
453 2315
454 2316
454 2317
454 2318
454 2319
455 2320
455 2321
455 2322
455 2323
456 2324
456 2325
456 2326
456 2327
457 2328
457 2329
457 2330
457 2331
458 2332
458 2333
458 2334
458 2335
459 2336
459 2337
459 2338
459 2339
460 2340
460 2341
460 2342
460 2343
461 2344
461 2345
461 2346
461 2347
462 2348
462 2349
462 2350
462 2351
463 2352
463 2353
463 2354
463 2355
464 2356
464 2357
464 2358
464 2359
465 2360
465 2361
465 2362
465 2363
466 2364
466 2365
466 2366
466 2367
467 2368
467 2369
467 2370
467 2371
468 2372
468 2373
468 2374
468 2375
469 2376
469 2377
469 2378
469 2379
470 2380
470 2381
470 2382
470 2383
471 2384
471 2385
471 2386
471 2387
472 2388
472 2389
472 2390
472 2391
473 2392
473 2393
473 2394
473 2395
474 2396
474 2397
474 2398
474 2399
475 2400
475 2401
475 2402
475 2403
476 2404
476 2405
476 2406
476 2407
477 2408
477 2409
477 2410
477 2411
478 2412
478 2413
478 2414
478 2415
479 2416
479 2417
479 2418
479 2419
480 2420
480 2421
480 2422
480 2423
481 2424
481 2425
481 2426
481 2427
482 2428
482 2429
482 2430
482 2431
483 2432
483 2433
483 2434
483 2435
484 2436
484 2437
484 2438
484 2439
485 2440
485 2441
485 2442
485 2443
486 2444
486 2445
486 2446
486 2447
487 2448
487 2449
487 2450
487 2451
488 2452
488 2453
488 2454
488 2455
489 2456
489 2457
489 2458
489 2459
490 2460
490 2461
490 2462
490 2463
491 2464
491 2465
491 2466
491 2467
492 2468
492 2469
492 2470
492 2471
493 2472
493 2473
493 2474
493 2475
494 2476
494 2477
494 2478
494 2479
495 2480
495 2481
495 2482
495 2483
496 2484
496 2485
496 2486
496 2487
497 2488
497 2489
497 2490
497 2491
498 2492
498 2493
498 2494
498 2495
499 2496
499 2497
499 2498
499 2499
