0 272
0 195
0 187
0 310
0 251
0 332
1 257
1 164
1 373
1 300
1 205
1 366
2 257
2 211
2 132
2 270
2 46
2 143
3 81
3 230
3 7
3 203
3 268
3 335
4 35
4 210
4 99
4 150
4 44
4 349
5 386
5 100
5 136
5 185
5 290
5 270
6 114
6 309
6 390
6 103
6 155
6 157
7 368
7 198
7 248
7 25
7 47
8 128
8 341
8 311
8 154
8 222
8 399
9 403
9 116
9 373
9 195
9 28
9 60
10 372
10 313
10 106
10 268
10 365
10 223
11 338
11 260
11 357
11 342
11 380
11 127
12 289
12 354
12 119
12 135
12 194
12 15
13 33
13 371
13 213
13 265
13 347
13 357
14 176
14 402
14 276
14 117
14 391
14 74
15 98
15 247
15 153
15 138
15 92
16 387
16 24
16 378
16 267
16 285
16 334
17 240
17 115
17 179
17 138
17 47
17 101
18 130
18 247
18 136
18 108
18 365
18 253
19 40
19 34
19 118
19 361
19 24
19 201
20 161
20 404
20 70
20 152
20 205
20 95
21 83
21 292
21 358
21 339
21 347
21 204
22 48
22 288
22 130
22 97
22 169
22 250
23 176
23 192
23 290
23 292
23 261
23 171
24 49
24 201
24 169
24 348
25 259
25 280
25 313
25 155
25 398
26 209
26 180
26 264
26 235
26 77
26 174
27 385
27 81
27 393
27 92
27 126
27 223
28 34
28 229
28 294
28 91
28 108
29 368
29 386
29 37
29 364
29 34
29 319
30 240
30 145
30 326
30 329
30 169
30 156
31 240
31 337
31 37
31 214
31 224
31 142
32 193
32 210
32 278
32 289
32 172
32 158
33 322
33 390
33 162
33 185
33 254
34 172
34 141
34 334
35 371
35 152
35 43
35 395
35 221
36 224
36 259
36 69
36 278
36 281
36 313
37 400
37 306
37 231
37 190
38 162
38 131
38 167
38 120
38 204
38 367
39 290
39 196
39 309
39 75
39 220
39 175
40 336
40 208
40 258
40 393
40 139
41 49
41 66
41 358
41 280
41 89
41 154
42 192
42 385
42 290
42 214
42 321
42 297
43 307
43 356
43 187
43 205
43 239
44 129
44 225
44 303
44 252
44 255
45 360
45 324
45 308
45 104
45 249
45 207
46 337
46 260
46 62
46 81
46 350
47 184
47 201
47 251
47 94
48 401
48 292
48 138
48 141
48 207
49 178
49 276
49 231
49 379
50 272
50 81
50 147
50 148
50 281
50 108
51 321
51 243
51 372
51 197
51 56
51 173
52 289
52 259
52 361
52 330
52 347
52 142
53 240
53 258
53 199
53 168
53 234
53 155
54 161
54 306
54 244
54 119
54 349
54 333
55 304
55 322
55 277
55 182
55 141
55 271
56 208
56 311
56 281
56 397
56 63
57 323
57 229
57 135
57 232
57 183
57 175
58 160
58 224
58 258
58 399
58 123
58 335
59 149
59 71
59 280
59 218
59 74
59 174
60 369
60 226
60 108
60 158
60 191
61 241
61 260
61 153
61 234
61 363
61 140
62 384
62 320
62 212
62 150
62 304
63 276
63 325
63 311
63 87
63 219
64 258
64 371
64 328
64 90
64 76
64 318
65 176
65 213
65 86
65 105
65 314
65 397
66 289
66 393
66 106
66 253
66 398
67 128
67 100
67 118
67 182
67 279
67 248
68 194
68 371
68 132
68 72
68 122
68 287
69 320
69 370
69 377
69 156
69 158
70 256
70 101
70 204
70 78
70 190
71 224
71 193
71 358
71 81
71 366
72 128
72 132
72 375
72 324
72 314
73 80
73 162
73 294
73 74
73 284
73 302
74 97
74 334
74 101
75 304
75 80
75 203
75 265
75 299
76 369
76 352
76 330
76 108
76 271
77 372
77 87
77 392
77 377
77 236
78 388
78 296
78 217
78 283
78 207
79 336
79 178
79 86
79 395
79 221
79 381
80 337
80 133
80 316
80 253
81 371
82 115
82 166
82 214
82 89
82 394
82 301
83 208
83 148
83 295
83 201
83 314
84 328
84 322
84 88
84 89
84 282
84 204
85 258
85 163
85 121
85 329
85 185
85 255
86 320
86 114
86 153
86 333
87 400
87 136
87 153
87 188
88 272
88 273
88 325
88 104
88 350
89 193
89 354
89 148
90 100
90 265
90 297
90 122
90 315
91 131
91 228
91 357
91 151
91 207
92 355
92 356
92 389
92 264
93 384
93 186
93 140
93 138
93 300
93 362
94 392
94 132
94 360
94 298
94 315
95 226
95 227
95 151
95 268
95 382
96 400
96 113
96 307
96 264
96 265
96 302
97 198
97 267
97 284
97 238
98 177
98 149
98 248
98 202
98 200
99 164
99 167
99 376
99 126
99 367
100 352
100 133
100 270
101 129
101 169
101 109
102 211
102 103
102 377
102 300
102 221
102 317
103 352
103 340
103 196
103 153
104 390
104 295
104 378
104 395
105 178
105 183
105 391
105 398
105 255
106 400
106 227
106 166
106 168
107 160
107 403
107 395
107 159
107 334
107 207
108 125
109 200
109 233
109 301
109 173
109 213
110 146
110 323
110 391
110 232
110 282
110 351
111 113
111 404
111 326
111 216
111 249
111 123
112 401
112 179
112 389
112 284
112 380
112 117
113 209
113 116
113 266
113 236
114 336
114 116
114 117
114 341
115 291
115 181
115 279
115 126
116 186
116 322
116 239
117 171
117 396
117 127
118 275
118 263
118 200
118 381
119 272
119 195
119 228
119 343
120 321
120 245
120 298
120 189
120 286
121 226
121 325
121 251
121 220
121 159
122 208
122 309
122 348
122 266
123 134
123 375
123 184
123 249
124 209
124 275
124 324
124 310
124 220
124 387
125 344
125 401
125 343
125 184
125 318
126 298
126 316
126 189
127 369
127 213
127 362
127 156
128 246
128 378
128 286
129 355
129 297
129 347
129 299
130 211
130 293
130 376
130 237
131 272
131 155
131 364
131 285
132 280
132 402
133 357
133 294
133 248
133 404
134 209
134 261
134 200
134 317
134 309
135 241
135 402
135 323
135 180
136 393
136 265
136 396
137 245
137 262
137 265
137 170
137 378
137 270
138 276
138 202
139 401
139 181
139 289
139 232
139 317
140 353
140 338
140 246
140 271
141 295
141 365
141 255
142 320
142 241
142 305
142 301
143 273
143 164
143 149
143 398
143 165
144 192
144 177
144 291
144 277
144 159
144 288
145 180
145 277
145 185
145 394
145 261
146 256
146 392
146 197
146 280
146 170
147 225
147 171
147 217
147 379
147 238
148 404
148 150
148 300
149 386
149 356
149 362
150 254
150 294
150 244
151 384
151 168
151 155
151 316
152 342
152 344
152 222
152 399
153 302
154 360
154 275
154 361
154 281
155 251
156 293
156 263
156 172
157 242
157 246
157 233
157 363
157 239
158 353
158 194
158 279
159 304
159 235
159 286
160 225
160 197
160 391
160 298
161 403
161 389
161 249
161 182
162 186
162 174
162 175
163 250
163 234
163 283
163 381
163 254
164 245
164 327
164 221
165 339
165 372
165 243
165 196
165 397
166 321
166 168
166 219
166 255
167 209
167 212
167 331
167 253
168 209
168 348
169 390
169 248
170 292
170 373
170 214
170 190
171 368
171 313
171 399
172 352
172 198
172 311
173 354
173 243
173 247
173 351
174 225
174 243
174 191
175 403
175 309
175 284
176 355
176 359
176 312
177 305
177 291
177 262
177 319
178 228
178 231
178 196
179 323
179 333
179 237
179 349
180 195
180 292
180 375
181 359
181 199
181 264
181 217
182 338
182 340
182 222
183 192
183 385
183 278
183 232
184 305
184 340
184 309
185 394
185 335
186 274
186 206
186 367
187 299
187 277
187 263
187 285
188 258
188 312
188 333
188 302
188 335
189 307
189 199
189 235
189 382
190 346
190 283
190 335
191 273
191 226
191 324
191 312
192 357
192 364
193 257
193 218
193 334
194 241
194 231
194 350
195 217
195 283
196 242
196 227
197 254
197 199
197 286
198 307
198 276
198 294
199 280
199 380
200 211
200 238
201 330
201 219
202 306
202 307
202 349
202 398
203 353
203 277
203 362
203 363
204 368
204 308
205 236
205 284
205 381
206 387
206 262
206 329
206 378
206 250
207 369
208 285
208 397
210 387
210 264
210 298
210 303
211 349
211 365
212 320
212 366
212 345
212 231
213 385
213 330
214 373
214 237
215 320
215 245
215 374
215 314
215 347
215 373
216 369
216 338
216 228
216 359
216 346
217 229
217 379
218 308
218 278
218 228
218 367
219 261
219 298
219 223
220 377
220 233
220 319
221 234
221 315
222 342
222 374
222 318
223 306
223 226
223 402
224 292
224 382
225 322
225 252
226 388
227 269
227 286
227 303
228 229
229 263
229 376
230 321
230 356
230 247
230 299
230 319
231 346
232 251
232 293
233 273
233 372
233 327
234 255
234 236
235 288
235 308
235 283
236 326
236 299
237 343
237 348
237 254
238 384
238 317
238 382
239 256
239 355
239 346
240 295
240 367
241 328
241 266
242 261
242 326
242 295
242 267
243 390
243 375
244 370
244 295
244 396
244 252
245 268
245 302
246 291
246 326
246 346
247 253
247 252
248 392
249 285
249 380
250 306
250 328
250 269
251 296
252 274
252 266
253 400
254 327
256 339
256 383
256 370
257 404
257 345
257 346
259 307
259 343
259 392
260 273
260 387
260 393
261 366
262 277
262 301
262 383
263 272
263 313
264 385
266 331
266 284
267 354
267 371
267 358
268 385
268 332
269 276
269 394
269 330
269 287
270 328
270 389
271 340
271 310
271 317
273 312
274 275
274 356
274 291
274 333
275 293
275 395
278 375
278 297
279 293
279 329
279 402
281 288
281 282
282 336
282 377
282 324
283 345
285 353
286 300
287 336
287 305
287 386
287 380
288 329
288 330
289 315
290 388
290 299
291 300
293 403
294 367
296 355
296 325
296 342
296 391
297 328
297 351
301 403
301 340
302 401
303 368
303 388
303 359
304 305
304 331
305 342
306 315
308 310
308 396
310 325
310 316
311 345
311 379
312 384
312 356
313 358
314 337
314 366
315 337
316 372
316 351
317 361
318 358
318 363
318 383
319 398
319 397
321 387
322 396
323 344
323 334
324 350
325 327
326 374
327 374
327 391
329 349
331 339
331 374
331 381
332 337
332 338
332 377
332 333
335 354
336 351
338 373
339 393
339 348
340 399
341 342
341 394
341 370
341 381
343 354
343 345
344 352
344 374
344 380
345 365
347 375
348 389
350 361
350 351
352 353
353 383
355 376
357 376
359 401
359 388
360 368
360 389
360 395
361 370
362 400
362 382
363 364
363 366
364 388
364 378
365 383
369 394
370 376
379 386
379 383
382 386
384 390
392 399
396 402
397 404
0 405
0 406
0 407
0 408
0 409
0 410
0 411
0 412
0 413
0 414
0 415
0 416
1 417
1 418
1 419
1 420
1 421
1 422
1 423
1 424
1 425
1 426
1 427
1 428
2 429
2 430
2 431
2 432
2 433
2 434
2 435
2 436
2 437
2 438
2 439
2 440
3 441
3 442
3 443
3 444
3 445
3 446
3 447
3 448
3 449
3 450
3 451
3 452
4 453
4 454
4 455
4 456
4 457
4 458
4 459
4 460
4 461
4 462
4 463
4 464
5 465
5 466
5 467
5 468
5 469
5 470
5 471
5 472
5 473
5 474
5 475
5 476
6 477
6 478
6 479
6 480
6 481
6 482
6 483
6 484
6 485
6 486
6 487
6 488
7 489
7 490
7 491
7 492
7 493
7 494
7 495
7 496
7 497
7 498
7 499
7 500
8 501
8 502
8 503
8 504
8 505
8 506
8 507
8 508
8 509
8 510
8 511
8 512
9 513
9 514
9 515
9 516
9 517
9 518
9 519
9 520
9 521
9 522
9 523
9 524
10 525
10 526
10 527
10 528
10 529
10 530
10 531
10 532
10 533
10 534
10 535
10 536
11 537
11 538
11 539
11 540
11 541
11 542
11 543
11 544
11 545
11 546
11 547
11 548
12 549
12 550
12 551
12 552
12 553
12 554
12 555
12 556
12 557
12 558
12 559
12 560
13 561
13 562
13 563
13 564
13 565
13 566
13 567
13 568
13 569
13 570
13 571
13 572
14 573
14 574
14 575
14 576
14 577
14 578
14 579
14 580
14 581
14 582
14 583
14 584
15 585
15 586
15 587
15 588
15 589
15 590
15 591
15 592
15 593
15 594
15 595
15 596
16 597
16 598
16 599
16 600
16 601
16 602
16 603
16 604
16 605
16 606
16 607
16 608
17 609
17 610
17 611
17 612
17 613
17 614
17 615
17 616
17 617
17 618
17 619
17 620
18 621
18 622
18 623
18 624
18 625
18 626
18 627
18 628
18 629
18 630
18 631
18 632
19 633
19 634
19 635
19 636
19 637
19 638
19 639
19 640
19 641
19 642
19 643
19 644
20 645
20 646
20 647
20 648
20 649
20 650
20 651
20 652
20 653
20 654
20 655
20 656
21 657
21 658
21 659
21 660
21 661
21 662
21 663
21 664
21 665
21 666
21 667
21 668
22 669
22 670
22 671
22 672
22 673
22 674
22 675
22 676
22 677
22 678
22 679
22 680
23 681
23 682
23 683
23 684
23 685
23 686
23 687
23 688
23 689
23 690
23 691
23 692
24 693
24 694
24 695
24 696
24 697
24 698
24 699
24 700
24 701
24 702
24 703
24 704
25 705
25 706
25 707
25 708
25 709
25 710
25 711
25 712
25 713
25 714
25 715
25 716
26 717
26 718
26 719
26 720
26 721
26 722
26 723
26 724
26 725
26 726
26 727
26 728
27 729
27 730
27 731
27 732
27 733
27 734
27 735
27 736
27 737
27 738
27 739
27 740
28 741
28 742
28 743
28 744
28 745
28 746
28 747
28 748
28 749
28 750
28 751
28 752
29 753
29 754
29 755
29 756
29 757
29 758
29 759
29 760
29 761
29 762
29 763
29 764
30 765
30 766
30 767
30 768
30 769
30 770
30 771
30 772
30 773
30 774
30 775
30 776
31 777
31 778
31 779
31 780
31 781
31 782
31 783
31 784
31 785
31 786
31 787
31 788
32 789
32 790
32 791
32 792
32 793
32 794
32 795
32 796
32 797
32 798
32 799
32 800
33 801
33 802
33 803
33 804
33 805
33 806
33 807
33 808
33 809
33 810
33 811
33 812
34 813
34 814
34 815
34 816
34 817
34 818
34 819
34 820
34 821
34 822
34 823
34 824
35 825
35 826
35 827
35 828
35 829
35 830
35 831
35 832
35 833
35 834
35 835
35 836
36 837
36 838
36 839
36 840
36 841
36 842
36 843
36 844
36 845
36 846
36 847
36 848
37 849
37 850
37 851
37 852
37 853
37 854
37 855
37 856
37 857
37 858
37 859
37 860
38 861
38 862
38 863
38 864
38 865
38 866
38 867
38 868
38 869
38 870
38 871
38 872
39 873
39 874
39 875
39 876
39 877
39 878
39 879
39 880
39 881
39 882
39 883
39 884
40 885
40 886
40 887
40 888
40 889
40 890
40 891
40 892
40 893
40 894
40 895
40 896
41 897
41 898
41 899
41 900
41 901
41 902
41 903
41 904
41 905
41 906
41 907
41 908
42 909
42 910
42 911
42 912
42 913
42 914
42 915
42 916
42 917
42 918
42 919
42 920
43 921
43 922
43 923
43 924
43 925
43 926
43 927
43 928
43 929
43 930
43 931
43 932
44 933
44 934
44 935
44 936
44 937
44 938
44 939
44 940
44 941
44 942
44 943
44 944
45 945
45 946
45 947
45 948
45 949
45 950
45 951
45 952
45 953
45 954
45 955
45 956
46 957
46 958
46 959
46 960
46 961
46 962
46 963
46 964
46 965
46 966
46 967
46 968
47 969
47 970
47 971
47 972
47 973
47 974
47 975
47 976
47 977
47 978
47 979
47 980
48 981
48 982
48 983
48 984
48 985
48 986
48 987
48 988
48 989
48 990
48 991
48 992
49 993
49 994
49 995
49 996
49 997
49 998
49 999
49 1000
49 1001
49 1002
49 1003
49 1004
50 1005
50 1006
50 1007
50 1008
50 1009
50 1010
50 1011
50 1012
50 1013
50 1014
50 1015
50 1016
51 1017
51 1018
51 1019
51 1020
51 1021
51 1022
51 1023
51 1024
51 1025
51 1026
51 1027
51 1028
52 1029
52 1030
52 1031
52 1032
52 1033
52 1034
52 1035
52 1036
52 1037
52 1038
52 1039
52 1040
53 1041
53 1042
53 1043
53 1044
53 1045
53 1046
53 1047
53 1048
53 1049
53 1050
53 1051
53 1052
54 1053
54 1054
54 1055
54 1056
54 1057
54 1058
54 1059
54 1060
54 1061
54 1062
54 1063
54 1064
55 1065
55 1066
55 1067
55 1068
55 1069
55 1070
55 1071
55 1072
55 1073
55 1074
55 1075
55 1076
56 1077
56 1078
56 1079
56 1080
56 1081
56 1082
56 1083
56 1084
56 1085
56 1086
56 1087
56 1088
57 1089
57 1090
57 1091
57 1092
57 1093
57 1094
57 1095
57 1096
57 1097
57 1098
57 1099
57 1100
58 1101
58 1102
58 1103
58 1104
58 1105
58 1106
58 1107
58 1108
58 1109
58 1110
58 1111
58 1112
59 1113
59 1114
59 1115
59 1116
59 1117
59 1118
59 1119
59 1120
59 1121
59 1122
59 1123
59 1124
60 1125
60 1126
60 1127
60 1128
60 1129
60 1130
60 1131
60 1132
60 1133
60 1134
60 1135
60 1136
61 1137
61 1138
61 1139
61 1140
61 1141
61 1142
61 1143
61 1144
61 1145
61 1146
61 1147
61 1148
62 1149
62 1150
62 1151
62 1152
62 1153
62 1154
62 1155
62 1156
62 1157
62 1158
62 1159
62 1160
63 1161
63 1162
63 1163
63 1164
63 1165
63 1166
63 1167
63 1168
63 1169
63 1170
63 1171
63 1172
64 1173
64 1174
64 1175
64 1176
64 1177
64 1178
64 1179
64 1180
64 1181
64 1182
64 1183
64 1184
65 1185
65 1186
65 1187
65 1188
65 1189
65 1190
65 1191
65 1192
65 1193
65 1194
65 1195
65 1196
66 1197
66 1198
66 1199
66 1200
66 1201
66 1202
66 1203
66 1204
66 1205
66 1206
66 1207
66 1208
67 1209
67 1210
67 1211
67 1212
67 1213
67 1214
67 1215
67 1216
67 1217
67 1218
67 1219
67 1220
68 1221
68 1222
68 1223
68 1224
68 1225
68 1226
68 1227
68 1228
68 1229
68 1230
68 1231
68 1232
69 1233
69 1234
69 1235
69 1236
69 1237
69 1238
69 1239
69 1240
69 1241
69 1242
69 1243
69 1244
70 1245
70 1246
70 1247
70 1248
70 1249
70 1250
70 1251
70 1252
70 1253
70 1254
70 1255
70 1256
71 1257
71 1258
71 1259
71 1260
71 1261
71 1262
71 1263
71 1264
71 1265
71 1266
71 1267
71 1268
72 1269
72 1270
72 1271
72 1272
72 1273
72 1274
72 1275
72 1276
72 1277
72 1278
72 1279
72 1280
73 1281
73 1282
73 1283
73 1284
73 1285
73 1286
73 1287
73 1288
73 1289
73 1290
73 1291
73 1292
74 1293
74 1294
74 1295
74 1296
74 1297
74 1298
74 1299
74 1300
74 1301
74 1302
74 1303
74 1304
75 1305
75 1306
75 1307
75 1308
75 1309
75 1310
75 1311
75 1312
75 1313
75 1314
75 1315
75 1316
76 1317
76 1318
76 1319
76 1320
76 1321
76 1322
76 1323
76 1324
76 1325
76 1326
76 1327
76 1328
77 1329
77 1330
77 1331
77 1332
77 1333
77 1334
77 1335
77 1336
77 1337
77 1338
77 1339
77 1340
78 1341
78 1342
78 1343
78 1344
78 1345
78 1346
78 1347
78 1348
78 1349
78 1350
78 1351
78 1352
79 1353
79 1354
79 1355
79 1356
79 1357
79 1358
79 1359
79 1360
79 1361
79 1362
79 1363
79 1364
80 1365
80 1366
80 1367
80 1368
80 1369
80 1370
80 1371
80 1372
80 1373
80 1374
80 1375
80 1376
81 1377
81 1378
81 1379
81 1380
81 1381
81 1382
81 1383
81 1384
81 1385
81 1386
81 1387
81 1388
82 1389
82 1390
82 1391
82 1392
82 1393
82 1394
82 1395
82 1396
82 1397
82 1398
82 1399
82 1400
83 1401
83 1402
83 1403
83 1404
83 1405
83 1406
83 1407
83 1408
83 1409
83 1410
83 1411
83 1412
84 1413
84 1414
84 1415
84 1416
84 1417
84 1418
84 1419
84 1420
84 1421
84 1422
84 1423
84 1424
85 1425
85 1426
85 1427
85 1428
85 1429
85 1430
85 1431
85 1432
85 1433
85 1434
85 1435
85 1436
86 1437
86 1438
86 1439
86 1440
86 1441
86 1442
86 1443
86 1444
86 1445
86 1446
86 1447
86 1448
87 1449
87 1450
87 1451
87 1452
87 1453
87 1454
87 1455
87 1456
87 1457
87 1458
87 1459
87 1460
88 1461
88 1462
88 1463
88 1464
88 1465
88 1466
88 1467
88 1468
88 1469
88 1470
88 1471
88 1472
89 1473
89 1474
89 1475
89 1476
89 1477
89 1478
89 1479
89 1480
89 1481
89 1482
89 1483
89 1484
90 1485
90 1486
90 1487
90 1488
90 1489
90 1490
90 1491
90 1492
90 1493
90 1494
90 1495
90 1496
91 1497
91 1498
91 1499
91 1500
91 1501
91 1502
91 1503
91 1504
91 1505
91 1506
91 1507
91 1508
92 1509
92 1510
92 1511
92 1512
92 1513
92 1514
92 1515
92 1516
92 1517
92 1518
92 1519
92 1520
93 1521
93 1522
93 1523
93 1524
93 1525
93 1526
93 1527
93 1528
93 1529
93 1530
93 1531
93 1532
94 1533
94 1534
94 1535
94 1536
94 1537
94 1538
94 1539
94 1540
94 1541
94 1542
94 1543
94 1544
95 1545
95 1546
95 1547
95 1548
95 1549
95 1550
95 1551
95 1552
95 1553
95 1554
95 1555
95 1556
96 1557
96 1558
96 1559
96 1560
96 1561
96 1562
96 1563
96 1564
96 1565
96 1566
96 1567
96 1568
97 1569
97 1570
97 1571
97 1572
97 1573
97 1574
97 1575
97 1576
97 1577
97 1578
97 1579
97 1580
98 1581
98 1582
98 1583
98 1584
98 1585
98 1586
98 1587
98 1588
98 1589
98 1590
98 1591
98 1592
99 1593
99 1594
99 1595
99 1596
99 1597
99 1598
99 1599
99 1600
99 1601
99 1602
99 1603
99 1604
100 1605
100 1606
100 1607
100 1608
100 1609
100 1610
100 1611
100 1612
100 1613
100 1614
100 1615
100 1616
101 1617
101 1618
101 1619
101 1620
101 1621
101 1622
101 1623
101 1624
101 1625
101 1626
101 1627
101 1628
102 1629
102 1630
102 1631
102 1632
102 1633
102 1634
102 1635
102 1636
102 1637
102 1638
102 1639
102 1640
103 1641
103 1642
103 1643
103 1644
103 1645
103 1646
103 1647
103 1648
103 1649
103 1650
103 1651
103 1652
104 1653
104 1654
104 1655
104 1656
104 1657
104 1658
104 1659
104 1660
104 1661
104 1662
104 1663
104 1664
105 1665
105 1666
105 1667
105 1668
105 1669
105 1670
105 1671
105 1672
105 1673
105 1674
105 1675
105 1676
106 1677
106 1678
106 1679
106 1680
106 1681
106 1682
106 1683
106 1684
106 1685
106 1686
106 1687
106 1688
107 1689
107 1690
107 1691
107 1692
107 1693
107 1694
107 1695
107 1696
107 1697
107 1698
107 1699
107 1700
108 1701
108 1702
108 1703
108 1704
108 1705
108 1706
108 1707
108 1708
108 1709
108 1710
108 1711
108 1712
109 1713
109 1714
109 1715
109 1716
109 1717
109 1718
109 1719
109 1720
109 1721
109 1722
109 1723
109 1724
110 1725
110 1726
110 1727
110 1728
110 1729
110 1730
110 1731
110 1732
110 1733
110 1734
110 1735
110 1736
111 1737
111 1738
111 1739
111 1740
111 1741
111 1742
111 1743
111 1744
111 1745
111 1746
111 1747
111 1748
112 1749
112 1750
112 1751
112 1752
112 1753
112 1754
112 1755
112 1756
112 1757
112 1758
112 1759
112 1760
113 1761
113 1762
113 1763
113 1764
113 1765
113 1766
113 1767
113 1768
113 1769
113 1770
113 1771
113 1772
114 1773
114 1774
114 1775
114 1776
114 1777
114 1778
114 1779
114 1780
114 1781
114 1782
114 1783
114 1784
115 1785
115 1786
115 1787
115 1788
115 1789
115 1790
115 1791
115 1792
115 1793
115 1794
115 1795
115 1796
116 1797
116 1798
116 1799
116 1800
116 1801
116 1802
116 1803
116 1804
116 1805
116 1806
116 1807
116 1808
117 1809
117 1810
117 1811
117 1812
117 1813
117 1814
117 1815
117 1816
117 1817
117 1818
117 1819
117 1820
118 1821
118 1822
118 1823
118 1824
118 1825
118 1826
118 1827
118 1828
118 1829
118 1830
118 1831
118 1832
119 1833
119 1834
119 1835
119 1836
119 1837
119 1838
119 1839
119 1840
119 1841
119 1842
119 1843
119 1844
120 1845
120 1846
120 1847
120 1848
120 1849
120 1850
120 1851
120 1852
120 1853
120 1854
120 1855
120 1856
121 1857
121 1858
121 1859
121 1860
121 1861
121 1862
121 1863
121 1864
121 1865
121 1866
121 1867
121 1868
122 1869
122 1870
122 1871
122 1872
122 1873
122 1874
122 1875
122 1876
122 1877
122 1878
122 1879
122 1880
123 1881
123 1882
123 1883
123 1884
123 1885
123 1886
123 1887
123 1888
123 1889
123 1890
123 1891
123 1892
124 1893
124 1894
124 1895
124 1896
124 1897
124 1898
124 1899
124 1900
124 1901
124 1902
124 1903
124 1904
125 1905
125 1906
125 1907
125 1908
125 1909
125 1910
125 1911
125 1912
125 1913
125 1914
125 1915
125 1916
126 1917
126 1918
126 1919
126 1920
126 1921
126 1922
126 1923
126 1924
126 1925
126 1926
126 1927
126 1928
127 1929
127 1930
127 1931
127 1932
127 1933
127 1934
127 1935
127 1936
127 1937
127 1938
127 1939
127 1940
128 1941
128 1942
128 1943
128 1944
128 1945
128 1946
128 1947
128 1948
128 1949
128 1950
128 1951
128 1952
129 1953
129 1954
129 1955
129 1956
129 1957
129 1958
129 1959
129 1960
129 1961
129 1962
129 1963
129 1964
130 1965
130 1966
130 1967
130 1968
130 1969
130 1970
130 1971
130 1972
130 1973
130 1974
130 1975
130 1976
131 1977
131 1978
131 1979
131 1980
131 1981
131 1982
131 1983
131 1984
131 1985
131 1986
131 1987
131 1988
132 1989
132 1990
132 1991
132 1992
132 1993
132 1994
132 1995
132 1996
132 1997
132 1998
132 1999
132 2000
133 2001
133 2002
133 2003
133 2004
133 2005
133 2006
133 2007
133 2008
133 2009
133 2010
133 2011
133 2012
134 2013
134 2014
134 2015
134 2016
134 2017
134 2018
134 2019
134 2020
134 2021
134 2022
134 2023
134 2024
135 2025
135 2026
135 2027
135 2028
135 2029
135 2030
135 2031
135 2032
135 2033
135 2034
135 2035
135 2036
136 2037
136 2038
136 2039
136 2040
136 2041
136 2042
136 2043
136 2044
136 2045
136 2046
136 2047
136 2048
137 2049
137 2050
137 2051
137 2052
137 2053
137 2054
137 2055
137 2056
137 2057
137 2058
137 2059
137 2060
138 2061
138 2062
138 2063
138 2064
138 2065
138 2066
138 2067
138 2068
138 2069
138 2070
138 2071
138 2072
139 2073
139 2074
139 2075
139 2076
139 2077
139 2078
139 2079
139 2080
139 2081
139 2082
139 2083
139 2084
140 2085
140 2086
140 2087
140 2088
140 2089
140 2090
140 2091
140 2092
140 2093
140 2094
140 2095
140 2096
141 2097
141 2098
141 2099
141 2100
141 2101
141 2102
141 2103
141 2104
141 2105
141 2106
141 2107
141 2108
142 2109
142 2110
142 2111
142 2112
142 2113
142 2114
142 2115
142 2116
142 2117
142 2118
142 2119
142 2120
143 2121
143 2122
143 2123
143 2124
143 2125
143 2126
143 2127
143 2128
143 2129
143 2130
143 2131
143 2132
144 2133
144 2134
144 2135
144 2136
144 2137
144 2138
144 2139
144 2140
144 2141
144 2142
144 2143
144 2144
145 2145
145 2146
145 2147
145 2148
145 2149
145 2150
145 2151
145 2152
145 2153
145 2154
145 2155
145 2156
146 2157
146 2158
146 2159
146 2160
146 2161
146 2162
146 2163
146 2164
146 2165
146 2166
146 2167
146 2168
147 2169
147 2170
147 2171
147 2172
147 2173
147 2174
147 2175
147 2176
147 2177
147 2178
147 2179
147 2180
148 2181
148 2182
148 2183
148 2184
148 2185
148 2186
148 2187
148 2188
148 2189
148 2190
148 2191
148 2192
149 2193
149 2194
149 2195
149 2196
149 2197
149 2198
149 2199
149 2200
149 2201
149 2202
149 2203
149 2204
150 2205
150 2206
150 2207
150 2208
150 2209
150 2210
150 2211
150 2212
150 2213
150 2214
150 2215
150 2216
151 2217
151 2218
151 2219
151 2220
151 2221
151 2222
151 2223
151 2224
151 2225
151 2226
151 2227
151 2228
152 2229
152 2230
152 2231
152 2232
152 2233
152 2234
152 2235
152 2236
152 2237
152 2238
152 2239
152 2240
153 2241
153 2242
153 2243
153 2244
153 2245
153 2246
153 2247
153 2248
153 2249
153 2250
153 2251
153 2252
154 2253
154 2254
154 2255
154 2256
154 2257
154 2258
154 2259
154 2260
154 2261
154 2262
154 2263
154 2264
155 2265
155 2266
155 2267
155 2268
155 2269
155 2270
155 2271
155 2272
155 2273
155 2274
155 2275
155 2276
156 2277
156 2278
156 2279
156 2280
156 2281
156 2282
156 2283
156 2284
156 2285
156 2286
156 2287
156 2288
157 2289
157 2290
157 2291
157 2292
157 2293
157 2294
157 2295
157 2296
157 2297
157 2298
157 2299
157 2300
158 2301
158 2302
158 2303
158 2304
158 2305
158 2306
158 2307
158 2308
158 2309
158 2310
158 2311
158 2312
159 2313
159 2314
159 2315
159 2316
159 2317
159 2318
159 2319
159 2320
159 2321
159 2322
159 2323
159 2324
160 2325
160 2326
160 2327
160 2328
160 2329
160 2330
160 2331
160 2332
160 2333
160 2334
160 2335
160 2336
161 2337
161 2338
161 2339
161 2340
161 2341
161 2342
161 2343
161 2344
161 2345
161 2346
161 2347
161 2348
162 2349
162 2350
162 2351
162 2352
162 2353
162 2354
162 2355
162 2356
162 2357
162 2358
162 2359
162 2360
163 2361
163 2362
163 2363
163 2364
163 2365
163 2366
163 2367
163 2368
163 2369
163 2370
163 2371
163 2372
164 2373
164 2374
164 2375
164 2376
164 2377
164 2378
164 2379
164 2380
164 2381
164 2382
164 2383
164 2384
165 2385
165 2386
165 2387
165 2388
165 2389
165 2390
165 2391
165 2392
165 2393
165 2394
165 2395
165 2396
166 2397
166 2398
166 2399
166 2400
166 2401
166 2402
166 2403
166 2404
166 2405
166 2406
166 2407
166 2408
167 2409
167 2410
167 2411
167 2412
167 2413
167 2414
167 2415
167 2416
167 2417
167 2418
167 2419
167 2420
168 2421
168 2422
168 2423
168 2424
168 2425
168 2426
168 2427
168 2428
168 2429
168 2430
168 2431
168 2432
169 2433
169 2434
169 2435
169 2436
169 2437
169 2438
169 2439
169 2440
169 2441
169 2442
169 2443
169 2444
170 2445
170 2446
170 2447
170 2448
170 2449
170 2450
170 2451
170 2452
170 2453
170 2454
170 2455
170 2456
171 2457
171 2458
171 2459
171 2460
171 2461
171 2462
171 2463
171 2464
171 2465
171 2466
171 2467
171 2468
172 2469
172 2470
172 2471
172 2472
172 2473
172 2474
172 2475
172 2476
172 2477
172 2478
172 2479
172 2480
173 2481
173 2482
173 2483
173 2484
173 2485
173 2486
173 2487
173 2488
173 2489
173 2490
173 2491
173 2492
174 2493
174 2494
174 2495
174 2496
174 2497
174 2498
174 2499
174 2500
174 2501
174 2502
174 2503
174 2504
175 2505
175 2506
175 2507
175 2508
175 2509
175 2510
175 2511
175 2512
175 2513
175 2514
175 2515
175 2516
176 2517
176 2518
176 2519
176 2520
176 2521
176 2522
176 2523
176 2524
176 2525
176 2526
176 2527
176 2528
177 2529
177 2530
177 2531
177 2532
177 2533
177 2534
177 2535
177 2536
177 2537
177 2538
177 2539
177 2540
178 2541
178 2542
178 2543
178 2544
178 2545
178 2546
178 2547
178 2548
178 2549
178 2550
178 2551
178 2552
179 2553
179 2554
179 2555
179 2556
179 2557
179 2558
179 2559
179 2560
179 2561
179 2562
179 2563
179 2564
180 2565
180 2566
180 2567
180 2568
180 2569
180 2570
180 2571
180 2572
180 2573
180 2574
180 2575
180 2576
181 2577
181 2578
181 2579
181 2580
181 2581
181 2582
181 2583
181 2584
181 2585
181 2586
181 2587
181 2588
182 2589
182 2590
182 2591
182 2592
182 2593
182 2594
182 2595
182 2596
182 2597
182 2598
182 2599
182 2600
183 2601
183 2602
183 2603
183 2604
183 2605
183 2606
183 2607
183 2608
183 2609
183 2610
183 2611
183 2612
184 2613
184 2614
184 2615
184 2616
184 2617
184 2618
184 2619
184 2620
184 2621
184 2622
184 2623
184 2624
185 2625
185 2626
185 2627
185 2628
185 2629
185 2630
185 2631
185 2632
185 2633
185 2634
185 2635
185 2636
186 2637
186 2638
186 2639
186 2640
186 2641
186 2642
186 2643
186 2644
186 2645
186 2646
186 2647
186 2648
187 2649
187 2650
187 2651
187 2652
187 2653
187 2654
187 2655
187 2656
187 2657
187 2658
187 2659
187 2660
188 2661
188 2662
188 2663
188 2664
188 2665
188 2666
188 2667
188 2668
188 2669
188 2670
188 2671
188 2672
189 2673
189 2674
189 2675
189 2676
189 2677
189 2678
189 2679
189 2680
189 2681
189 2682
189 2683
189 2684
190 2685
190 2686
190 2687
190 2688
190 2689
190 2690
190 2691
190 2692
190 2693
190 2694
190 2695
190 2696
191 2697
191 2698
191 2699
191 2700
191 2701
191 2702
191 2703
191 2704
191 2705
191 2706
191 2707
191 2708
192 2709
192 2710
192 2711
192 2712
192 2713
192 2714
192 2715
192 2716
192 2717
192 2718
192 2719
192 2720
193 2721
193 2722
193 2723
193 2724
193 2725
193 2726
193 2727
193 2728
193 2729
193 2730
193 2731
193 2732
194 2733
194 2734
194 2735
194 2736
194 2737
194 2738
194 2739
194 2740
194 2741
194 2742
194 2743
194 2744
195 2745
195 2746
195 2747
195 2748
195 2749
195 2750
195 2751
195 2752
195 2753
195 2754
195 2755
195 2756
196 2757
196 2758
196 2759
196 2760
196 2761
196 2762
196 2763
196 2764
196 2765
196 2766
196 2767
196 2768
197 2769
197 2770
197 2771
197 2772
197 2773
197 2774
197 2775
197 2776
197 2777
197 2778
197 2779
197 2780
198 2781
198 2782
198 2783
198 2784
198 2785
198 2786
198 2787
198 2788
198 2789
198 2790
198 2791
198 2792
199 2793
199 2794
199 2795
199 2796
199 2797
199 2798
199 2799
199 2800
199 2801
199 2802
199 2803
199 2804
200 2805
200 2806
200 2807
200 2808
200 2809
200 2810
200 2811
200 2812
200 2813
200 2814
200 2815
200 2816
201 2817
201 2818
201 2819
201 2820
201 2821
201 2822
201 2823
201 2824
201 2825
201 2826
201 2827
201 2828
202 2829
202 2830
202 2831
202 2832
202 2833
202 2834
202 2835
202 2836
202 2837
202 2838
202 2839
202 2840
203 2841
203 2842
203 2843
203 2844
203 2845
203 2846
203 2847
203 2848
203 2849
203 2850
203 2851
203 2852
204 2853
204 2854
204 2855
204 2856
204 2857
204 2858
204 2859
204 2860
204 2861
204 2862
204 2863
204 2864
205 2865
205 2866
205 2867
205 2868
205 2869
205 2870
205 2871
205 2872
205 2873
205 2874
205 2875
205 2876
206 2877
206 2878
206 2879
206 2880
206 2881
206 2882
206 2883
206 2884
206 2885
206 2886
206 2887
206 2888
207 2889
207 2890
207 2891
207 2892
207 2893
207 2894
207 2895
207 2896
207 2897
207 2898
207 2899
207 2900
208 2901
208 2902
208 2903
208 2904
208 2905
208 2906
208 2907
208 2908
208 2909
208 2910
208 2911
208 2912
209 2913
209 2914
209 2915
209 2916
209 2917
209 2918
209 2919
209 2920
209 2921
209 2922
209 2923
209 2924
210 2925
210 2926
210 2927
210 2928
210 2929
210 2930
210 2931
210 2932
210 2933
210 2934
210 2935
210 2936
211 2937
211 2938
211 2939
211 2940
211 2941
211 2942
211 2943
211 2944
211 2945
211 2946
211 2947
211 2948
212 2949
212 2950
212 2951
212 2952
212 2953
212 2954
212 2955
212 2956
212 2957
212 2958
212 2959
212 2960
213 2961
213 2962
213 2963
213 2964
213 2965
213 2966
213 2967
213 2968
213 2969
213 2970
213 2971
213 2972
214 2973
214 2974
214 2975
214 2976
214 2977
214 2978
214 2979
214 2980
214 2981
214 2982
214 2983
214 2984
215 2985
215 2986
215 2987
215 2988
215 2989
215 2990
215 2991
215 2992
215 2993
215 2994
215 2995
215 2996
216 2997
216 2998
216 2999
216 3000
216 3001
216 3002
216 3003
216 3004
216 3005
216 3006
216 3007
216 3008
217 3009
217 3010
217 3011
217 3012
217 3013
217 3014
217 3015
217 3016
217 3017
217 3018
217 3019
217 3020
218 3021
218 3022
218 3023
218 3024
218 3025
218 3026
218 3027
218 3028
218 3029
218 3030
218 3031
218 3032
219 3033
219 3034
219 3035
219 3036
219 3037
219 3038
219 3039
219 3040
219 3041
219 3042
219 3043
219 3044
220 3045
220 3046
220 3047
220 3048
220 3049
220 3050
220 3051
220 3052
220 3053
220 3054
220 3055
220 3056
221 3057
221 3058
221 3059
221 3060
221 3061
221 3062
221 3063
221 3064
221 3065
221 3066
221 3067
221 3068
222 3069
222 3070
222 3071
222 3072
222 3073
222 3074
222 3075
222 3076
222 3077
222 3078
222 3079
222 3080
223 3081
223 3082
223 3083
223 3084
223 3085
223 3086
223 3087
223 3088
223 3089
223 3090
223 3091
223 3092
224 3093
224 3094
224 3095
224 3096
224 3097
224 3098
224 3099
224 3100
224 3101
224 3102
224 3103
224 3104
225 3105
225 3106
225 3107
225 3108
225 3109
225 3110
225 3111
225 3112
225 3113
225 3114
225 3115
225 3116
226 3117
226 3118
226 3119
226 3120
226 3121
226 3122
226 3123
226 3124
226 3125
226 3126
226 3127
226 3128
227 3129
227 3130
227 3131
227 3132
227 3133
227 3134
227 3135
227 3136
227 3137
227 3138
227 3139
227 3140
228 3141
228 3142
228 3143
228 3144
228 3145
228 3146
228 3147
228 3148
228 3149
228 3150
228 3151
228 3152
229 3153
229 3154
229 3155
229 3156
229 3157
229 3158
229 3159
229 3160
229 3161
229 3162
229 3163
229 3164
230 3165
230 3166
230 3167
230 3168
230 3169
230 3170
230 3171
230 3172
230 3173
230 3174
230 3175
230 3176
231 3177
231 3178
231 3179
231 3180
231 3181
231 3182
231 3183
231 3184
231 3185
231 3186
231 3187
231 3188
232 3189
232 3190
232 3191
232 3192
232 3193
232 3194
232 3195
232 3196
232 3197
232 3198
232 3199
232 3200
233 3201
233 3202
233 3203
233 3204
233 3205
233 3206
233 3207
233 3208
233 3209
233 3210
233 3211
233 3212
234 3213
234 3214
234 3215
234 3216
234 3217
234 3218
234 3219
234 3220
234 3221
234 3222
234 3223
234 3224
235 3225
235 3226
235 3227
235 3228
235 3229
235 3230
235 3231
235 3232
235 3233
235 3234
235 3235
235 3236
236 3237
236 3238
236 3239
236 3240
236 3241
236 3242
236 3243
236 3244
236 3245
236 3246
236 3247
236 3248
237 3249
237 3250
237 3251
237 3252
237 3253
237 3254
237 3255
237 3256
237 3257
237 3258
237 3259
237 3260
238 3261
238 3262
238 3263
238 3264
238 3265
238 3266
238 3267
238 3268
238 3269
238 3270
238 3271
238 3272
239 3273
239 3274
239 3275
239 3276
239 3277
239 3278
239 3279
239 3280
239 3281
239 3282
239 3283
239 3284
240 3285
240 3286
240 3287
240 3288
240 3289
240 3290
240 3291
240 3292
240 3293
240 3294
240 3295
240 3296
241 3297
241 3298
241 3299
241 3300
241 3301
241 3302
241 3303
241 3304
241 3305
241 3306
241 3307
241 3308
242 3309
242 3310
242 3311
242 3312
242 3313
242 3314
242 3315
242 3316
242 3317
242 3318
242 3319
242 3320
243 3321
243 3322
243 3323
243 3324
243 3325
243 3326
243 3327
243 3328
243 3329
243 3330
243 3331
243 3332
244 3333
244 3334
244 3335
244 3336
244 3337
244 3338
244 3339
244 3340
244 3341
244 3342
244 3343
244 3344
245 3345
245 3346
245 3347
245 3348
245 3349
245 3350
245 3351
245 3352
245 3353
245 3354
245 3355
245 3356
246 3357
246 3358
246 3359
246 3360
246 3361
246 3362
246 3363
246 3364
246 3365
246 3366
246 3367
246 3368
247 3369
247 3370
247 3371
247 3372
247 3373
247 3374
247 3375
247 3376
247 3377
247 3378
247 3379
247 3380
248 3381
248 3382
248 3383
248 3384
248 3385
248 3386
248 3387
248 3388
248 3389
248 3390
248 3391
248 3392
249 3393
249 3394
249 3395
249 3396
249 3397
249 3398
249 3399
249 3400
249 3401
249 3402
249 3403
249 3404
250 3405
250 3406
250 3407
250 3408
250 3409
250 3410
250 3411
250 3412
250 3413
250 3414
250 3415
250 3416
251 3417
251 3418
251 3419
251 3420
251 3421
251 3422
251 3423
251 3424
251 3425
251 3426
251 3427
251 3428
252 3429
252 3430
252 3431
252 3432
252 3433
252 3434
252 3435
252 3436
252 3437
252 3438
252 3439
252 3440
253 3441
253 3442
253 3443
253 3444
253 3445
253 3446
253 3447
253 3448
253 3449
253 3450
253 3451
253 3452
254 3453
254 3454
254 3455
254 3456
254 3457
254 3458
254 3459
254 3460
254 3461
254 3462
254 3463
254 3464
255 3465
255 3466
255 3467
255 3468
255 3469
255 3470
255 3471
255 3472
255 3473
255 3474
255 3475
255 3476
256 3477
256 3478
256 3479
256 3480
256 3481
256 3482
256 3483
256 3484
256 3485
256 3486
256 3487
256 3488
257 3489
257 3490
257 3491
257 3492
257 3493
257 3494
257 3495
257 3496
257 3497
257 3498
257 3499
257 3500
258 3501
258 3502
258 3503
258 3504
258 3505
258 3506
258 3507
258 3508
258 3509
258 3510
258 3511
258 3512
259 3513
259 3514
259 3515
259 3516
259 3517
259 3518
259 3519
259 3520
259 3521
259 3522
259 3523
259 3524
260 3525
260 3526
260 3527
260 3528
260 3529
260 3530
260 3531
260 3532
260 3533
260 3534
260 3535
260 3536
261 3537
261 3538
261 3539
261 3540
261 3541
261 3542
261 3543
261 3544
261 3545
261 3546
261 3547
261 3548
262 3549
262 3550
262 3551
262 3552
262 3553
262 3554
262 3555
262 3556
262 3557
262 3558
262 3559
262 3560
263 3561
263 3562
263 3563
263 3564
263 3565
263 3566
263 3567
263 3568
263 3569
263 3570
263 3571
263 3572
264 3573
264 3574
264 3575
264 3576
264 3577
264 3578
264 3579
264 3580
264 3581
264 3582
264 3583
264 3584
265 3585
265 3586
265 3587
265 3588
265 3589
265 3590
265 3591
265 3592
265 3593
265 3594
265 3595
265 3596
266 3597
266 3598
266 3599
266 3600
266 3601
266 3602
266 3603
266 3604
266 3605
266 3606
266 3607
266 3608
267 3609
267 3610
267 3611
267 3612
267 3613
267 3614
267 3615
267 3616
267 3617
267 3618
267 3619
267 3620
268 3621
268 3622
268 3623
268 3624
268 3625
268 3626
268 3627
268 3628
268 3629
268 3630
268 3631
268 3632
269 3633
269 3634
269 3635
269 3636
269 3637
269 3638
269 3639
269 3640
269 3641
269 3642
269 3643
269 3644
270 3645
270 3646
270 3647
270 3648
270 3649
270 3650
270 3651
270 3652
270 3653
270 3654
270 3655
270 3656
271 3657
271 3658
271 3659
271 3660
271 3661
271 3662
271 3663
271 3664
271 3665
271 3666
271 3667
271 3668
272 3669
272 3670
272 3671
272 3672
272 3673
272 3674
272 3675
272 3676
272 3677
272 3678
272 3679
272 3680
273 3681
273 3682
273 3683
273 3684
273 3685
273 3686
273 3687
273 3688
273 3689
273 3690
273 3691
273 3692
274 3693
274 3694
274 3695
274 3696
274 3697
274 3698
274 3699
274 3700
274 3701
274 3702
274 3703
274 3704
275 3705
275 3706
275 3707
275 3708
275 3709
275 3710
275 3711
275 3712
275 3713
275 3714
275 3715
275 3716
276 3717
276 3718
276 3719
276 3720
276 3721
276 3722
276 3723
276 3724
276 3725
276 3726
276 3727
276 3728
277 3729
277 3730
277 3731
277 3732
277 3733
277 3734
277 3735
277 3736
277 3737
277 3738
277 3739
277 3740
278 3741
278 3742
278 3743
278 3744
278 3745
278 3746
278 3747
278 3748
278 3749
278 3750
278 3751
278 3752
279 3753
279 3754
279 3755
279 3756
279 3757
279 3758
279 3759
279 3760
279 3761
279 3762
279 3763
279 3764
280 3765
280 3766
280 3767
280 3768
280 3769
280 3770
280 3771
280 3772
280 3773
280 3774
280 3775
280 3776
281 3777
281 3778
281 3779
281 3780
281 3781
281 3782
281 3783
281 3784
281 3785
281 3786
281 3787
281 3788
282 3789
282 3790
282 3791
282 3792
282 3793
282 3794
282 3795
282 3796
282 3797
282 3798
282 3799
282 3800
283 3801
283 3802
283 3803
283 3804
283 3805
283 3806
283 3807
283 3808
283 3809
283 3810
283 3811
283 3812
284 3813
284 3814
284 3815
284 3816
284 3817
284 3818
284 3819
284 3820
284 3821
284 3822
284 3823
284 3824
285 3825
285 3826
285 3827
285 3828
285 3829
285 3830
285 3831
285 3832
285 3833
285 3834
285 3835
285 3836
286 3837
286 3838
286 3839
286 3840
286 3841
286 3842
286 3843
286 3844
286 3845
286 3846
286 3847
286 3848
287 3849
287 3850
287 3851
287 3852
287 3853
287 3854
287 3855
287 3856
287 3857
287 3858
287 3859
287 3860
288 3861
288 3862
288 3863
288 3864
288 3865
288 3866
288 3867
288 3868
288 3869
288 3870
288 3871
288 3872
289 3873
289 3874
289 3875
289 3876
289 3877
289 3878
289 3879
289 3880
289 3881
289 3882
289 3883
289 3884
290 3885
290 3886
290 3887
290 3888
290 3889
290 3890
290 3891
290 3892
290 3893
290 3894
290 3895
290 3896
291 3897
291 3898
291 3899
291 3900
291 3901
291 3902
291 3903
291 3904
291 3905
291 3906
291 3907
291 3908
292 3909
292 3910
292 3911
292 3912
292 3913
292 3914
292 3915
292 3916
292 3917
292 3918
292 3919
292 3920
293 3921
293 3922
293 3923
293 3924
293 3925
293 3926
293 3927
293 3928
293 3929
293 3930
293 3931
293 3932
294 3933
294 3934
294 3935
294 3936
294 3937
294 3938
294 3939
294 3940
294 3941
294 3942
294 3943
294 3944
295 3945
295 3946
295 3947
295 3948
295 3949
295 3950
295 3951
295 3952
295 3953
295 3954
295 3955
295 3956
296 3957
296 3958
296 3959
296 3960
296 3961
296 3962
296 3963
296 3964
296 3965
296 3966
296 3967
296 3968
297 3969
297 3970
297 3971
297 3972
297 3973
297 3974
297 3975
297 3976
297 3977
297 3978
297 3979
297 3980
298 3981
298 3982
298 3983
298 3984
298 3985
298 3986
298 3987
298 3988
298 3989
298 3990
298 3991
298 3992
299 3993
299 3994
299 3995
299 3996
299 3997
299 3998
299 3999
299 4000
299 4001
299 4002
299 4003
299 4004
300 4005
300 4006
300 4007
300 4008
300 4009
300 4010
300 4011
300 4012
300 4013
300 4014
300 4015
300 4016
301 4017
301 4018
301 4019
301 4020
301 4021
301 4022
301 4023
301 4024
301 4025
301 4026
301 4027
301 4028
302 4029
302 4030
302 4031
302 4032
302 4033
302 4034
302 4035
302 4036
302 4037
302 4038
302 4039
302 4040
303 4041
303 4042
303 4043
303 4044
303 4045
303 4046
303 4047
303 4048
303 4049
303 4050
303 4051
303 4052
304 4053
304 4054
304 4055
304 4056
304 4057
304 4058
304 4059
304 4060
304 4061
304 4062
304 4063
304 4064
305 4065
305 4066
305 4067
305 4068
305 4069
305 4070
305 4071
305 4072
305 4073
305 4074
305 4075
305 4076
306 4077
306 4078
306 4079
306 4080
306 4081
306 4082
306 4083
306 4084
306 4085
306 4086
306 4087
306 4088
307 4089
307 4090
307 4091
307 4092
307 4093
307 4094
307 4095
307 4096
307 4097
307 4098
307 4099
307 4100
308 4101
308 4102
308 4103
308 4104
308 4105
308 4106
308 4107
308 4108
308 4109
308 4110
308 4111
308 4112
309 4113
309 4114
309 4115
309 4116
309 4117
309 4118
309 4119
309 4120
309 4121
309 4122
309 4123
309 4124
310 4125
310 4126
310 4127
310 4128
310 4129
310 4130
310 4131
310 4132
310 4133
310 4134
310 4135
310 4136
311 4137
311 4138
311 4139
311 4140
311 4141
311 4142
311 4143
311 4144
311 4145
311 4146
311 4147
311 4148
312 4149
312 4150
312 4151
312 4152
312 4153
312 4154
312 4155
312 4156
312 4157
312 4158
312 4159
312 4160
313 4161
313 4162
313 4163
313 4164
313 4165
313 4166
313 4167
313 4168
313 4169
313 4170
313 4171
313 4172
314 4173
314 4174
314 4175
314 4176
314 4177
314 4178
314 4179
314 4180
314 4181
314 4182
314 4183
314 4184
315 4185
315 4186
315 4187
315 4188
315 4189
315 4190
315 4191
315 4192
315 4193
315 4194
315 4195
315 4196
316 4197
316 4198
316 4199
316 4200
316 4201
316 4202
316 4203
316 4204
316 4205
316 4206
316 4207
316 4208
317 4209
317 4210
317 4211
317 4212
317 4213
317 4214
317 4215
317 4216
317 4217
317 4218
317 4219
317 4220
318 4221
318 4222
318 4223
318 4224
318 4225
318 4226
318 4227
318 4228
318 4229
318 4230
318 4231
318 4232
319 4233
319 4234
319 4235
319 4236
319 4237
319 4238
319 4239
319 4240
319 4241
319 4242
319 4243
319 4244
320 4245
320 4246
320 4247
320 4248
320 4249
320 4250
320 4251
320 4252
320 4253
320 4254
320 4255
320 4256
321 4257
321 4258
321 4259
321 4260
321 4261
321 4262
321 4263
321 4264
321 4265
321 4266
321 4267
321 4268
322 4269
322 4270
322 4271
322 4272
322 4273
322 4274
322 4275
322 4276
322 4277
322 4278
322 4279
322 4280
323 4281
323 4282
323 4283
323 4284
323 4285
323 4286
323 4287
323 4288
323 4289
323 4290
323 4291
323 4292
324 4293
324 4294
324 4295
324 4296
324 4297
324 4298
324 4299
324 4300
324 4301
324 4302
324 4303
324 4304
325 4305
325 4306
325 4307
325 4308
325 4309
325 4310
325 4311
325 4312
325 4313
325 4314
325 4315
325 4316
326 4317
326 4318
326 4319
326 4320
326 4321
326 4322
326 4323
326 4324
326 4325
326 4326
326 4327
326 4328
327 4329
327 4330
327 4331
327 4332
327 4333
327 4334
327 4335
327 4336
327 4337
327 4338
327 4339
327 4340
328 4341
328 4342
328 4343
328 4344
328 4345
328 4346
328 4347
328 4348
328 4349
328 4350
328 4351
328 4352
329 4353
329 4354
329 4355
329 4356
329 4357
329 4358
329 4359
329 4360
329 4361
329 4362
329 4363
329 4364
330 4365
330 4366
330 4367
330 4368
330 4369
330 4370
330 4371
330 4372
330 4373
330 4374
330 4375
330 4376
331 4377
331 4378
331 4379
331 4380
331 4381
331 4382
331 4383
331 4384
331 4385
331 4386
331 4387
331 4388
332 4389
332 4390
332 4391
332 4392
332 4393
332 4394
332 4395
332 4396
332 4397
332 4398
332 4399
332 4400
333 4401
333 4402
333 4403
333 4404
333 4405
333 4406
333 4407
333 4408
333 4409
333 4410
333 4411
333 4412
334 4413
334 4414
334 4415
334 4416
334 4417
334 4418
334 4419
334 4420
334 4421
334 4422
334 4423
334 4424
335 4425
335 4426
335 4427
335 4428
335 4429
335 4430
335 4431
335 4432
335 4433
335 4434
335 4435
335 4436
336 4437
336 4438
336 4439
336 4440
336 4441
336 4442
336 4443
336 4444
336 4445
336 4446
336 4447
336 4448
337 4449
337 4450
337 4451
337 4452
337 4453
337 4454
337 4455
337 4456
337 4457
337 4458
337 4459
337 4460
338 4461
338 4462
338 4463
338 4464
338 4465
338 4466
338 4467
338 4468
338 4469
338 4470
338 4471
338 4472
339 4473
339 4474
339 4475
339 4476
339 4477
339 4478
339 4479
339 4480
339 4481
339 4482
339 4483
339 4484
340 4485
340 4486
340 4487
340 4488
340 4489
340 4490
340 4491
340 4492
340 4493
340 4494
340 4495
340 4496
341 4497
341 4498
341 4499
341 4500
341 4501
341 4502
341 4503
341 4504
341 4505
341 4506
341 4507
341 4508
342 4509
342 4510
342 4511
342 4512
342 4513
342 4514
342 4515
342 4516
342 4517
342 4518
342 4519
342 4520
343 4521
343 4522
343 4523
343 4524
343 4525
343 4526
343 4527
343 4528
343 4529
343 4530
343 4531
343 4532
344 4533
344 4534
344 4535
344 4536
344 4537
344 4538
344 4539
344 4540
344 4541
344 4542
344 4543
344 4544
345 4545
345 4546
345 4547
345 4548
345 4549
345 4550
345 4551
345 4552
345 4553
345 4554
345 4555
345 4556
346 4557
346 4558
346 4559
346 4560
346 4561
346 4562
346 4563
346 4564
346 4565
346 4566
346 4567
346 4568
347 4569
347 4570
347 4571
347 4572
347 4573
347 4574
347 4575
347 4576
347 4577
347 4578
347 4579
347 4580
348 4581
348 4582
348 4583
348 4584
348 4585
348 4586
348 4587
348 4588
348 4589
348 4590
348 4591
348 4592
349 4593
349 4594
349 4595
349 4596
349 4597
349 4598
349 4599
349 4600
349 4601
349 4602
349 4603
349 4604
350 4605
350 4606
350 4607
350 4608
350 4609
350 4610
350 4611
350 4612
350 4613
350 4614
350 4615
350 4616
351 4617
351 4618
351 4619
351 4620
351 4621
351 4622
351 4623
351 4624
351 4625
351 4626
351 4627
351 4628
352 4629
352 4630
352 4631
352 4632
352 4633
352 4634
352 4635
352 4636
352 4637
352 4638
352 4639
352 4640
353 4641
353 4642
353 4643
353 4644
353 4645
353 4646
353 4647
353 4648
353 4649
353 4650
353 4651
353 4652
354 4653
354 4654
354 4655
354 4656
354 4657
354 4658
354 4659
354 4660
354 4661
354 4662
354 4663
354 4664
355 4665
355 4666
355 4667
355 4668
355 4669
355 4670
355 4671
355 4672
355 4673
355 4674
355 4675
355 4676
356 4677
356 4678
356 4679
356 4680
356 4681
356 4682
356 4683
356 4684
356 4685
356 4686
356 4687
356 4688
357 4689
357 4690
357 4691
357 4692
357 4693
357 4694
357 4695
357 4696
357 4697
357 4698
357 4699
357 4700
358 4701
358 4702
358 4703
358 4704
358 4705
358 4706
358 4707
358 4708
358 4709
358 4710
358 4711
358 4712
359 4713
359 4714
359 4715
359 4716
359 4717
359 4718
359 4719
359 4720
359 4721
359 4722
359 4723
359 4724
360 4725
360 4726
360 4727
360 4728
360 4729
360 4730
360 4731
360 4732
360 4733
360 4734
360 4735
360 4736
361 4737
361 4738
361 4739
361 4740
361 4741
361 4742
361 4743
361 4744
361 4745
361 4746
361 4747
361 4748
362 4749
362 4750
362 4751
362 4752
362 4753
362 4754
362 4755
362 4756
362 4757
362 4758
362 4759
362 4760
363 4761
363 4762
363 4763
363 4764
363 4765
363 4766
363 4767
363 4768
363 4769
363 4770
363 4771
363 4772
364 4773
364 4774
364 4775
364 4776
364 4777
364 4778
364 4779
364 4780
364 4781
364 4782
364 4783
364 4784
365 4785
365 4786
365 4787
365 4788
365 4789
365 4790
365 4791
365 4792
365 4793
365 4794
365 4795
365 4796
366 4797
366 4798
366 4799
366 4800
366 4801
366 4802
366 4803
366 4804
366 4805
366 4806
366 4807
366 4808
367 4809
367 4810
367 4811
367 4812
367 4813
367 4814
367 4815
367 4816
367 4817
367 4818
367 4819
367 4820
368 4821
368 4822
368 4823
368 4824
368 4825
368 4826
368 4827
368 4828
368 4829
368 4830
368 4831
368 4832
369 4833
369 4834
369 4835
369 4836
369 4837
369 4838
369 4839
369 4840
369 4841
369 4842
369 4843
369 4844
370 4845
370 4846
370 4847
370 4848
370 4849
370 4850
370 4851
370 4852
370 4853
370 4854
370 4855
370 4856
371 4857
371 4858
371 4859
371 4860
371 4861
371 4862
371 4863
371 4864
371 4865
371 4866
371 4867
371 4868
372 4869
372 4870
372 4871
372 4872
372 4873
372 4874
372 4875
372 4876
372 4877
372 4878
372 4879
372 4880
373 4881
373 4882
373 4883
373 4884
373 4885
373 4886
373 4887
373 4888
373 4889
373 4890
373 4891
373 4892
374 4893
374 4894
374 4895
374 4896
374 4897
374 4898
374 4899
374 4900
374 4901
374 4902
374 4903
374 4904
375 4905
375 4906
375 4907
375 4908
375 4909
375 4910
375 4911
375 4912
375 4913
375 4914
375 4915
375 4916
376 4917
376 4918
376 4919
376 4920
376 4921
376 4922
376 4923
376 4924
376 4925
376 4926
376 4927
376 4928
377 4929
377 4930
377 4931
377 4932
377 4933
377 4934
377 4935
377 4936
377 4937
377 4938
377 4939
377 4940
378 4941
378 4942
378 4943
378 4944
378 4945
378 4946
378 4947
378 4948
378 4949
378 4950
378 4951
378 4952
379 4953
379 4954
379 4955
379 4956
379 4957
379 4958
379 4959
379 4960
379 4961
379 4962
379 4963
379 4964
380 4965
380 4966
380 4967
380 4968
380 4969
380 4970
380 4971
380 4972
380 4973
380 4974
380 4975
380 4976
381 4977
381 4978
381 4979
381 4980
381 4981
381 4982
381 4983
381 4984
381 4985
381 4986
381 4987
381 4988
382 4989
382 4990
382 4991
382 4992
382 4993
382 4994
382 4995
382 4996
382 4997
382 4998
382 4999
382 5000
383 5001
383 5002
383 5003
383 5004
383 5005
383 5006
383 5007
383 5008
383 5009
383 5010
383 5011
383 5012
384 5013
384 5014
384 5015
384 5016
384 5017
384 5018
384 5019
384 5020
384 5021
384 5022
384 5023
384 5024
385 5025
385 5026
385 5027
385 5028
385 5029
385 5030
385 5031
385 5032
385 5033
385 5034
385 5035
385 5036
386 5037
386 5038
386 5039
386 5040
386 5041
386 5042
386 5043
386 5044
386 5045
386 5046
386 5047
386 5048
387 5049
387 5050
387 5051
387 5052
387 5053
387 5054
387 5055
387 5056
387 5057
387 5058
387 5059
387 5060
388 5061
388 5062
388 5063
388 5064
388 5065
388 5066
388 5067
388 5068
388 5069
388 5070
388 5071
388 5072
389 5073
389 5074
389 5075
389 5076
389 5077
389 5078
389 5079
389 5080
389 5081
389 5082
389 5083
389 5084
390 5085
390 5086
390 5087
390 5088
390 5089
390 5090
390 5091
390 5092
390 5093
390 5094
390 5095
390 5096
391 5097
391 5098
391 5099
391 5100
391 5101
391 5102
391 5103
391 5104
391 5105
391 5106
391 5107
391 5108
392 5109
392 5110
392 5111
392 5112
392 5113
392 5114
392 5115
392 5116
392 5117
392 5118
392 5119
392 5120
393 5121
393 5122
393 5123
393 5124
393 5125
393 5126
393 5127
393 5128
393 5129
393 5130
393 5131
393 5132
394 5133
394 5134
394 5135
394 5136
394 5137
394 5138
394 5139
394 5140
394 5141
394 5142
394 5143
394 5144
395 5145
395 5146
395 5147
395 5148
395 5149
395 5150
395 5151
395 5152
395 5153
395 5154
395 5155
395 5156
396 5157
396 5158
396 5159
396 5160
396 5161
396 5162
396 5163
396 5164
396 5165
396 5166
396 5167
396 5168
397 5169
397 5170
397 5171
397 5172
397 5173
397 5174
397 5175
397 5176
397 5177
397 5178
397 5179
397 5180
398 5181
398 5182
398 5183
398 5184
398 5185
398 5186
398 5187
398 5188
398 5189
398 5190
398 5191
398 5192
399 5193
399 5194
399 5195
399 5196
399 5197
399 5198
399 5199
399 5200
399 5201
399 5202
399 5203
399 5204
400 5205
400 5206
400 5207
400 5208
400 5209
400 5210
400 5211
400 5212
400 5213
400 5214
400 5215
400 5216
401 5217
401 5218
401 5219
401 5220
401 5221
401 5222
401 5223
401 5224
401 5225
401 5226
401 5227
401 5228
402 5229
402 5230
402 5231
402 5232
402 5233
402 5234
402 5235
402 5236
402 5237
402 5238
402 5239
402 5240
403 5241
403 5242
403 5243
403 5244
403 5245
403 5246
403 5247
403 5248
403 5249
403 5250
403 5251
403 5252
404 5253
404 5254
404 5255
404 5256
404 5257
404 5258
404 5259
404 5260
404 5261
404 5262
404 5263
404 5264
