0 1
0 20
0 5
0 6
1 16
1 27
1 14
2 24
2 41
2 12
2 4
3 40
3 10
3 11
3 22
4 11
4 35
4 28
5 18
5 34
5 31
6 24
6 43
6 28
7 16
7 42
7 27
7 14
8 32
8 33
8 20
8 39
9 28
9 13
9 30
9 31
10 11
10 33
10 23
11 40
12 33
12 21
12 23
13 32
13 35
13 22
14 42
14 44
15 40
15 34
15 26
15 31
16 39
16 23
17 32
17 25
17 36
17 30
18 25
18 35
18 44
19 25
19 26
19 29
19 22
20 26
20 21
21 27
21 38
22 25
23 24
24 38
26 40
27 29
28 42
29 43
29 39
30 34
30 37
31 38
32 42
33 41
34 43
35 44
36 44
36 37
36 41
37 41
37 39
38 43
0 45
0 46
1 47
1 48
2 49
2 50
3 51
3 52
4 53
4 54
5 55
5 56
6 57
6 58
7 59
7 60
8 61
8 62
9 63
9 64
10 65
10 66
11 67
11 68
12 69
12 70
13 71
13 72
14 73
14 74
15 75
15 76
16 77
16 78
17 79
17 80
18 81
18 82
19 83
19 84
20 85
20 86
21 87
21 88
22 89
22 90
23 91
23 92
24 93
24 94
25 95
25 96
26 97
26 98
27 99
27 100
28 101
28 102
29 103
29 104
30 105
30 106
31 107
31 108
32 109
32 110
33 111
33 112
34 113
34 114
35 115
35 116
36 117
36 118
37 119
37 120
38 121
38 122
39 123
39 124
40 125
40 126
41 127
41 128
42 129
42 130
43 131
43 132
44 133
44 134
