0 10
0 134
0 182
0 120
0 153
0 42
0 205
0 206
1 130
1 83
1 68
1 117
1 182
1 119
1 155
1 77
2 123
2 4
2 197
2 70
2 89
2 42
2 38
2 175
3 17
3 98
3 55
3 44
3 74
3 156
3 29
3 12
4 81
4 115
4 164
4 5
4 139
4 188
4 61
5 179
5 165
5 137
5 14
5 13
5 77
5 93
6 128
6 18
6 54
6 167
6 103
6 25
6 154
6 187
7 84
7 132
7 116
7 69
7 92
7 155
7 76
7 79
8 145
8 119
8 56
8 171
8 92
8 13
8 142
8 29
9 176
9 80
9 51
9 118
9 134
9 121
9 27
9 174
10 82
10 20
10 182
10 104
10 75
10 188
10 141
11 51
11 22
11 199
11 201
11 74
11 39
11 135
11 77
12 81
12 52
12 119
12 24
12 26
12 59
12 127
13 71
13 184
13 172
13 199
13 92
13 77
14 48
14 129
14 50
14 150
14 92
14 94
14 111
15 113
15 84
15 197
15 102
15 89
15 38
15 124
15 94
16 136
16 66
16 199
16 152
16 186
16 191
16 62
16 143
17 76
17 82
17 37
17 184
17 57
17 124
17 61
18 112
18 178
18 85
18 135
18 152
18 204
18 210
19 72
19 210
19 52
19 70
19 136
19 186
19 188
19 62
20 66
20 195
20 85
20 103
20 59
20 154
20 175
21 208
21 177
21 194
21 179
21 168
21 139
21 78
21 95
22 79
22 190
22 138
22 170
22 125
22 158
22 191
23 27
23 193
23 163
23 70
23 57
23 186
23 139
23 126
24 156
24 107
24 100
24 165
24 148
24 42
24 171
25 113
25 102
25 199
25 169
25 123
25 93
25 95
26 192
26 177
26 163
26 37
26 200
26 91
26 45
27 141
27 145
27 47
27 189
27 110
27 175
28 48
28 82
28 195
28 72
28 122
28 75
28 109
28 45
29 200
29 50
29 149
29 145
29 105
29 191
30 137
30 136
30 73
30 42
30 87
30 154
30 126
30 143
31 208
31 168
31 98
31 115
31 68
31 70
31 56
31 111
32 112
32 48
32 162
32 34
32 167
32 80
32 107
32 98
33 160
33 48
33 163
33 134
33 167
33 152
33 138
33 43
34 193
34 99
34 120
34 121
34 58
34 171
34 157
35 160
35 129
35 82
35 198
35 151
35 60
35 43
35 140
36 80
36 97
36 180
36 181
36 88
36 153
36 200
36 63
37 99
37 53
37 105
37 154
37 60
37 158
38 97
38 69
38 206
38 81
38 104
38 46
39 64
39 162
39 139
39 52
39 150
39 182
39 55
40 192
40 147
40 197
40 137
40 90
40 172
40 157
40 207
41 194
41 182
41 168
41 172
41 111
41 124
41 125
41 143
42 54
42 55
42 138
42 47
43 81
43 68
43 182
43 187
43 44
43 159
44 149
44 150
44 89
44 202
44 107
44 95
45 192
45 146
45 196
45 198
45 170
45 78
46 161
46 133
46 57
46 159
46 189
46 142
46 191
47 96
47 145
47 97
47 133
47 151
47 90
48 53
48 154
48 122
48 95
49 146
49 119
49 72
49 137
49 207
49 175
49 199
49 127
50 99
50 52
50 142
50 122
50 123
50 156
51 144
51 65
51 68
51 53
51 90
51 109
52 209
52 67
52 198
52 66
53 112
53 166
53 106
53 142
53 128
54 70
54 134
54 152
54 74
54 174
54 181
55 97
55 150
55 107
55 140
55 141
56 65
56 165
56 87
56 185
56 186
56 62
57 114
57 115
57 148
57 89
57 78
58 160
58 100
58 135
58 92
58 75
58 143
58 207
59 192
59 67
59 73
59 87
59 100
59 157
60 115
60 117
60 184
60 179
60 76
60 206
61 80
61 195
61 166
61 73
61 167
61 112
62 113
62 101
62 139
62 189
62 206
63 209
63 133
63 88
63 121
63 125
63 173
63 85
64 160
64 194
64 134
64 191
64 172
64 190
64 95
65 97
65 82
65 177
65 105
65 67
65 146
66 193
66 122
66 191
66 154
66 207
67 178
67 119
67 210
67 135
67 173
68 176
68 179
68 184
68 207
69 144
69 129
69 114
69 117
69 88
69 95
70 194
70 181
70 153
71 128
71 162
71 133
71 103
71 125
71 124
71 143
72 161
72 178
72 138
72 90
72 127
73 161
73 147
73 118
73 121
73 191
74 112
74 193
74 146
74 152
74 190
75 97
75 179
75 129
75 88
75 175
76 198
76 156
76 155
76 183
76 158
77 210
77 198
77 145
77 78
78 144
78 194
78 79
78 141
79 81
79 133
79 187
79 125
79 94
80 192
80 160
80 180
80 170
81 131
81 102
81 188
82 96
82 180
82 110
83 146
83 147
83 119
83 106
83 140
83 173
83 110
84 176
84 177
84 193
84 209
84 123
84 135
85 160
85 178
85 163
85 185
85 190
86 209
86 182
86 151
86 168
86 185
86 106
86 173
86 161
87 196
87 126
87 143
87 157
87 165
88 112
88 171
88 180
88 167
89 141
89 180
89 181
89 114
90 96
90 178
90 181
90 198
91 128
91 195
91 199
91 172
91 106
91 108
91 158
92 94
92 138
92 204
93 176
93 97
93 201
93 122
93 103
93 161
94 161
94 130
94 142
94 190
95 164
95 187
96 98
96 120
96 127
96 108
96 173
97 101
98 193
98 132
98 106
98 203
99 166
99 199
99 107
99 162
99 165
100 131
100 185
100 140
100 188
100 111
101 133
101 198
101 177
101 104
101 170
101 188
102 113
102 148
102 105
102 104
102 142
103 171
103 155
103 196
103 107
104 164
104 203
104 189
104 159
105 176
105 119
105 153
105 206
106 115
106 204
106 142
107 176
107 157
108 177
108 176
108 202
108 128
108 140
108 109
109 118
109 121
109 120
109 185
109 187
110 148
110 155
110 135
110 122
110 156
111 146
111 118
111 183
111 141
112 149
112 174
113 123
113 153
113 173
113 127
114 131
114 151
114 163
114 158
114 165
115 195
115 132
115 206
116 208
116 193
116 189
116 186
116 123
116 141
116 127
117 146
117 209
117 200
117 210
117 125
118 129
118 167
118 136
118 191
119 147
120 149
120 134
120 201
120 144
121 149
121 136
121 202
122 192
122 182
123 179
123 184
124 149
124 132
124 133
124 166
125 197
125 205
126 209
126 131
126 169
126 151
126 174
127 210
127 159
128 189
128 206
128 175
129 206
129 161
129 168
130 178
130 190
130 161
130 186
130 202
130 175
131 147
131 166
131 201
131 188
132 208
132 196
132 147
132 135
133 155
134 183
134 207
135 202
136 169
136 153
136 172
137 151
137 169
137 170
137 159
138 172
138 184
138 174
139 150
139 187
139 173
140 203
140 189
140 190
141 180
142 196
143 203
143 188
144 200
144 210
144 197
144 187
145 203
145 148
145 202
146 208
147 208
147 203
148 160
148 179
148 201
149 196
149 155
150 209
150 171
150 181
151 183
151 155
152 153
152 204
152 178
153 183
154 195
154 164
156 177
156 195
156 162
157 186
157 204
157 170
158 205
158 174
158 166
159 168
159 180
159 201
160 205
162 177
162 197
162 205
163 192
163 164
163 202
164 184
164 205
164 189
165 169
165 174
166 183
166 201
167 196
167 201
168 183
168 175
169 209
169 173
169 205
170 207
170 205
171 192
171 204
172 200
174 194
176 181
178 196
179 200
180 199
181 185
183 197
184 203
185 194
185 187
186 197
190 203
193 198
194 202
195 204
200 204
207 208
208 210
0 211
0 212
0 213
0 214
0 215
1 216
1 217
1 218
1 219
1 220
2 221
2 222
2 223
2 224
2 225
3 226
3 227
3 228
3 229
3 230
4 231
4 232
4 233
4 234
4 235
5 236
5 237
5 238
5 239
5 240
6 241
6 242
6 243
6 244
6 245
7 246
7 247
7 248
7 249
7 250
8 251
8 252
8 253
8 254
8 255
9 256
9 257
9 258
9 259
9 260
10 261
10 262
10 263
10 264
10 265
11 266
11 267
11 268
11 269
11 270
12 271
12 272
12 273
12 274
12 275
13 276
13 277
13 278
13 279
13 280
14 281
14 282
14 283
14 284
14 285
15 286
15 287
15 288
15 289
15 290
16 291
16 292
16 293
16 294
16 295
17 296
17 297
17 298
17 299
17 300
18 301
18 302
18 303
18 304
18 305
19 306
19 307
19 308
19 309
19 310
20 311
20 312
20 313
20 314
20 315
21 316
21 317
21 318
21 319
21 320
22 321
22 322
22 323
22 324
22 325
23 326
23 327
23 328
23 329
23 330
24 331
24 332
24 333
24 334
24 335
25 336
25 337
25 338
25 339
25 340
26 341
26 342
26 343
26 344
26 345
27 346
27 347
27 348
27 349
27 350
28 351
28 352
28 353
28 354
28 355
29 356
29 357
29 358
29 359
29 360
30 361
30 362
30 363
30 364
30 365
31 366
31 367
31 368
31 369
31 370
32 371
32 372
32 373
32 374
32 375
33 376
33 377
33 378
33 379
33 380
34 381
34 382
34 383
34 384
34 385
35 386
35 387
35 388
35 389
35 390
36 391
36 392
36 393
36 394
36 395
37 396
37 397
37 398
37 399
37 400
38 401
38 402
38 403
38 404
38 405
39 406
39 407
39 408
39 409
39 410
40 411
40 412
40 413
40 414
40 415
41 416
41 417
41 418
41 419
41 420
42 421
42 422
42 423
42 424
42 425
43 426
43 427
43 428
43 429
43 430
44 431
44 432
44 433
44 434
44 435
45 436
45 437
45 438
45 439
45 440
46 441
46 442
46 443
46 444
46 445
47 446
47 447
47 448
47 449
47 450
48 451
48 452
48 453
48 454
48 455
49 456
49 457
49 458
49 459
49 460
50 461
50 462
50 463
50 464
50 465
51 466
51 467
51 468
51 469
51 470
52 471
52 472
52 473
52 474
52 475
53 476
53 477
53 478
53 479
53 480
54 481
54 482
54 483
54 484
54 485
55 486
55 487
55 488
55 489
55 490
56 491
56 492
56 493
56 494
56 495
57 496
57 497
57 498
57 499
57 500
58 501
58 502
58 503
58 504
58 505
59 506
59 507
59 508
59 509
59 510
60 511
60 512
60 513
60 514
60 515
61 516
61 517
61 518
61 519
61 520
62 521
62 522
62 523
62 524
62 525
63 526
63 527
63 528
63 529
63 530
64 531
64 532
64 533
64 534
64 535
65 536
65 537
65 538
65 539
65 540
66 541
66 542
66 543
66 544
66 545
67 546
67 547
67 548
67 549
67 550
68 551
68 552
68 553
68 554
68 555
69 556
69 557
69 558
69 559
69 560
70 561
70 562
70 563
70 564
70 565
71 566
71 567
71 568
71 569
71 570
72 571
72 572
72 573
72 574
72 575
73 576
73 577
73 578
73 579
73 580
74 581
74 582
74 583
74 584
74 585
75 586
75 587
75 588
75 589
75 590
76 591
76 592
76 593
76 594
76 595
77 596
77 597
77 598
77 599
77 600
78 601
78 602
78 603
78 604
78 605
79 606
79 607
79 608
79 609
79 610
80 611
80 612
80 613
80 614
80 615
81 616
81 617
81 618
81 619
81 620
82 621
82 622
82 623
82 624
82 625
83 626
83 627
83 628
83 629
83 630
84 631
84 632
84 633
84 634
84 635
85 636
85 637
85 638
85 639
85 640
86 641
86 642
86 643
86 644
86 645
87 646
87 647
87 648
87 649
87 650
88 651
88 652
88 653
88 654
88 655
89 656
89 657
89 658
89 659
89 660
90 661
90 662
90 663
90 664
90 665
91 666
91 667
91 668
91 669
91 670
92 671
92 672
92 673
92 674
92 675
93 676
93 677
93 678
93 679
93 680
94 681
94 682
94 683
94 684
94 685
95 686
95 687
95 688
95 689
95 690
96 691
96 692
96 693
96 694
96 695
97 696
97 697
97 698
97 699
97 700
98 701
98 702
98 703
98 704
98 705
99 706
99 707
99 708
99 709
99 710
100 711
100 712
100 713
100 714
100 715
101 716
101 717
101 718
101 719
101 720
102 721
102 722
102 723
102 724
102 725
103 726
103 727
103 728
103 729
103 730
104 731
104 732
104 733
104 734
104 735
105 736
105 737
105 738
105 739
105 740
106 741
106 742
106 743
106 744
106 745
107 746
107 747
107 748
107 749
107 750
108 751
108 752
108 753
108 754
108 755
109 756
109 757
109 758
109 759
109 760
110 761
110 762
110 763
110 764
110 765
111 766
111 767
111 768
111 769
111 770
112 771
112 772
112 773
112 774
112 775
113 776
113 777
113 778
113 779
113 780
114 781
114 782
114 783
114 784
114 785
115 786
115 787
115 788
115 789
115 790
116 791
116 792
116 793
116 794
116 795
117 796
117 797
117 798
117 799
117 800
118 801
118 802
118 803
118 804
118 805
119 806
119 807
119 808
119 809
119 810
120 811
120 812
120 813
120 814
120 815
121 816
121 817
121 818
121 819
121 820
122 821
122 822
122 823
122 824
122 825
123 826
123 827
123 828
123 829
123 830
124 831
124 832
124 833
124 834
124 835
125 836
125 837
125 838
125 839
125 840
126 841
126 842
126 843
126 844
126 845
127 846
127 847
127 848
127 849
127 850
128 851
128 852
128 853
128 854
128 855
129 856
129 857
129 858
129 859
129 860
130 861
130 862
130 863
130 864
130 865
131 866
131 867
131 868
131 869
131 870
132 871
132 872
132 873
132 874
132 875
133 876
133 877
133 878
133 879
133 880
134 881
134 882
134 883
134 884
134 885
135 886
135 887
135 888
135 889
135 890
136 891
136 892
136 893
136 894
136 895
137 896
137 897
137 898
137 899
137 900
138 901
138 902
138 903
138 904
138 905
139 906
139 907
139 908
139 909
139 910
140 911
140 912
140 913
140 914
140 915
141 916
141 917
141 918
141 919
141 920
142 921
142 922
142 923
142 924
142 925
143 926
143 927
143 928
143 929
143 930
144 931
144 932
144 933
144 934
144 935
145 936
145 937
145 938
145 939
145 940
146 941
146 942
146 943
146 944
146 945
147 946
147 947
147 948
147 949
147 950
148 951
148 952
148 953
148 954
148 955
149 956
149 957
149 958
149 959
149 960
150 961
150 962
150 963
150 964
150 965
151 966
151 967
151 968
151 969
151 970
152 971
152 972
152 973
152 974
152 975
153 976
153 977
153 978
153 979
153 980
154 981
154 982
154 983
154 984
154 985
155 986
155 987
155 988
155 989
155 990
156 991
156 992
156 993
156 994
156 995
157 996
157 997
157 998
157 999
157 1000
158 1001
158 1002
158 1003
158 1004
158 1005
159 1006
159 1007
159 1008
159 1009
159 1010
160 1011
160 1012
160 1013
160 1014
160 1015
161 1016
161 1017
161 1018
161 1019
161 1020
162 1021
162 1022
162 1023
162 1024
162 1025
163 1026
163 1027
163 1028
163 1029
163 1030
164 1031
164 1032
164 1033
164 1034
164 1035
165 1036
165 1037
165 1038
165 1039
165 1040
166 1041
166 1042
166 1043
166 1044
166 1045
167 1046
167 1047
167 1048
167 1049
167 1050
168 1051
168 1052
168 1053
168 1054
168 1055
169 1056
169 1057
169 1058
169 1059
169 1060
170 1061
170 1062
170 1063
170 1064
170 1065
171 1066
171 1067
171 1068
171 1069
171 1070
172 1071
172 1072
172 1073
172 1074
172 1075
173 1076
173 1077
173 1078
173 1079
173 1080
174 1081
174 1082
174 1083
174 1084
174 1085
175 1086
175 1087
175 1088
175 1089
175 1090
176 1091
176 1092
176 1093
176 1094
176 1095
177 1096
177 1097
177 1098
177 1099
177 1100
178 1101
178 1102
178 1103
178 1104
178 1105
179 1106
179 1107
179 1108
179 1109
179 1110
180 1111
180 1112
180 1113
180 1114
180 1115
181 1116
181 1117
181 1118
181 1119
181 1120
182 1121
182 1122
182 1123
182 1124
182 1125
183 1126
183 1127
183 1128
183 1129
183 1130
184 1131
184 1132
184 1133
184 1134
184 1135
185 1136
185 1137
185 1138
185 1139
185 1140
186 1141
186 1142
186 1143
186 1144
186 1145
187 1146
187 1147
187 1148
187 1149
187 1150
188 1151
188 1152
188 1153
188 1154
188 1155
189 1156
189 1157
189 1158
189 1159
189 1160
190 1161
190 1162
190 1163
190 1164
190 1165
191 1166
191 1167
191 1168
191 1169
191 1170
192 1171
192 1172
192 1173
192 1174
192 1175
193 1176
193 1177
193 1178
193 1179
193 1180
194 1181
194 1182
194 1183
194 1184
194 1185
195 1186
195 1187
195 1188
195 1189
195 1190
196 1191
196 1192
196 1193
196 1194
196 1195
197 1196
197 1197
197 1198
197 1199
197 1200
198 1201
198 1202
198 1203
198 1204
198 1205
199 1206
199 1207
199 1208
199 1209
199 1210
200 1211
200 1212
200 1213
200 1214
200 1215
201 1216
201 1217
201 1218
201 1219
201 1220
202 1221
202 1222
202 1223
202 1224
202 1225
203 1226
203 1227
203 1228
203 1229
203 1230
204 1231
204 1232
204 1233
204 1234
204 1235
205 1236
205 1237
205 1238
205 1239
205 1240
206 1241
206 1242
206 1243
206 1244
206 1245
207 1246
207 1247
207 1248
207 1249
207 1250
208 1251
208 1252
208 1253
208 1254
208 1255
209 1256
209 1257
209 1258
209 1259
209 1260
210 1261
210 1262
210 1263
210 1264
210 1265
