0 291
0 228
0 361
0 106
0 371
0 302
0 146
0 339
0 84
0 213
0 344
0 249
1 160
1 34
1 198
1 360
1 298
1 143
1 114
1 340
1 30
1 220
1 254
1 95
2 200
2 63
2 30
2 78
2 367
2 308
2 286
2 180
2 271
2 92
2 222
2 117
3 130
3 392
3 41
3 12
3 269
3 14
3 210
3 53
3 216
3 218
3 27
3 351
4 162
4 99
4 132
4 325
4 166
4 11
4 75
4 163
4 85
4 118
4 343
4 60
5 32
5 352
5 354
5 245
5 297
5 42
5 240
5 114
5 53
5 24
5 10
5 63
6 162
6 323
6 261
6 102
6 167
6 40
6 108
6 273
6 242
6 53
6 187
6 357
7 290
7 40
7 171
7 49
7 114
7 373
7 342
7 376
7 25
7 218
7 186
7 190
8 384
8 388
8 69
8 231
8 263
8 78
8 79
8 272
8 401
8 57
8 185
8 378
9 263
9 264
9 274
9 333
9 45
9 80
9 18
9 245
9 26
9 111
9 382
9 255
10 368
10 258
10 107
10 302
10 15
10 240
10 303
10 276
10 375
10 239
10 125
11 33
11 323
11 167
11 392
11 235
11 332
11 269
11 80
11 20
11 246
11 23
12 32
12 392
12 298
12 172
12 158
12 15
12 53
12 344
12 217
12 378
12 254
13 304
13 98
13 374
13 48
13 392
13 400
13 336
13 276
13 309
13 310
13 23
13 349
14 197
14 359
14 232
14 364
14 236
14 366
14 145
14 146
14 243
14 334
14 216
15 128
15 97
15 34
15 257
15 107
15 282
15 91
15 192
15 222
15 159
16 129
16 290
16 235
16 68
16 358
16 104
16 363
16 47
16 49
16 149
16 382
16 287
17 99
17 356
17 261
17 329
17 397
17 238
17 109
17 401
17 387
17 137
17 187
17 317
18 251
18 261
18 326
18 167
18 296
18 204
18 400
18 242
18 180
18 184
18 347
19 91
19 41
19 269
19 93
19 271
19 402
19 243
19 346
19 315
19 380
19 125
19 223
20 130
20 195
20 390
20 230
20 362
20 175
20 368
20 146
20 54
20 88
20 382
21 291
21 147
21 293
21 168
21 201
21 208
21 339
21 117
21 265
21 122
21 315
21 30
22 69
22 294
22 135
22 168
22 201
22 50
22 145
22 306
22 342
22 119
22 283
22 93
23 128
23 194
23 323
23 201
23 387
23 109
23 270
23 338
23 131
23 375
24 195
24 325
24 201
24 202
24 44
24 205
24 275
24 150
24 377
24 383
24 159
25 66
25 388
25 357
25 166
25 77
25 334
25 239
25 114
25 151
25 281
25 59
26 160
26 257
26 33
26 200
26 141
26 142
26 269
26 177
26 311
26 250
26 286
27 240
27 290
27 199
27 72
27 393
27 235
27 48
27 341
27 150
27 280
27 59
28 66
28 324
28 229
28 134
28 169
28 386
28 305
28 245
28 214
28 100
28 124
28 309
29 352
29 128
29 135
29 129
29 105
29 304
29 81
29 252
29 183
29 280
29 91
29 188
30 225
30 69
30 40
30 266
30 268
30 66
30 190
30 248
30 126
31 320
31 336
31 327
31 267
31 236
31 306
31 175
31 112
31 114
31 340
31 380
31 318
32 33
32 355
32 357
32 358
32 72
32 305
32 50
32 67
32 183
32 255
33 97
33 200
33 206
33 336
33 40
33 211
33 215
33 377
33 318
34 65
34 163
34 328
34 268
34 200
34 114
34 250
34 315
34 62
34 383
35 227
35 132
35 38
35 73
35 299
35 396
35 174
35 44
35 241
35 274
35 107
35 84
36 320
36 161
36 70
36 296
36 396
36 271
36 402
36 243
36 117
36 215
36 252
36 350
37 294
37 360
37 138
37 301
37 303
37 370
37 308
37 149
37 343
37 281
37 347
37 158
38 278
38 134
38 42
38 279
38 367
38 368
38 116
38 214
38 311
38 267
38 202
39 162
39 101
39 202
39 366
39 79
39 274
39 52
39 181
39 183
39 348
39 253
39 319
40 99
40 41
40 391
40 227
40 148
40 277
40 246
40 155
41 199
41 297
41 42
41 400
41 370
41 259
41 276
41 380
41 252
42 320
42 65
42 358
42 135
42 364
42 309
42 265
42 152
42 124
43 395
43 100
43 167
43 212
43 327
43 178
43 210
43 372
43 117
43 185
43 228
43 60
44 49
44 81
44 201
44 299
44 140
44 369
44 84
44 247
44 88
44 221
45 289
45 67
45 196
45 397
45 376
45 148
45 247
45 312
45 153
45 216
45 287
46 98
46 291
46 73
46 298
46 301
46 302
46 271
46 403
46 372
46 186
46 348
46 285
47 256
47 97
47 355
47 200
47 172
47 109
47 305
47 131
47 158
47 60
47 254
48 355
48 357
48 138
48 113
48 242
48 243
48 246
48 179
48 349
48 150
49 66
49 294
49 136
49 297
49 398
49 242
49 373
49 378
49 221
50 385
50 198
50 166
50 65
50 233
50 295
50 364
50 142
50 287
50 159
51 225
51 197
51 262
51 65
51 92
51 241
51 236
51 113
51 275
51 88
51 156
51 133
52 226
52 68
52 69
52 137
52 396
52 175
52 274
52 121
52 132
52 188
52 317
53 256
53 65
53 163
53 362
53 235
53 355
53 377
53 351
54 196
54 390
54 359
54 330
54 109
54 319
54 178
54 83
54 346
54 123
54 63
55 256
55 385
55 326
55 202
55 75
55 396
55 399
55 112
55 180
55 118
55 312
55 252
56 96
56 211
56 231
56 108
56 237
56 142
56 81
56 210
56 147
56 87
56 345
56 255
57 130
57 165
57 326
57 348
57 332
57 241
57 114
57 147
57 346
57 347
57 284
58 288
58 386
58 201
58 267
58 194
58 366
58 113
58 275
58 238
58 233
58 381
58 286
59 352
59 161
59 262
59 326
59 361
59 140
59 399
59 76
59 115
59 69
60 352
60 391
60 76
60 211
60 84
60 278
60 281
60 287
60 319
61 259
61 371
61 141
61 206
61 335
61 272
61 177
61 163
61 203
61 87
61 280
61 318
62 352
62 257
62 331
62 326
62 382
62 160
62 335
62 176
62 309
62 250
62 286
63 224
63 192
63 292
63 76
63 194
63 338
63 215
63 345
63 250
64 256
64 315
64 70
64 198
64 330
64 204
64 144
64 210
64 243
64 212
64 249
64 347
65 293
65 322
65 205
65 109
65 80
65 344
65 389
66 262
66 337
66 136
66 237
66 206
66 336
66 121
66 383
67 193
67 258
67 75
67 101
67 201
67 139
67 210
67 215
67 378
67 125
68 192
68 289
68 100
68 151
68 236
68 244
68 309
68 345
68 280
68 121
69 160
69 97
69 296
69 307
69 180
69 85
69 253
70 387
70 101
70 367
70 340
70 117
70 216
70 292
70 314
70 219
70 156
71 98
71 227
71 262
71 168
71 110
71 302
71 72
71 242
71 404
71 85
71 122
71 277
72 290
72 232
72 177
72 148
72 152
72 116
72 90
72 284
72 159
73 288
73 203
73 237
73 177
73 83
73 117
73 314
73 251
73 316
73 381
74 288
74 260
74 261
74 239
74 146
74 175
74 274
74 307
74 84
74 344
74 314
74 205
75 128
75 391
75 264
75 295
75 332
75 207
75 273
75 116
75 103
76 228
76 390
76 135
76 168
76 202
76 364
76 365
76 378
76 318
77 379
77 297
77 151
77 334
77 272
77 310
77 311
77 283
77 281
77 349
77 319
78 192
78 137
78 397
78 369
78 115
78 374
78 153
78 123
78 220
78 255
79 321
79 291
79 230
79 103
79 234
79 171
79 112
79 182
79 281
79 89
80 400
80 99
80 292
80 297
80 362
80 272
80 215
80 218
80 361
81 393
81 106
81 363
81 176
81 340
81 345
81 121
81 155
81 127
82 353
82 197
82 134
82 263
82 234
82 173
82 110
82 277
82 86
82 279
82 314
82 316
83 292
83 141
83 145
83 274
83 309
83 201
83 120
83 251
83 254
83 319
84 296
84 149
84 284
84 345
84 89
84 156
84 191
85 323
85 198
85 135
85 335
85 241
85 116
85 372
85 282
85 316
86 355
86 170
86 189
86 337
86 114
86 163
86 149
86 90
86 156
86 394
86 319
87 354
87 292
87 203
87 111
87 286
87 367
87 213
87 278
87 143
87 94
88 103
88 394
88 141
88 398
88 368
88 401
88 404
88 309
88 222
89 187
89 392
89 107
89 173
89 376
89 152
89 90
89 168
89 252
89 154
90 289
90 290
90 388
90 109
90 111
90 145
90 218
90 335
90 190
91 282
91 196
91 102
91 137
91 240
91 250
91 315
91 346
91 285
92 131
92 164
92 391
92 104
92 263
92 332
92 141
92 310
92 186
92 285
93 322
93 99
93 262
93 104
93 106
93 209
93 404
93 254
93 155
93 382
94 196
94 360
94 393
94 138
94 146
94 205
94 274
94 115
94 248
94 282
94 284
95 387
95 201
95 202
95 203
95 304
95 147
95 372
95 245
95 169
95 248
95 287
96 384
96 230
96 136
96 238
96 239
96 216
96 306
96 341
96 310
96 282
96 255
97 102
97 362
97 139
97 303
97 400
97 184
97 175
97 351
98 132
98 393
98 138
98 141
98 212
98 374
98 248
98 157
98 255
99 163
99 332
99 269
99 115
99 118
99 100
99 351
100 129
100 165
100 301
100 174
100 259
100 183
100 121
100 185
101 297
101 330
101 271
101 163
101 404
101 361
101 308
101 155
101 266
102 352
102 290
102 305
102 233
102 362
102 401
102 404
102 122
102 188
103 192
103 386
103 291
103 196
103 155
103 279
103 283
103 151
103 381
104 296
104 329
104 299
104 378
104 348
104 313
104 250
104 219
104 221
105 320
105 258
105 326
105 199
105 136
105 297
105 170
105 139
105 328
105 248
105 287
106 198
106 305
106 364
106 204
106 317
106 184
106 396
106 187
106 286
107 384
107 359
107 232
107 363
107 184
107 210
107 344
107 283
108 354
108 264
108 137
108 207
108 190
108 343
108 154
108 123
108 286
108 159
109 395
109 299
109 213
109 183
109 344
109 175
110 228
110 133
110 264
110 173
110 335
110 120
110 244
110 117
110 216
110 348
111 164
111 234
111 396
111 244
111 149
111 118
111 344
111 188
111 350
112 123
112 231
112 141
112 372
112 245
112 120
112 378
112 283
112 381
113 388
113 198
113 328
113 361
113 298
113 140
113 397
113 338
113 124
114 267
114 237
114 402
114 377
115 354
115 389
115 387
115 130
115 280
115 275
115 116
115 312
116 388
116 240
116 392
116 310
116 311
116 154
116 285
117 303
117 274
117 403
117 248
117 377
118 193
118 266
118 343
118 236
118 238
118 176
118 241
118 341
119 226
119 356
119 229
119 331
119 334
119 273
119 148
119 222
119 313
119 276
119 158
120 288
120 291
120 388
120 197
120 201
120 140
120 150
120 154
120 219
121 389
121 241
121 306
121 275
121 345
121 218
121 317
122 294
122 170
122 235
122 209
122 373
122 182
122 184
122 309
122 191
123 166
123 231
123 173
123 301
123 278
123 376
123 249
123 357
124 230
124 141
124 270
124 339
124 340
124 277
124 217
124 381
124 309
125 228
125 232
125 331
125 336
125 212
125 281
125 345
125 252
125 330
126 354
126 355
126 196
126 295
126 264
126 266
126 258
126 237
126 350
126 185
126 187
127 240
127 162
127 324
127 328
127 362
127 368
127 370
127 371
127 346
127 158
127 191
128 129
128 356
128 389
128 395
128 189
128 241
128 217
128 254
129 195
129 395
129 336
129 157
129 208
129 320
129 182
129 379
130 336
130 194
130 365
130 302
130 271
130 368
130 308
130 223
131 256
131 288
131 228
131 134
131 234
131 301
131 340
131 375
131 308
132 270
132 145
132 370
132 244
132 149
132 343
132 251
132 381
133 386
133 171
133 325
133 134
133 235
133 402
133 373
133 247
133 220
133 383
134 385
134 300
134 395
134 396
134 338
134 275
134 179
135 385
135 172
135 337
135 244
135 375
135 202
135 318
136 355
136 327
136 335
136 154
136 249
136 218
136 346
136 286
137 294
137 299
137 142
137 341
137 180
137 250
137 276
138 261
138 360
138 139
138 398
138 399
138 152
138 251
138 351
139 369
139 168
139 333
139 237
139 177
139 242
139 279
139 313
140 263
140 169
140 209
140 238
140 239
140 146
140 393
140 350
141 238
141 374
141 247
141 185
142 384
142 272
142 379
142 330
142 171
142 304
142 404
142 283
143 162
143 292
143 357
143 307
143 234
143 274
143 339
143 182
143 281
143 221
144 347
144 260
144 325
144 391
144 233
144 204
144 173
144 172
144 265
144 379
144 253
145 327
145 233
145 399
145 335
145 308
145 329
145 379
146 396
146 339
146 212
146 217
146 186
146 220
147 322
147 403
147 204
147 239
147 242
147 339
147 379
147 317
148 160
148 388
148 295
148 170
148 397
148 308
148 278
148 212
149 304
149 242
149 245
149 246
149 156
149 317
150 325
150 184
150 179
150 310
150 374
150 221
150 318
150 383
151 166
151 232
151 233
151 235
151 364
151 369
151 306
151 157
152 257
152 323
152 228
152 332
152 270
152 177
152 211
152 278
153 321
153 334
153 327
153 168
153 268
153 369
153 404
153 373
153 317
153 222
154 224
154 349
154 232
154 277
154 311
154 212
154 285
155 167
155 267
155 365
155 398
155 253
155 176
155 279
156 166
156 210
156 216
156 282
156 283
156 350
156 159
157 292
157 357
157 295
157 297
157 362
157 172
157 397
157 347
157 293
158 261
158 168
158 364
158 178
158 339
158 183
158 312
159 384
159 322
159 388
159 236
159 220
159 284
160 386
160 194
160 402
160 372
160 182
160 217
160 315
161 193
161 219
161 170
161 247
161 349
161 304
161 341
161 375
161 312
161 266
162 165
162 231
162 360
162 398
162 275
162 314
162 347
163 165
163 397
163 176
163 339
163 191
164 321
164 258
164 262
164 199
164 380
164 225
164 208
164 211
164 372
164 379
165 261
165 209
165 258
165 205
165 400
165 305
165 214
165 239
166 296
166 203
166 312
166 182
166 216
166 351
167 194
167 230
167 397
167 302
167 369
167 373
167 284
168 259
168 326
168 264
168 400
169 291
169 260
169 362
169 369
169 403
169 307
169 324
169 251
169 349
170 321
170 258
170 299
170 178
170 213
170 248
170 377
171 384
171 257
171 259
171 359
171 209
171 212
171 267
171 381
172 235
172 238
172 270
172 211
172 373
172 348
172 213
173 299
173 358
173 394
173 395
173 335
173 313
173 190
174 260
174 268
174 300
174 206
174 399
174 280
174 307
174 341
174 344
174 186
175 226
175 231
175 279
175 272
175 185
175 222
176 204
176 367
176 401
176 404
176 375
176 315
176 188
177 327
177 392
177 233
177 400
177 222
177 223
178 229
178 204
178 334
178 338
178 307
178 279
178 319
178 383
179 256
179 227
179 295
179 234
179 369
179 215
179 376
179 281
179 349
180 321
180 359
180 370
180 334
180 209
180 378
180 187
181 230
181 227
181 229
181 326
181 330
181 399
181 273
181 371
181 219
181 284
181 223
182 353
182 356
182 197
182 390
182 305
182 367
183 224
183 237
183 335
183 205
183 309
183 375
184 357
184 359
184 329
184 371
184 276
184 190
185 293
185 294
185 332
185 340
185 245
185 277
186 264
186 331
186 396
186 274
186 343
186 249
186 220
187 259
187 196
187 394
187 398
187 404
187 283
188 354
188 262
188 232
188 297
188 209
188 375
188 220
189 208
189 387
189 265
189 334
189 303
189 272
189 209
189 306
189 343
189 345
190 213
190 254
190 370
190 307
190 222
190 245
191 385
191 388
191 202
191 368
191 214
191 315
191 316
191 330
192 288
192 354
192 228
192 235
192 226
192 270
192 253
193 199
193 264
193 365
193 270
193 368
193 336
193 400
193 372
193 350
194 263
194 363
194 399
194 377
194 219
194 383
195 384
195 228
195 327
195 398
195 275
195 213
195 215
195 324
195 249
196 386
196 227
196 392
196 327
196 401
197 388
197 357
197 275
197 342
197 313
197 381
197 350
198 360
198 331
198 210
198 370
198 372
198 278
199 208
199 368
199 305
199 370
199 307
199 246
199 286
200 296
200 354
200 223
200 314
200 207
200 317
200 351
201 342
201 337
202 324
202 367
202 272
202 346
203 240
203 226
203 265
203 236
203 365
203 208
203 378
204 257
204 355
204 266
204 236
204 306
205 322
205 268
205 210
205 308
205 254
205 381
206 325
206 349
206 368
206 308
206 217
206 377
206 367
206 389
207 288
207 263
207 361
207 305
207 401
207 273
207 210
207 341
207 223
208 256
208 293
208 303
208 246
208 312
208 313
209 323
209 380
209 253
209 280
210 298
210 398
211 385
211 294
211 234
211 376
211 260
211 315
212 356
212 243
212 337
212 403
213 333
213 306
213 342
213 343
213 317
214 295
214 234
214 247
214 238
214 244
214 343
214 313
214 293
215 388
215 335
215 370
215 314
215 383
216 257
216 323
216 244
216 309
217 322
217 291
217 245
217 283
217 251
217 382
218 391
218 366
218 399
218 242
218 312
218 350
219 226
219 228
219 363
219 264
219 246
219 255
220 233
220 241
220 402
220 366
220 316
221 225
221 324
221 394
221 267
221 369
221 247
221 382
222 353
222 258
222 363
222 282
223 328
223 348
223 282
223 251
223 380
223 254
224 264
224 394
224 364
224 237
224 302
224 367
224 313
224 315
224 382
225 257
225 390
225 362
225 269
225 337
225 342
225 280
225 283
226 256
226 386
226 327
226 385
226 337
226 375
227 354
227 393
227 403
227 329
227 254
227 325
228 389
228 358
229 258
229 390
229 391
229 252
229 395
229 332
229 336
229 337
230 260
230 241
230 306
230 373
230 372
230 318
231 265
231 298
231 366
231 342
231 284
231 266
232 329
232 394
232 271
232 278
232 377
233 387
233 270
233 368
233 253
234 402
234 340
234 301
234 350
235 385
235 328
235 393
236 288
236 276
236 398
236 253
237 357
237 276
237 374
237 377
238 358
238 366
238 272
238 250
239 289
239 356
239 363
239 252
239 253
240 263
240 303
240 242
240 310
240 345
241 361
241 369
241 346
242 371
242 292
243 294
243 394
243 299
243 365
243 277
243 298
244 363
244 366
244 277
244 378
244 303
245 268
245 402
245 383
246 326
246 397
246 369
246 251
246 348
247 391
247 252
247 331
247 279
247 284
248 353
248 292
248 289
248 305
248 324
249 262
249 394
249 399
249 403
249 375
249 376
250 288
250 322
250 305
250 380
251 374
251 262
251 316
252 300
252 273
252 370
253 355
253 260
253 303
254 333
254 311
255 361
255 403
255 402
255 338
255 371
256 299
256 269
256 403
256 376
257 328
257 302
257 338
257 343
258 340
258 356
258 347
259 365
259 336
259 338
259 278
259 297
259 260
260 289
260 293
260 300
260 371
261 354
261 333
261 339
261 279
261 266
262 275
262 334
262 303
263 320
263 267
263 311
263 317
264 271
264 393
265 322
265 290
265 367
265 319
265 382
265 287
266 361
266 276
266 340
266 379
267 367
267 273
267 313
267 318
268 328
268 301
268 276
268 342
268 346
268 283
269 322
269 333
269 397
269 276
269 284
270 368
270 373
270 329
270 317
271 320
271 322
271 278
271 316
272 321
272 389
272 344
273 386
273 337
273 387
273 375
273 381
274 325
274 390
275 326
275 350
276 344
277 386
277 302
277 401
277 308
278 349
278 286
279 290
279 291
279 280
280 392
280 304
280 285
281 295
281 334
281 304
281 283
282 289
282 290
282 332
282 336
284 400
284 360
285 289
285 358
285 360
285 329
285 365
285 374
286 348
286 314
287 321
287 333
287 372
287 348
287 316
288 389
288 358
288 295
289 294
289 381
289 356
289 351
290 323
290 327
290 351
291 372
291 378
291 350
292 321
292 362
292 382
293 387
293 341
293 343
293 317
293 318
294 390
294 333
294 346
295 395
295 394
295 398
296 352
296 384
296 358
296 332
296 367
297 306
297 308
298 390
298 359
298 335
298 312
298 351
299 356
299 366
299 374
300 355
300 327
300 361
300 343
300 359
300 403
300 311
300 329
301 320
301 401
301 312
301 347
301 349
302 353
302 390
302 313
303 334
303 330
304 353
304 323
304 389
304 332
305 378
306 324
306 392
307 392
307 310
307 376
307 314
308 351
309 341
310 352
310 336
310 391
310 380
311 353
311 321
311 360
311 393
312 324
312 342
313 373
313 331
314 321
314 359
314 353
315 325
315 402
316 342
316 346
316 347
316 318
318 387
318 362
319 321
319 374
319 363
319 371
320 384
320 325
320 338
320 371
321 345
322 356
322 396
323 352
323 338
323 376
324 364
324 401
324 347
325 333
325 337
326 334
326 360
327 395
328 331
328 397
328 400
328 379
329 387
329 349
329 376
330 355
330 362
330 395
330 337
331 371
331 396
331 369
331 403
332 386
333 386
333 340
333 382
335 359
337 363
338 341
338 379
339 361
339 342
339 373
340 402
341 353
341 357
342 404
344 356
344 390
345 399
345 356
346 384
347 352
348 363
348 364
349 396
350 361
351 392
352 360
352 404
353 393
353 364
353 376
354 358
354 355
357 377
358 395
358 383
359 385
359 390
360 379
363 387
364 365
365 403
365 404
365 381
366 397
366 402
366 382
370 393
370 399
371 380
373 391
374 398
374 380
375 383
377 379
380 385
380 389
383 395
384 389
384 393
385 386
385 401
388 391
389 399
391 401
394 398
394 400
0 405
0 406
0 407
0 408
0 409
0 410
1 411
1 412
1 413
1 414
1 415
1 416
2 417
2 418
2 419
2 420
2 421
2 422
3 423
3 424
3 425
3 426
3 427
3 428
4 429
4 430
4 431
4 432
4 433
4 434
5 435
5 436
5 437
5 438
5 439
5 440
6 441
6 442
6 443
6 444
6 445
6 446
7 447
7 448
7 449
7 450
7 451
7 452
8 453
8 454
8 455
8 456
8 457
8 458
9 459
9 460
9 461
9 462
9 463
9 464
10 465
10 466
10 467
10 468
10 469
10 470
11 471
11 472
11 473
11 474
11 475
11 476
12 477
12 478
12 479
12 480
12 481
12 482
13 483
13 484
13 485
13 486
13 487
13 488
14 489
14 490
14 491
14 492
14 493
14 494
15 495
15 496
15 497
15 498
15 499
15 500
16 501
16 502
16 503
16 504
16 505
16 506
17 507
17 508
17 509
17 510
17 511
17 512
18 513
18 514
18 515
18 516
18 517
18 518
19 519
19 520
19 521
19 522
19 523
19 524
20 525
20 526
20 527
20 528
20 529
20 530
21 531
21 532
21 533
21 534
21 535
21 536
22 537
22 538
22 539
22 540
22 541
22 542
23 543
23 544
23 545
23 546
23 547
23 548
24 549
24 550
24 551
24 552
24 553
24 554
25 555
25 556
25 557
25 558
25 559
25 560
26 561
26 562
26 563
26 564
26 565
26 566
27 567
27 568
27 569
27 570
27 571
27 572
28 573
28 574
28 575
28 576
28 577
28 578
29 579
29 580
29 581
29 582
29 583
29 584
30 585
30 586
30 587
30 588
30 589
30 590
31 591
31 592
31 593
31 594
31 595
31 596
32 597
32 598
32 599
32 600
32 601
32 602
33 603
33 604
33 605
33 606
33 607
33 608
34 609
34 610
34 611
34 612
34 613
34 614
35 615
35 616
35 617
35 618
35 619
35 620
36 621
36 622
36 623
36 624
36 625
36 626
37 627
37 628
37 629
37 630
37 631
37 632
38 633
38 634
38 635
38 636
38 637
38 638
39 639
39 640
39 641
39 642
39 643
39 644
40 645
40 646
40 647
40 648
40 649
40 650
41 651
41 652
41 653
41 654
41 655
41 656
42 657
42 658
42 659
42 660
42 661
42 662
43 663
43 664
43 665
43 666
43 667
43 668
44 669
44 670
44 671
44 672
44 673
44 674
45 675
45 676
45 677
45 678
45 679
45 680
46 681
46 682
46 683
46 684
46 685
46 686
47 687
47 688
47 689
47 690
47 691
47 692
48 693
48 694
48 695
48 696
48 697
48 698
49 699
49 700
49 701
49 702
49 703
49 704
50 705
50 706
50 707
50 708
50 709
50 710
51 711
51 712
51 713
51 714
51 715
51 716
52 717
52 718
52 719
52 720
52 721
52 722
53 723
53 724
53 725
53 726
53 727
53 728
54 729
54 730
54 731
54 732
54 733
54 734
55 735
55 736
55 737
55 738
55 739
55 740
56 741
56 742
56 743
56 744
56 745
56 746
57 747
57 748
57 749
57 750
57 751
57 752
58 753
58 754
58 755
58 756
58 757
58 758
59 759
59 760
59 761
59 762
59 763
59 764
60 765
60 766
60 767
60 768
60 769
60 770
61 771
61 772
61 773
61 774
61 775
61 776
62 777
62 778
62 779
62 780
62 781
62 782
63 783
63 784
63 785
63 786
63 787
63 788
64 789
64 790
64 791
64 792
64 793
64 794
65 795
65 796
65 797
65 798
65 799
65 800
66 801
66 802
66 803
66 804
66 805
66 806
67 807
67 808
67 809
67 810
67 811
67 812
68 813
68 814
68 815
68 816
68 817
68 818
69 819
69 820
69 821
69 822
69 823
69 824
70 825
70 826
70 827
70 828
70 829
70 830
71 831
71 832
71 833
71 834
71 835
71 836
72 837
72 838
72 839
72 840
72 841
72 842
73 843
73 844
73 845
73 846
73 847
73 848
74 849
74 850
74 851
74 852
74 853
74 854
75 855
75 856
75 857
75 858
75 859
75 860
76 861
76 862
76 863
76 864
76 865
76 866
77 867
77 868
77 869
77 870
77 871
77 872
78 873
78 874
78 875
78 876
78 877
78 878
79 879
79 880
79 881
79 882
79 883
79 884
80 885
80 886
80 887
80 888
80 889
80 890
81 891
81 892
81 893
81 894
81 895
81 896
82 897
82 898
82 899
82 900
82 901
82 902
83 903
83 904
83 905
83 906
83 907
83 908
84 909
84 910
84 911
84 912
84 913
84 914
85 915
85 916
85 917
85 918
85 919
85 920
86 921
86 922
86 923
86 924
86 925
86 926
87 927
87 928
87 929
87 930
87 931
87 932
88 933
88 934
88 935
88 936
88 937
88 938
89 939
89 940
89 941
89 942
89 943
89 944
90 945
90 946
90 947
90 948
90 949
90 950
91 951
91 952
91 953
91 954
91 955
91 956
92 957
92 958
92 959
92 960
92 961
92 962
93 963
93 964
93 965
93 966
93 967
93 968
94 969
94 970
94 971
94 972
94 973
94 974
95 975
95 976
95 977
95 978
95 979
95 980
96 981
96 982
96 983
96 984
96 985
96 986
97 987
97 988
97 989
97 990
97 991
97 992
98 993
98 994
98 995
98 996
98 997
98 998
99 999
99 1000
99 1001
99 1002
99 1003
99 1004
100 1005
100 1006
100 1007
100 1008
100 1009
100 1010
101 1011
101 1012
101 1013
101 1014
101 1015
101 1016
102 1017
102 1018
102 1019
102 1020
102 1021
102 1022
103 1023
103 1024
103 1025
103 1026
103 1027
103 1028
104 1029
104 1030
104 1031
104 1032
104 1033
104 1034
105 1035
105 1036
105 1037
105 1038
105 1039
105 1040
106 1041
106 1042
106 1043
106 1044
106 1045
106 1046
107 1047
107 1048
107 1049
107 1050
107 1051
107 1052
108 1053
108 1054
108 1055
108 1056
108 1057
108 1058
109 1059
109 1060
109 1061
109 1062
109 1063
109 1064
110 1065
110 1066
110 1067
110 1068
110 1069
110 1070
111 1071
111 1072
111 1073
111 1074
111 1075
111 1076
112 1077
112 1078
112 1079
112 1080
112 1081
112 1082
113 1083
113 1084
113 1085
113 1086
113 1087
113 1088
114 1089
114 1090
114 1091
114 1092
114 1093
114 1094
115 1095
115 1096
115 1097
115 1098
115 1099
115 1100
116 1101
116 1102
116 1103
116 1104
116 1105
116 1106
117 1107
117 1108
117 1109
117 1110
117 1111
117 1112
118 1113
118 1114
118 1115
118 1116
118 1117
118 1118
119 1119
119 1120
119 1121
119 1122
119 1123
119 1124
120 1125
120 1126
120 1127
120 1128
120 1129
120 1130
121 1131
121 1132
121 1133
121 1134
121 1135
121 1136
122 1137
122 1138
122 1139
122 1140
122 1141
122 1142
123 1143
123 1144
123 1145
123 1146
123 1147
123 1148
124 1149
124 1150
124 1151
124 1152
124 1153
124 1154
125 1155
125 1156
125 1157
125 1158
125 1159
125 1160
126 1161
126 1162
126 1163
126 1164
126 1165
126 1166
127 1167
127 1168
127 1169
127 1170
127 1171
127 1172
128 1173
128 1174
128 1175
128 1176
128 1177
128 1178
129 1179
129 1180
129 1181
129 1182
129 1183
129 1184
130 1185
130 1186
130 1187
130 1188
130 1189
130 1190
131 1191
131 1192
131 1193
131 1194
131 1195
131 1196
132 1197
132 1198
132 1199
132 1200
132 1201
132 1202
133 1203
133 1204
133 1205
133 1206
133 1207
133 1208
134 1209
134 1210
134 1211
134 1212
134 1213
134 1214
135 1215
135 1216
135 1217
135 1218
135 1219
135 1220
136 1221
136 1222
136 1223
136 1224
136 1225
136 1226
137 1227
137 1228
137 1229
137 1230
137 1231
137 1232
138 1233
138 1234
138 1235
138 1236
138 1237
138 1238
139 1239
139 1240
139 1241
139 1242
139 1243
139 1244
140 1245
140 1246
140 1247
140 1248
140 1249
140 1250
141 1251
141 1252
141 1253
141 1254
141 1255
141 1256
142 1257
142 1258
142 1259
142 1260
142 1261
142 1262
143 1263
143 1264
143 1265
143 1266
143 1267
143 1268
144 1269
144 1270
144 1271
144 1272
144 1273
144 1274
145 1275
145 1276
145 1277
145 1278
145 1279
145 1280
146 1281
146 1282
146 1283
146 1284
146 1285
146 1286
147 1287
147 1288
147 1289
147 1290
147 1291
147 1292
148 1293
148 1294
148 1295
148 1296
148 1297
148 1298
149 1299
149 1300
149 1301
149 1302
149 1303
149 1304
150 1305
150 1306
150 1307
150 1308
150 1309
150 1310
151 1311
151 1312
151 1313
151 1314
151 1315
151 1316
152 1317
152 1318
152 1319
152 1320
152 1321
152 1322
153 1323
153 1324
153 1325
153 1326
153 1327
153 1328
154 1329
154 1330
154 1331
154 1332
154 1333
154 1334
155 1335
155 1336
155 1337
155 1338
155 1339
155 1340
156 1341
156 1342
156 1343
156 1344
156 1345
156 1346
157 1347
157 1348
157 1349
157 1350
157 1351
157 1352
158 1353
158 1354
158 1355
158 1356
158 1357
158 1358
159 1359
159 1360
159 1361
159 1362
159 1363
159 1364
160 1365
160 1366
160 1367
160 1368
160 1369
160 1370
161 1371
161 1372
161 1373
161 1374
161 1375
161 1376
162 1377
162 1378
162 1379
162 1380
162 1381
162 1382
163 1383
163 1384
163 1385
163 1386
163 1387
163 1388
164 1389
164 1390
164 1391
164 1392
164 1393
164 1394
165 1395
165 1396
165 1397
165 1398
165 1399
165 1400
166 1401
166 1402
166 1403
166 1404
166 1405
166 1406
167 1407
167 1408
167 1409
167 1410
167 1411
167 1412
168 1413
168 1414
168 1415
168 1416
168 1417
168 1418
169 1419
169 1420
169 1421
169 1422
169 1423
169 1424
170 1425
170 1426
170 1427
170 1428
170 1429
170 1430
171 1431
171 1432
171 1433
171 1434
171 1435
171 1436
172 1437
172 1438
172 1439
172 1440
172 1441
172 1442
173 1443
173 1444
173 1445
173 1446
173 1447
173 1448
174 1449
174 1450
174 1451
174 1452
174 1453
174 1454
175 1455
175 1456
175 1457
175 1458
175 1459
175 1460
176 1461
176 1462
176 1463
176 1464
176 1465
176 1466
177 1467
177 1468
177 1469
177 1470
177 1471
177 1472
178 1473
178 1474
178 1475
178 1476
178 1477
178 1478
179 1479
179 1480
179 1481
179 1482
179 1483
179 1484
180 1485
180 1486
180 1487
180 1488
180 1489
180 1490
181 1491
181 1492
181 1493
181 1494
181 1495
181 1496
182 1497
182 1498
182 1499
182 1500
182 1501
182 1502
183 1503
183 1504
183 1505
183 1506
183 1507
183 1508
184 1509
184 1510
184 1511
184 1512
184 1513
184 1514
185 1515
185 1516
185 1517
185 1518
185 1519
185 1520
186 1521
186 1522
186 1523
186 1524
186 1525
186 1526
187 1527
187 1528
187 1529
187 1530
187 1531
187 1532
188 1533
188 1534
188 1535
188 1536
188 1537
188 1538
189 1539
189 1540
189 1541
189 1542
189 1543
189 1544
190 1545
190 1546
190 1547
190 1548
190 1549
190 1550
191 1551
191 1552
191 1553
191 1554
191 1555
191 1556
192 1557
192 1558
192 1559
192 1560
192 1561
192 1562
193 1563
193 1564
193 1565
193 1566
193 1567
193 1568
194 1569
194 1570
194 1571
194 1572
194 1573
194 1574
195 1575
195 1576
195 1577
195 1578
195 1579
195 1580
196 1581
196 1582
196 1583
196 1584
196 1585
196 1586
197 1587
197 1588
197 1589
197 1590
197 1591
197 1592
198 1593
198 1594
198 1595
198 1596
198 1597
198 1598
199 1599
199 1600
199 1601
199 1602
199 1603
199 1604
200 1605
200 1606
200 1607
200 1608
200 1609
200 1610
201 1611
201 1612
201 1613
201 1614
201 1615
201 1616
202 1617
202 1618
202 1619
202 1620
202 1621
202 1622
203 1623
203 1624
203 1625
203 1626
203 1627
203 1628
204 1629
204 1630
204 1631
204 1632
204 1633
204 1634
205 1635
205 1636
205 1637
205 1638
205 1639
205 1640
206 1641
206 1642
206 1643
206 1644
206 1645
206 1646
207 1647
207 1648
207 1649
207 1650
207 1651
207 1652
208 1653
208 1654
208 1655
208 1656
208 1657
208 1658
209 1659
209 1660
209 1661
209 1662
209 1663
209 1664
210 1665
210 1666
210 1667
210 1668
210 1669
210 1670
211 1671
211 1672
211 1673
211 1674
211 1675
211 1676
212 1677
212 1678
212 1679
212 1680
212 1681
212 1682
213 1683
213 1684
213 1685
213 1686
213 1687
213 1688
214 1689
214 1690
214 1691
214 1692
214 1693
214 1694
215 1695
215 1696
215 1697
215 1698
215 1699
215 1700
216 1701
216 1702
216 1703
216 1704
216 1705
216 1706
217 1707
217 1708
217 1709
217 1710
217 1711
217 1712
218 1713
218 1714
218 1715
218 1716
218 1717
218 1718
219 1719
219 1720
219 1721
219 1722
219 1723
219 1724
220 1725
220 1726
220 1727
220 1728
220 1729
220 1730
221 1731
221 1732
221 1733
221 1734
221 1735
221 1736
222 1737
222 1738
222 1739
222 1740
222 1741
222 1742
223 1743
223 1744
223 1745
223 1746
223 1747
223 1748
224 1749
224 1750
224 1751
224 1752
224 1753
224 1754
225 1755
225 1756
225 1757
225 1758
225 1759
225 1760
226 1761
226 1762
226 1763
226 1764
226 1765
226 1766
227 1767
227 1768
227 1769
227 1770
227 1771
227 1772
228 1773
228 1774
228 1775
228 1776
228 1777
228 1778
229 1779
229 1780
229 1781
229 1782
229 1783
229 1784
230 1785
230 1786
230 1787
230 1788
230 1789
230 1790
231 1791
231 1792
231 1793
231 1794
231 1795
231 1796
232 1797
232 1798
232 1799
232 1800
232 1801
232 1802
233 1803
233 1804
233 1805
233 1806
233 1807
233 1808
234 1809
234 1810
234 1811
234 1812
234 1813
234 1814
235 1815
235 1816
235 1817
235 1818
235 1819
235 1820
236 1821
236 1822
236 1823
236 1824
236 1825
236 1826
237 1827
237 1828
237 1829
237 1830
237 1831
237 1832
238 1833
238 1834
238 1835
238 1836
238 1837
238 1838
239 1839
239 1840
239 1841
239 1842
239 1843
239 1844
240 1845
240 1846
240 1847
240 1848
240 1849
240 1850
241 1851
241 1852
241 1853
241 1854
241 1855
241 1856
242 1857
242 1858
242 1859
242 1860
242 1861
242 1862
243 1863
243 1864
243 1865
243 1866
243 1867
243 1868
244 1869
244 1870
244 1871
244 1872
244 1873
244 1874
245 1875
245 1876
245 1877
245 1878
245 1879
245 1880
246 1881
246 1882
246 1883
246 1884
246 1885
246 1886
247 1887
247 1888
247 1889
247 1890
247 1891
247 1892
248 1893
248 1894
248 1895
248 1896
248 1897
248 1898
249 1899
249 1900
249 1901
249 1902
249 1903
249 1904
250 1905
250 1906
250 1907
250 1908
250 1909
250 1910
251 1911
251 1912
251 1913
251 1914
251 1915
251 1916
252 1917
252 1918
252 1919
252 1920
252 1921
252 1922
253 1923
253 1924
253 1925
253 1926
253 1927
253 1928
254 1929
254 1930
254 1931
254 1932
254 1933
254 1934
255 1935
255 1936
255 1937
255 1938
255 1939
255 1940
256 1941
256 1942
256 1943
256 1944
256 1945
256 1946
257 1947
257 1948
257 1949
257 1950
257 1951
257 1952
258 1953
258 1954
258 1955
258 1956
258 1957
258 1958
259 1959
259 1960
259 1961
259 1962
259 1963
259 1964
260 1965
260 1966
260 1967
260 1968
260 1969
260 1970
261 1971
261 1972
261 1973
261 1974
261 1975
261 1976
262 1977
262 1978
262 1979
262 1980
262 1981
262 1982
263 1983
263 1984
263 1985
263 1986
263 1987
263 1988
264 1989
264 1990
264 1991
264 1992
264 1993
264 1994
265 1995
265 1996
265 1997
265 1998
265 1999
265 2000
266 2001
266 2002
266 2003
266 2004
266 2005
266 2006
267 2007
267 2008
267 2009
267 2010
267 2011
267 2012
268 2013
268 2014
268 2015
268 2016
268 2017
268 2018
269 2019
269 2020
269 2021
269 2022
269 2023
269 2024
270 2025
270 2026
270 2027
270 2028
270 2029
270 2030
271 2031
271 2032
271 2033
271 2034
271 2035
271 2036
272 2037
272 2038
272 2039
272 2040
272 2041
272 2042
273 2043
273 2044
273 2045
273 2046
273 2047
273 2048
274 2049
274 2050
274 2051
274 2052
274 2053
274 2054
275 2055
275 2056
275 2057
275 2058
275 2059
275 2060
276 2061
276 2062
276 2063
276 2064
276 2065
276 2066
277 2067
277 2068
277 2069
277 2070
277 2071
277 2072
278 2073
278 2074
278 2075
278 2076
278 2077
278 2078
279 2079
279 2080
279 2081
279 2082
279 2083
279 2084
280 2085
280 2086
280 2087
280 2088
280 2089
280 2090
281 2091
281 2092
281 2093
281 2094
281 2095
281 2096
282 2097
282 2098
282 2099
282 2100
282 2101
282 2102
283 2103
283 2104
283 2105
283 2106
283 2107
283 2108
284 2109
284 2110
284 2111
284 2112
284 2113
284 2114
285 2115
285 2116
285 2117
285 2118
285 2119
285 2120
286 2121
286 2122
286 2123
286 2124
286 2125
286 2126
287 2127
287 2128
287 2129
287 2130
287 2131
287 2132
288 2133
288 2134
288 2135
288 2136
288 2137
288 2138
289 2139
289 2140
289 2141
289 2142
289 2143
289 2144
290 2145
290 2146
290 2147
290 2148
290 2149
290 2150
291 2151
291 2152
291 2153
291 2154
291 2155
291 2156
292 2157
292 2158
292 2159
292 2160
292 2161
292 2162
293 2163
293 2164
293 2165
293 2166
293 2167
293 2168
294 2169
294 2170
294 2171
294 2172
294 2173
294 2174
295 2175
295 2176
295 2177
295 2178
295 2179
295 2180
296 2181
296 2182
296 2183
296 2184
296 2185
296 2186
297 2187
297 2188
297 2189
297 2190
297 2191
297 2192
298 2193
298 2194
298 2195
298 2196
298 2197
298 2198
299 2199
299 2200
299 2201
299 2202
299 2203
299 2204
300 2205
300 2206
300 2207
300 2208
300 2209
300 2210
301 2211
301 2212
301 2213
301 2214
301 2215
301 2216
302 2217
302 2218
302 2219
302 2220
302 2221
302 2222
303 2223
303 2224
303 2225
303 2226
303 2227
303 2228
304 2229
304 2230
304 2231
304 2232
304 2233
304 2234
305 2235
305 2236
305 2237
305 2238
305 2239
305 2240
306 2241
306 2242
306 2243
306 2244
306 2245
306 2246
307 2247
307 2248
307 2249
307 2250
307 2251
307 2252
308 2253
308 2254
308 2255
308 2256
308 2257
308 2258
309 2259
309 2260
309 2261
309 2262
309 2263
309 2264
310 2265
310 2266
310 2267
310 2268
310 2269
310 2270
311 2271
311 2272
311 2273
311 2274
311 2275
311 2276
312 2277
312 2278
312 2279
312 2280
312 2281
312 2282
313 2283
313 2284
313 2285
313 2286
313 2287
313 2288
314 2289
314 2290
314 2291
314 2292
314 2293
314 2294
315 2295
315 2296
315 2297
315 2298
315 2299
315 2300
316 2301
316 2302
316 2303
316 2304
316 2305
316 2306
317 2307
317 2308
317 2309
317 2310
317 2311
317 2312
318 2313
318 2314
318 2315
318 2316
318 2317
318 2318
319 2319
319 2320
319 2321
319 2322
319 2323
319 2324
320 2325
320 2326
320 2327
320 2328
320 2329
320 2330
321 2331
321 2332
321 2333
321 2334
321 2335
321 2336
322 2337
322 2338
322 2339
322 2340
322 2341
322 2342
323 2343
323 2344
323 2345
323 2346
323 2347
323 2348
324 2349
324 2350
324 2351
324 2352
324 2353
324 2354
325 2355
325 2356
325 2357
325 2358
325 2359
325 2360
326 2361
326 2362
326 2363
326 2364
326 2365
326 2366
327 2367
327 2368
327 2369
327 2370
327 2371
327 2372
328 2373
328 2374
328 2375
328 2376
328 2377
328 2378
329 2379
329 2380
329 2381
329 2382
329 2383
329 2384
330 2385
330 2386
330 2387
330 2388
330 2389
330 2390
331 2391
331 2392
331 2393
331 2394
331 2395
331 2396
332 2397
332 2398
332 2399
332 2400
332 2401
332 2402
333 2403
333 2404
333 2405
333 2406
333 2407
333 2408
334 2409
334 2410
334 2411
334 2412
334 2413
334 2414
335 2415
335 2416
335 2417
335 2418
335 2419
335 2420
336 2421
336 2422
336 2423
336 2424
336 2425
336 2426
337 2427
337 2428
337 2429
337 2430
337 2431
337 2432
338 2433
338 2434
338 2435
338 2436
338 2437
338 2438
339 2439
339 2440
339 2441
339 2442
339 2443
339 2444
340 2445
340 2446
340 2447
340 2448
340 2449
340 2450
341 2451
341 2452
341 2453
341 2454
341 2455
341 2456
342 2457
342 2458
342 2459
342 2460
342 2461
342 2462
343 2463
343 2464
343 2465
343 2466
343 2467
343 2468
344 2469
344 2470
344 2471
344 2472
344 2473
344 2474
345 2475
345 2476
345 2477
345 2478
345 2479
345 2480
346 2481
346 2482
346 2483
346 2484
346 2485
346 2486
347 2487
347 2488
347 2489
347 2490
347 2491
347 2492
348 2493
348 2494
348 2495
348 2496
348 2497
348 2498
349 2499
349 2500
349 2501
349 2502
349 2503
349 2504
350 2505
350 2506
350 2507
350 2508
350 2509
350 2510
351 2511
351 2512
351 2513
351 2514
351 2515
351 2516
352 2517
352 2518
352 2519
352 2520
352 2521
352 2522
353 2523
353 2524
353 2525
353 2526
353 2527
353 2528
354 2529
354 2530
354 2531
354 2532
354 2533
354 2534
355 2535
355 2536
355 2537
355 2538
355 2539
355 2540
356 2541
356 2542
356 2543
356 2544
356 2545
356 2546
357 2547
357 2548
357 2549
357 2550
357 2551
357 2552
358 2553
358 2554
358 2555
358 2556
358 2557
358 2558
359 2559
359 2560
359 2561
359 2562
359 2563
359 2564
360 2565
360 2566
360 2567
360 2568
360 2569
360 2570
361 2571
361 2572
361 2573
361 2574
361 2575
361 2576
362 2577
362 2578
362 2579
362 2580
362 2581
362 2582
363 2583
363 2584
363 2585
363 2586
363 2587
363 2588
364 2589
364 2590
364 2591
364 2592
364 2593
364 2594
365 2595
365 2596
365 2597
365 2598
365 2599
365 2600
366 2601
366 2602
366 2603
366 2604
366 2605
366 2606
367 2607
367 2608
367 2609
367 2610
367 2611
367 2612
368 2613
368 2614
368 2615
368 2616
368 2617
368 2618
369 2619
369 2620
369 2621
369 2622
369 2623
369 2624
370 2625
370 2626
370 2627
370 2628
370 2629
370 2630
371 2631
371 2632
371 2633
371 2634
371 2635
371 2636
372 2637
372 2638
372 2639
372 2640
372 2641
372 2642
373 2643
373 2644
373 2645
373 2646
373 2647
373 2648
374 2649
374 2650
374 2651
374 2652
374 2653
374 2654
375 2655
375 2656
375 2657
375 2658
375 2659
375 2660
376 2661
376 2662
376 2663
376 2664
376 2665
376 2666
377 2667
377 2668
377 2669
377 2670
377 2671
377 2672
378 2673
378 2674
378 2675
378 2676
378 2677
378 2678
379 2679
379 2680
379 2681
379 2682
379 2683
379 2684
380 2685
380 2686
380 2687
380 2688
380 2689
380 2690
381 2691
381 2692
381 2693
381 2694
381 2695
381 2696
382 2697
382 2698
382 2699
382 2700
382 2701
382 2702
383 2703
383 2704
383 2705
383 2706
383 2707
383 2708
384 2709
384 2710
384 2711
384 2712
384 2713
384 2714
385 2715
385 2716
385 2717
385 2718
385 2719
385 2720
386 2721
386 2722
386 2723
386 2724
386 2725
386 2726
387 2727
387 2728
387 2729
387 2730
387 2731
387 2732
388 2733
388 2734
388 2735
388 2736
388 2737
388 2738
389 2739
389 2740
389 2741
389 2742
389 2743
389 2744
390 2745
390 2746
390 2747
390 2748
390 2749
390 2750
391 2751
391 2752
391 2753
391 2754
391 2755
391 2756
392 2757
392 2758
392 2759
392 2760
392 2761
392 2762
393 2763
393 2764
393 2765
393 2766
393 2767
393 2768
394 2769
394 2770
394 2771
394 2772
394 2773
394 2774
395 2775
395 2776
395 2777
395 2778
395 2779
395 2780
396 2781
396 2782
396 2783
396 2784
396 2785
396 2786
397 2787
397 2788
397 2789
397 2790
397 2791
397 2792
398 2793
398 2794
398 2795
398 2796
398 2797
398 2798
399 2799
399 2800
399 2801
399 2802
399 2803
399 2804
400 2805
400 2806
400 2807
400 2808
400 2809
400 2810
401 2811
401 2812
401 2813
401 2814
401 2815
401 2816
402 2817
402 2818
402 2819
402 2820
402 2821
402 2822
403 2823
403 2824
403 2825
403 2826
403 2827
403 2828
404 2829
404 2830
404 2831
404 2832
404 2833
404 2834
