0 392
0 69
0 103
0 397
0 129
0 412
0 205
0 143
1 152
1 19
1 180
1 406
1 215
1 136
1 363
1 285
2 180
2 163
2 164
2 302
2 227
2 108
2 12
2 46
3 81
3 267
3 100
3 37
3 439
3 106
3 347
3 430
4 208
4 336
4 242
4 281
4 43
4 268
4 125
4 287
5 99
5 131
5 68
5 277
5 119
5 367
5 430
5 447
6 65
6 291
6 180
6 70
6 104
6 212
6 346
6 239
7 419
7 422
7 407
7 259
7 185
7 203
7 188
7 335
8 194
8 277
8 118
8 232
8 102
8 332
8 205
8 357
9 320
9 274
9 106
9 406
9 202
9 363
9 236
9 141
10 144
10 416
10 259
10 181
10 343
10 187
10 348
10 158
11 162
11 91
11 324
11 199
11 217
11 339
11 315
11 14
12 195
12 155
12 438
12 343
12 58
12 235
12 253
13 76
13 305
13 260
13 264
13 316
13 202
13 428
13 317
14 275
14 196
14 326
14 138
14 218
14 238
14 203
15 83
15 147
15 444
15 410
15 236
15 74
15 94
15 442
16 280
16 342
16 151
16 360
16 282
16 124
16 109
16 447
17 145
17 309
17 206
17 329
17 201
17 298
17 366
17 101
18 145
18 359
18 181
18 230
18 369
18 266
18 267
18 157
19 174
19 121
19 200
19 377
19 443
19 30
19 361
20 433
20 434
20 389
20 45
20 426
20 267
20 397
20 141
21 112
21 107
21 196
21 181
21 326
21 183
21 335
21 287
22 450
22 261
22 423
22 322
22 233
22 395
22 316
22 157
23 256
23 29
23 116
23 41
23 428
23 365
23 242
23 399
24 208
24 177
24 342
24 344
24 345
24 299
24 254
24 239
25 176
25 246
25 194
25 213
25 358
25 265
25 125
25 350
26 209
26 275
26 155
26 289
26 376
26 249
26 347
26 184
27 449
27 123
27 372
27 431
27 314
27 75
27 109
27 31
28 224
28 322
28 51
28 325
28 413
28 412
28 290
28 399
29 336
29 318
29 291
29 357
29 413
29 174
29 415
30 96
30 420
30 302
30 415
30 301
30 382
30 319
31 400
31 370
31 420
31 217
31 106
31 77
31 223
32 178
32 131
32 198
32 311
32 327
32 151
32 317
32 175
33 161
33 83
33 133
33 379
33 329
33 111
33 300
33 447
34 224
34 40
34 245
34 375
34 328
34 92
34 189
34 239
35 288
35 168
35 324
35 325
35 81
35 279
35 328
35 187
36 434
36 38
36 375
36 408
36 119
36 450
36 158
36 223
37 99
37 196
37 357
37 390
37 391
37 374
37 335
38 392
38 246
38 56
38 202
38 76
38 186
38 62
39 272
39 65
39 338
39 134
39 344
39 153
39 189
39 367
40 176
40 208
40 291
40 147
40 438
40 115
40 154
41 263
41 167
41 132
41 103
41 87
41 428
41 413
42 49
42 148
42 230
42 423
42 202
42 207
42 190
42 255
43 418
43 342
43 198
43 183
43 408
43 73
43 215
44 210
44 195
44 388
44 277
44 183
44 443
44 61
44 415
45 48
45 353
45 227
45 407
45 167
45 77
45 334
46 384
46 307
46 56
46 409
46 90
46 444
46 222
47 82
47 387
47 292
47 147
47 247
47 394
47 67
47 124
48 384
48 338
48 323
48 117
48 54
48 202
48 350
49 448
49 113
49 372
49 406
49 73
49 61
49 221
50 363
50 110
50 438
50 359
50 331
50 108
50 135
50 126
51 320
51 299
51 101
51 249
51 185
51 151
51 414
52 129
52 306
52 181
52 113
52 311
52 255
52 175
52 143
53 322
53 403
53 294
53 391
53 444
53 172
53 125
53 62
54 435
54 437
54 105
54 153
54 339
54 237
54 173
55 80
55 369
55 155
55 117
55 195
55 169
55 299
55 350
56 244
56 142
56 439
56 88
56 234
56 269
57 336
57 449
57 195
57 100
57 78
57 231
57 88
57 446
58 434
58 274
58 420
58 168
58 122
58 138
58 271
59 66
59 196
59 229
59 260
59 393
59 92
59 226
59 437
60 273
60 226
60 260
60 199
60 235
60 428
60 338
60 319
61 123
61 161
61 83
61 289
61 63
61 255
62 432
62 123
62 261
62 150
62 315
62 127
63 228
63 437
63 231
63 137
63 380
63 125
63 286
64 98
64 82
64 325
64 130
64 365
64 71
64 338
64 207
65 416
65 116
65 346
65 189
65 410
65 255
66 321
66 84
66 371
66 111
66 204
66 110
66 287
67 325
67 373
67 408
67 172
67 191
67 412
67 94
68 266
68 355
68 340
68 106
68 367
68 285
68 79
69 433
69 389
69 310
69 137
69 383
69 398
69 293
70 411
70 340
70 199
70 233
70 91
70 253
70 429
71 156
71 85
71 184
71 313
71 78
71 109
71 334
72 83
72 99
72 436
72 196
72 121
72 380
72 365
72 350
73 259
73 279
73 105
73 76
73 222
73 95
74 323
74 309
74 294
74 119
74 431
74 287
74 349
75 176
75 335
75 375
75 119
75 216
75 254
75 175
76 160
76 450
76 227
76 185
76 255
77 256
77 371
77 388
77 243
77 182
77 87
78 248
78 276
78 424
78 362
78 221
78 190
79 325
79 326
79 200
79 234
79 284
79 126
79 142
80 114
80 131
80 213
80 166
80 343
80 125
80 390
81 170
81 186
81 394
81 91
81 349
81 350
82 403
82 196
82 341
82 166
82 280
82 155
83 242
83 307
83 147
83 425
84 144
84 112
84 243
84 272
84 392
84 138
84 270
85 448
85 132
85 104
85 212
85 186
85 90
85 303
86 424
86 210
86 332
86 360
86 120
86 203
86 156
86 238
87 256
87 264
87 169
87 92
87 414
87 175
88 353
88 212
88 153
88 251
88 157
88 207
89 433
89 245
89 385
89 377
89 251
89 333
89 421
89 111
90 435
90 421
90 231
90 233
90 138
90 94
91 245
91 262
91 186
91 381
91 95
92 96
92 436
92 327
92 220
92 143
93 321
93 402
93 246
93 422
93 376
93 186
93 123
93 173
94 292
94 229
94 153
94 331
94 442
95 450
95 251
95 391
95 136
95 138
95 351
96 144
96 401
96 115
96 164
96 446
96 404
97 321
97 162
97 113
97 405
97 263
97 298
97 423
97 268
98 448
98 277
98 378
98 187
98 282
98 398
98 143
99 274
99 252
99 250
99 348
99 109
100 304
100 224
100 182
100 297
100 106
100 287
101 288
101 197
101 198
101 291
101 314
101 181
102 149
102 290
102 326
102 341
102 342
102 446
102 223
103 228
103 197
103 214
103 391
103 152
103 139
104 272
104 308
104 230
104 150
104 221
104 382
105 450
105 229
105 340
105 246
105 300
105 207
106 133
106 219
106 372
107 400
107 402
107 164
107 214
107 279
107 441
107 299
108 219
108 200
108 124
108 234
108 322
108 268
109 320
109 146
109 375
109 204
110 400
110 441
110 327
110 137
110 170
110 141
111 352
111 278
111 295
111 218
111 398
112 144
112 121
112 298
112 171
112 428
112 356
113 256
113 266
113 287
113 254
113 351
114 352
114 320
114 164
114 118
114 171
114 366
114 296
115 290
115 163
115 292
115 279
115 299
115 365
116 192
116 179
116 310
116 118
116 215
116 140
117 224
117 402
117 150
117 217
117 343
117 258
118 360
118 179
118 122
118 443
118 269
119 144
119 161
119 120
119 356
120 162
120 404
120 341
120 200
120 414
120 383
121 182
121 327
121 442
121 187
121 215
122 243
122 134
122 136
122 124
122 269
122 398
123 210
123 149
123 425
123 410
124 353
124 361
124 301
124 126
125 152
125 301
125 350
126 227
126 374
126 203
126 428
126 386
127 157
127 241
127 130
127 225
127 140
127 397
127 269
128 369
128 386
128 203
128 340
128 439
128 132
128 409
128 187
129 337
129 371
129 353
129 151
129 142
129 319
130 416
130 369
130 291
130 229
130 328
130 270
131 134
131 170
131 283
131 380
131 314
132 337
132 210
132 230
132 232
132 283
133 418
133 229
133 247
133 396
133 250
133 437
134 402
134 404
134 379
134 332
134 269
135 417
135 228
135 142
135 167
135 344
135 316
135 174
136 315
136 271
136 223
136 205
136 365
137 288
137 384
137 210
137 419
137 342
138 146
138 216
138 206
139 288
139 160
139 338
139 227
139 168
139 393
139 300
140 306
140 324
140 302
140 361
140 283
140 334
141 209
141 220
141 278
141 199
141 252
142 289
142 153
142 201
142 431
143 320
143 336
143 317
143 351
144 174
144 366
144 207
145 401
145 379
145 171
145 297
145 363
145 381
146 384
146 434
146 228
146 279
146 235
146 190
147 256
147 289
147 218
147 158
148 306
148 293
148 249
148 296
148 377
148 407
148 191
149 400
149 226
149 243
149 411
149 318
149 447
150 238
150 308
150 158
150 204
150 316
151 321
151 201
151 430
151 223
152 290
152 292
152 186
152 156
152 447
153 288
153 299
153 235
154 368
154 296
154 340
154 325
154 295
154 363
154 333
155 388
155 219
155 314
155 333
156 209
156 403
156 292
156 265
156 332
157 424
157 420
157 293
157 446
158 272
158 276
158 318
158 350
159 305
159 389
159 161
159 393
159 447
159 313
159 321
159 229
160 290
160 324
160 357
160 214
160 429
160 253
161 275
161 420
161 361
161 271
162 339
162 209
162 188
162 284
162 319
163 416
163 417
163 211
163 362
163 387
163 418
164 308
164 277
164 378
164 238
165 280
165 354
165 323
165 260
165 390
165 168
165 238
165 303
166 352
166 230
166 337
166 191
166 317
166 207
167 448
167 368
167 280
167 426
167 382
168 195
168 294
168 439
168 426
169 275
169 197
169 282
169 284
169 435
169 415
170 176
170 418
170 446
170 216
170 190
171 390
171 201
171 441
171 240
171 381
172 238
172 179
172 312
172 314
172 427
172 414
173 304
173 208
173 196
173 184
173 308
173 366
174 309
174 233
174 378
174 271
175 293
175 345
175 183
175 220
176 339
176 375
176 220
176 346
177 267
177 245
177 359
177 265
177 282
177 395
177 365
178 273
178 354
178 389
178 182
178 187
178 268
178 271
179 416
179 307
179 244
179 246
179 235
180 406
180 347
180 413
180 334
180 197
181 440
181 239
181 221
182 432
182 355
182 249
182 264
183 425
183 185
183 188
183 286
184 243
184 436
184 328
184 355
184 319
185 388
185 408
185 297
185 377
186 380
186 302
187 324
187 427
188 225
188 438
188 296
188 377
188 343
189 352
189 212
189 439
189 235
189 367
190 261
190 263
190 295
190 362
191 274
191 217
191 212
191 301
191 318
192 193
192 366
192 357
192 376
192 421
192 446
192 296
193 352
193 310
193 214
193 396
193 413
193 430
193 431
194 312
194 258
194 211
194 341
194 311
194 218
195 426
195 203
195 298
196 376
197 218
197 428
197 281
197 302
198 449
198 258
198 228
198 199
198 411
199 257
199 280
199 379
200 421
200 232
200 442
200 371
201 354
201 364
201 434
201 222
202 241
202 390
202 409
203 368
203 393
204 244
204 405
204 425
204 319
204 269
205 226
205 404
205 389
205 394
205 348
206 331
206 209
206 372
206 391
206 233
206 347
207 264
207 439
208 425
208 331
208 236
208 222
209 402
209 364
209 281
210 219
210 358
210 341
211 304
211 290
211 372
211 264
211 274
211 364
212 378
212 302
212 399
213 417
213 259
213 430
213 249
213 285
213 398
214 385
214 400
214 244
214 231
215 325
215 246
215 289
215 367
216 258
216 403
216 259
216 381
216 414
217 224
217 314
217 269
217 382
218 352
218 385
218 244
219 227
219 347
219 444
219 299
220 386
220 312
220 345
220 252
221 373
221 281
221 410
221 399
222 435
222 392
222 247
222 351
223 271
223 237
223 351
224 368
224 401
224 270
225 258
225 420
225 270
225 282
225 382
225 239
226 276
226 383
226 316
226 293
227 266
227 268
228 436
228 389
228 338
229 419
229 439
230 433
230 358
230 427
231 436
231 342
231 409
231 234
232 433
232 421
232 426
232 268
232 362
233 262
233 344
233 397
234 258
234 405
234 364
234 402
235 280
235 283
236 320
236 322
236 340
236 358
236 399
237 242
237 291
237 361
237 444
237 380
237 430
238 321
238 335
239 422
239 253
239 318
240 272
240 289
240 406
240 278
240 441
240 421
240 255
241 288
241 296
241 245
241 424
241 332
241 266
242 260
242 408
242 249
242 252
243 400
243 438
243 426
244 306
244 277
244 283
245 363
245 262
245 423
246 420
246 279
247 385
247 355
247 361
247 410
247 380
248 422
248 343
248 424
248 303
248 284
248 269
248 351
249 401
249 314
250 369
250 274
250 407
250 262
250 385
250 371
251 382
251 311
251 425
251 283
251 286
252 419
252 421
252 330
252 445
253 401
253 305
253 444
253 273
254 304
254 401
254 411
254 265
254 330
255 336
255 425
256 258
256 307
256 335
257 449
257 276
257 374
257 294
257 330
257 443
257 353
258 378
259 368
259 292
259 281
260 374
260 298
260 373
261 297
261 295
261 361
261 364
261 413
262 288
262 383
262 443
262 389
263 304
263 387
263 375
263 362
263 303
264 304
264 427
264 348
265 320
265 407
265 345
265 359
266 297
266 301
266 285
267 438
267 408
267 347
267 380
268 427
268 419
270 417
270 371
270 328
270 349
271 301
271 430
272 337
272 318
272 277
273 371
273 372
273 423
273 356
273 395
274 388
274 429
275 339
275 278
275 316
275 378
276 290
276 412
276 286
276 415
277 348
278 418
278 331
278 355
278 354
279 305
279 392
280 404
280 398
281 352
281 313
281 345
282 390
282 392
282 379
283 305
283 387
284 408
284 406
284 422
284 346
285 404
285 360
285 330
285 412
286 359
286 375
286 315
286 378
287 297
287 363
288 417
289 341
289 298
290 416
291 323
291 343
292 438
292 358
293 374
293 412
293 431
294 386
294 387
294 312
294 396
295 340
295 391
295 319
295 303
296 416
296 403
297 365
297 349
298 437
298 442
299 431
300 328
300 422
300 440
300 409
300 415
301 339
301 365
302 323
302 306
303 359
303 313
303 330
304 312
304 394
305 356
305 423
305 310
306 386
306 357
306 331
307 337
307 369
307 360
307 381
308 392
308 364
308 414
308 431
309 322
309 410
309 440
309 429
309 397
310 432
310 411
310 380
310 366
311 387
311 436
311 405
311 376
312 432
312 396
312 333
313 332
313 378
313 395
313 397
314 357
315 400
315 422
315 362
315 334
316 344
316 345
317 356
317 406
317 409
317 350
318 328
318 331
319 407
320 394
321 441
321 449
322 344
322 393
323 418
323 441
323 383
324 411
324 348
324 366
325 373
326 376
326 426
326 379
326 444
327 336
327 426
327 379
327 383
328 330
329 450
329 390
329 410
329 449
329 354
329 429
330 400
330 417
331 352
332 356
332 351
333 433
333 385
333 345
333 397
334 393
334 436
334 412
335 381
335 398
336 441
336 382
337 384
337 344
337 432
338 373
338 421
339 450
339 396
340 445
341 357
341 410
342 428
342 415
343 395
344 411
345 449
346 418
346 360
346 450
346 366
347 434
347 441
348 442
348 429
349 432
349 377
349 423
349 447
351 396
353 384
353 435
353 362
354 448
354 417
354 373
355 437
355 395
355 430
356 424
356 444
358 405
358 440
358 394
359 384
359 388
360 436
360 383
361 419
362 384
363 399
364 433
364 445
367 411
367 393
367 443
368 383
368 388
368 415
369 385
369 377
370 440
370 407
370 376
370 393
370 379
370 445
370 413
371 429
372 425
372 394
373 419
373 406
374 435
374 414
374 442
375 420
376 409
377 440
381 405
381 390
382 395
385 417
386 392
386 427
386 429
387 391
387 413
388 440
389 408
391 401
394 399
395 435
396 424
396 427
397 423
398 448
399 424
401 431
402 434
402 427
403 440
403 443
403 414
404 448
404 445
405 416
405 446
407 448
409 412
418 422
419 445
432 435
432 447
433 437
434 438
437 449
439 442
443 445
445 446
0 451
0 452
0 453
0 454
0 455
0 456
0 457
0 458
0 459
0 460
0 461
1 462
1 463
1 464
1 465
1 466
1 467
1 468
1 469
1 470
1 471
1 472
2 473
2 474
2 475
2 476
2 477
2 478
2 479
2 480
2 481
2 482
2 483
3 484
3 485
3 486
3 487
3 488
3 489
3 490
3 491
3 492
3 493
3 494
4 495
4 496
4 497
4 498
4 499
4 500
4 501
4 502
4 503
4 504
4 505
5 506
5 507
5 508
5 509
5 510
5 511
5 512
5 513
5 514
5 515
5 516
6 517
6 518
6 519
6 520
6 521
6 522
6 523
6 524
6 525
6 526
6 527
7 528
7 529
7 530
7 531
7 532
7 533
7 534
7 535
7 536
7 537
7 538
8 539
8 540
8 541
8 542
8 543
8 544
8 545
8 546
8 547
8 548
8 549
9 550
9 551
9 552
9 553
9 554
9 555
9 556
9 557
9 558
9 559
9 560
10 561
10 562
10 563
10 564
10 565
10 566
10 567
10 568
10 569
10 570
10 571
11 572
11 573
11 574
11 575
11 576
11 577
11 578
11 579
11 580
11 581
11 582
12 583
12 584
12 585
12 586
12 587
12 588
12 589
12 590
12 591
12 592
12 593
13 594
13 595
13 596
13 597
13 598
13 599
13 600
13 601
13 602
13 603
13 604
14 605
14 606
14 607
14 608
14 609
14 610
14 611
14 612
14 613
14 614
14 615
15 616
15 617
15 618
15 619
15 620
15 621
15 622
15 623
15 624
15 625
15 626
16 627
16 628
16 629
16 630
16 631
16 632
16 633
16 634
16 635
16 636
16 637
17 638
17 639
17 640
17 641
17 642
17 643
17 644
17 645
17 646
17 647
17 648
18 649
18 650
18 651
18 652
18 653
18 654
18 655
18 656
18 657
18 658
18 659
19 660
19 661
19 662
19 663
19 664
19 665
19 666
19 667
19 668
19 669
19 670
20 671
20 672
20 673
20 674
20 675
20 676
20 677
20 678
20 679
20 680
20 681
21 682
21 683
21 684
21 685
21 686
21 687
21 688
21 689
21 690
21 691
21 692
22 693
22 694
22 695
22 696
22 697
22 698
22 699
22 700
22 701
22 702
22 703
23 704
23 705
23 706
23 707
23 708
23 709
23 710
23 711
23 712
23 713
23 714
24 715
24 716
24 717
24 718
24 719
24 720
24 721
24 722
24 723
24 724
24 725
25 726
25 727
25 728
25 729
25 730
25 731
25 732
25 733
25 734
25 735
25 736
26 737
26 738
26 739
26 740
26 741
26 742
26 743
26 744
26 745
26 746
26 747
27 748
27 749
27 750
27 751
27 752
27 753
27 754
27 755
27 756
27 757
27 758
28 759
28 760
28 761
28 762
28 763
28 764
28 765
28 766
28 767
28 768
28 769
29 770
29 771
29 772
29 773
29 774
29 775
29 776
29 777
29 778
29 779
29 780
30 781
30 782
30 783
30 784
30 785
30 786
30 787
30 788
30 789
30 790
30 791
31 792
31 793
31 794
31 795
31 796
31 797
31 798
31 799
31 800
31 801
31 802
32 803
32 804
32 805
32 806
32 807
32 808
32 809
32 810
32 811
32 812
32 813
33 814
33 815
33 816
33 817
33 818
33 819
33 820
33 821
33 822
33 823
33 824
34 825
34 826
34 827
34 828
34 829
34 830
34 831
34 832
34 833
34 834
34 835
35 836
35 837
35 838
35 839
35 840
35 841
35 842
35 843
35 844
35 845
35 846
36 847
36 848
36 849
36 850
36 851
36 852
36 853
36 854
36 855
36 856
36 857
37 858
37 859
37 860
37 861
37 862
37 863
37 864
37 865
37 866
37 867
37 868
38 869
38 870
38 871
38 872
38 873
38 874
38 875
38 876
38 877
38 878
38 879
39 880
39 881
39 882
39 883
39 884
39 885
39 886
39 887
39 888
39 889
39 890
40 891
40 892
40 893
40 894
40 895
40 896
40 897
40 898
40 899
40 900
40 901
41 902
41 903
41 904
41 905
41 906
41 907
41 908
41 909
41 910
41 911
41 912
42 913
42 914
42 915
42 916
42 917
42 918
42 919
42 920
42 921
42 922
42 923
43 924
43 925
43 926
43 927
43 928
43 929
43 930
43 931
43 932
43 933
43 934
44 935
44 936
44 937
44 938
44 939
44 940
44 941
44 942
44 943
44 944
44 945
45 946
45 947
45 948
45 949
45 950
45 951
45 952
45 953
45 954
45 955
45 956
46 957
46 958
46 959
46 960
46 961
46 962
46 963
46 964
46 965
46 966
46 967
47 968
47 969
47 970
47 971
47 972
47 973
47 974
47 975
47 976
47 977
47 978
48 979
48 980
48 981
48 982
48 983
48 984
48 985
48 986
48 987
48 988
48 989
49 990
49 991
49 992
49 993
49 994
49 995
49 996
49 997
49 998
49 999
49 1000
50 1001
50 1002
50 1003
50 1004
50 1005
50 1006
50 1007
50 1008
50 1009
50 1010
50 1011
51 1012
51 1013
51 1014
51 1015
51 1016
51 1017
51 1018
51 1019
51 1020
51 1021
51 1022
52 1023
52 1024
52 1025
52 1026
52 1027
52 1028
52 1029
52 1030
52 1031
52 1032
52 1033
53 1034
53 1035
53 1036
53 1037
53 1038
53 1039
53 1040
53 1041
53 1042
53 1043
53 1044
54 1045
54 1046
54 1047
54 1048
54 1049
54 1050
54 1051
54 1052
54 1053
54 1054
54 1055
55 1056
55 1057
55 1058
55 1059
55 1060
55 1061
55 1062
55 1063
55 1064
55 1065
55 1066
56 1067
56 1068
56 1069
56 1070
56 1071
56 1072
56 1073
56 1074
56 1075
56 1076
56 1077
57 1078
57 1079
57 1080
57 1081
57 1082
57 1083
57 1084
57 1085
57 1086
57 1087
57 1088
58 1089
58 1090
58 1091
58 1092
58 1093
58 1094
58 1095
58 1096
58 1097
58 1098
58 1099
59 1100
59 1101
59 1102
59 1103
59 1104
59 1105
59 1106
59 1107
59 1108
59 1109
59 1110
60 1111
60 1112
60 1113
60 1114
60 1115
60 1116
60 1117
60 1118
60 1119
60 1120
60 1121
61 1122
61 1123
61 1124
61 1125
61 1126
61 1127
61 1128
61 1129
61 1130
61 1131
61 1132
62 1133
62 1134
62 1135
62 1136
62 1137
62 1138
62 1139
62 1140
62 1141
62 1142
62 1143
63 1144
63 1145
63 1146
63 1147
63 1148
63 1149
63 1150
63 1151
63 1152
63 1153
63 1154
64 1155
64 1156
64 1157
64 1158
64 1159
64 1160
64 1161
64 1162
64 1163
64 1164
64 1165
65 1166
65 1167
65 1168
65 1169
65 1170
65 1171
65 1172
65 1173
65 1174
65 1175
65 1176
66 1177
66 1178
66 1179
66 1180
66 1181
66 1182
66 1183
66 1184
66 1185
66 1186
66 1187
67 1188
67 1189
67 1190
67 1191
67 1192
67 1193
67 1194
67 1195
67 1196
67 1197
67 1198
68 1199
68 1200
68 1201
68 1202
68 1203
68 1204
68 1205
68 1206
68 1207
68 1208
68 1209
69 1210
69 1211
69 1212
69 1213
69 1214
69 1215
69 1216
69 1217
69 1218
69 1219
69 1220
70 1221
70 1222
70 1223
70 1224
70 1225
70 1226
70 1227
70 1228
70 1229
70 1230
70 1231
71 1232
71 1233
71 1234
71 1235
71 1236
71 1237
71 1238
71 1239
71 1240
71 1241
71 1242
72 1243
72 1244
72 1245
72 1246
72 1247
72 1248
72 1249
72 1250
72 1251
72 1252
72 1253
73 1254
73 1255
73 1256
73 1257
73 1258
73 1259
73 1260
73 1261
73 1262
73 1263
73 1264
74 1265
74 1266
74 1267
74 1268
74 1269
74 1270
74 1271
74 1272
74 1273
74 1274
74 1275
75 1276
75 1277
75 1278
75 1279
75 1280
75 1281
75 1282
75 1283
75 1284
75 1285
75 1286
76 1287
76 1288
76 1289
76 1290
76 1291
76 1292
76 1293
76 1294
76 1295
76 1296
76 1297
77 1298
77 1299
77 1300
77 1301
77 1302
77 1303
77 1304
77 1305
77 1306
77 1307
77 1308
78 1309
78 1310
78 1311
78 1312
78 1313
78 1314
78 1315
78 1316
78 1317
78 1318
78 1319
79 1320
79 1321
79 1322
79 1323
79 1324
79 1325
79 1326
79 1327
79 1328
79 1329
79 1330
80 1331
80 1332
80 1333
80 1334
80 1335
80 1336
80 1337
80 1338
80 1339
80 1340
80 1341
81 1342
81 1343
81 1344
81 1345
81 1346
81 1347
81 1348
81 1349
81 1350
81 1351
81 1352
82 1353
82 1354
82 1355
82 1356
82 1357
82 1358
82 1359
82 1360
82 1361
82 1362
82 1363
83 1364
83 1365
83 1366
83 1367
83 1368
83 1369
83 1370
83 1371
83 1372
83 1373
83 1374
84 1375
84 1376
84 1377
84 1378
84 1379
84 1380
84 1381
84 1382
84 1383
84 1384
84 1385
85 1386
85 1387
85 1388
85 1389
85 1390
85 1391
85 1392
85 1393
85 1394
85 1395
85 1396
86 1397
86 1398
86 1399
86 1400
86 1401
86 1402
86 1403
86 1404
86 1405
86 1406
86 1407
87 1408
87 1409
87 1410
87 1411
87 1412
87 1413
87 1414
87 1415
87 1416
87 1417
87 1418
88 1419
88 1420
88 1421
88 1422
88 1423
88 1424
88 1425
88 1426
88 1427
88 1428
88 1429
89 1430
89 1431
89 1432
89 1433
89 1434
89 1435
89 1436
89 1437
89 1438
89 1439
89 1440
90 1441
90 1442
90 1443
90 1444
90 1445
90 1446
90 1447
90 1448
90 1449
90 1450
90 1451
91 1452
91 1453
91 1454
91 1455
91 1456
91 1457
91 1458
91 1459
91 1460
91 1461
91 1462
92 1463
92 1464
92 1465
92 1466
92 1467
92 1468
92 1469
92 1470
92 1471
92 1472
92 1473
93 1474
93 1475
93 1476
93 1477
93 1478
93 1479
93 1480
93 1481
93 1482
93 1483
93 1484
94 1485
94 1486
94 1487
94 1488
94 1489
94 1490
94 1491
94 1492
94 1493
94 1494
94 1495
95 1496
95 1497
95 1498
95 1499
95 1500
95 1501
95 1502
95 1503
95 1504
95 1505
95 1506
96 1507
96 1508
96 1509
96 1510
96 1511
96 1512
96 1513
96 1514
96 1515
96 1516
96 1517
97 1518
97 1519
97 1520
97 1521
97 1522
97 1523
97 1524
97 1525
97 1526
97 1527
97 1528
98 1529
98 1530
98 1531
98 1532
98 1533
98 1534
98 1535
98 1536
98 1537
98 1538
98 1539
99 1540
99 1541
99 1542
99 1543
99 1544
99 1545
99 1546
99 1547
99 1548
99 1549
99 1550
100 1551
100 1552
100 1553
100 1554
100 1555
100 1556
100 1557
100 1558
100 1559
100 1560
100 1561
101 1562
101 1563
101 1564
101 1565
101 1566
101 1567
101 1568
101 1569
101 1570
101 1571
101 1572
102 1573
102 1574
102 1575
102 1576
102 1577
102 1578
102 1579
102 1580
102 1581
102 1582
102 1583
103 1584
103 1585
103 1586
103 1587
103 1588
103 1589
103 1590
103 1591
103 1592
103 1593
103 1594
104 1595
104 1596
104 1597
104 1598
104 1599
104 1600
104 1601
104 1602
104 1603
104 1604
104 1605
105 1606
105 1607
105 1608
105 1609
105 1610
105 1611
105 1612
105 1613
105 1614
105 1615
105 1616
106 1617
106 1618
106 1619
106 1620
106 1621
106 1622
106 1623
106 1624
106 1625
106 1626
106 1627
107 1628
107 1629
107 1630
107 1631
107 1632
107 1633
107 1634
107 1635
107 1636
107 1637
107 1638
108 1639
108 1640
108 1641
108 1642
108 1643
108 1644
108 1645
108 1646
108 1647
108 1648
108 1649
109 1650
109 1651
109 1652
109 1653
109 1654
109 1655
109 1656
109 1657
109 1658
109 1659
109 1660
110 1661
110 1662
110 1663
110 1664
110 1665
110 1666
110 1667
110 1668
110 1669
110 1670
110 1671
111 1672
111 1673
111 1674
111 1675
111 1676
111 1677
111 1678
111 1679
111 1680
111 1681
111 1682
112 1683
112 1684
112 1685
112 1686
112 1687
112 1688
112 1689
112 1690
112 1691
112 1692
112 1693
113 1694
113 1695
113 1696
113 1697
113 1698
113 1699
113 1700
113 1701
113 1702
113 1703
113 1704
114 1705
114 1706
114 1707
114 1708
114 1709
114 1710
114 1711
114 1712
114 1713
114 1714
114 1715
115 1716
115 1717
115 1718
115 1719
115 1720
115 1721
115 1722
115 1723
115 1724
115 1725
115 1726
116 1727
116 1728
116 1729
116 1730
116 1731
116 1732
116 1733
116 1734
116 1735
116 1736
116 1737
117 1738
117 1739
117 1740
117 1741
117 1742
117 1743
117 1744
117 1745
117 1746
117 1747
117 1748
118 1749
118 1750
118 1751
118 1752
118 1753
118 1754
118 1755
118 1756
118 1757
118 1758
118 1759
119 1760
119 1761
119 1762
119 1763
119 1764
119 1765
119 1766
119 1767
119 1768
119 1769
119 1770
120 1771
120 1772
120 1773
120 1774
120 1775
120 1776
120 1777
120 1778
120 1779
120 1780
120 1781
121 1782
121 1783
121 1784
121 1785
121 1786
121 1787
121 1788
121 1789
121 1790
121 1791
121 1792
122 1793
122 1794
122 1795
122 1796
122 1797
122 1798
122 1799
122 1800
122 1801
122 1802
122 1803
123 1804
123 1805
123 1806
123 1807
123 1808
123 1809
123 1810
123 1811
123 1812
123 1813
123 1814
124 1815
124 1816
124 1817
124 1818
124 1819
124 1820
124 1821
124 1822
124 1823
124 1824
124 1825
125 1826
125 1827
125 1828
125 1829
125 1830
125 1831
125 1832
125 1833
125 1834
125 1835
125 1836
126 1837
126 1838
126 1839
126 1840
126 1841
126 1842
126 1843
126 1844
126 1845
126 1846
126 1847
127 1848
127 1849
127 1850
127 1851
127 1852
127 1853
127 1854
127 1855
127 1856
127 1857
127 1858
128 1859
128 1860
128 1861
128 1862
128 1863
128 1864
128 1865
128 1866
128 1867
128 1868
128 1869
129 1870
129 1871
129 1872
129 1873
129 1874
129 1875
129 1876
129 1877
129 1878
129 1879
129 1880
130 1881
130 1882
130 1883
130 1884
130 1885
130 1886
130 1887
130 1888
130 1889
130 1890
130 1891
131 1892
131 1893
131 1894
131 1895
131 1896
131 1897
131 1898
131 1899
131 1900
131 1901
131 1902
132 1903
132 1904
132 1905
132 1906
132 1907
132 1908
132 1909
132 1910
132 1911
132 1912
132 1913
133 1914
133 1915
133 1916
133 1917
133 1918
133 1919
133 1920
133 1921
133 1922
133 1923
133 1924
134 1925
134 1926
134 1927
134 1928
134 1929
134 1930
134 1931
134 1932
134 1933
134 1934
134 1935
135 1936
135 1937
135 1938
135 1939
135 1940
135 1941
135 1942
135 1943
135 1944
135 1945
135 1946
136 1947
136 1948
136 1949
136 1950
136 1951
136 1952
136 1953
136 1954
136 1955
136 1956
136 1957
137 1958
137 1959
137 1960
137 1961
137 1962
137 1963
137 1964
137 1965
137 1966
137 1967
137 1968
138 1969
138 1970
138 1971
138 1972
138 1973
138 1974
138 1975
138 1976
138 1977
138 1978
138 1979
139 1980
139 1981
139 1982
139 1983
139 1984
139 1985
139 1986
139 1987
139 1988
139 1989
139 1990
140 1991
140 1992
140 1993
140 1994
140 1995
140 1996
140 1997
140 1998
140 1999
140 2000
140 2001
141 2002
141 2003
141 2004
141 2005
141 2006
141 2007
141 2008
141 2009
141 2010
141 2011
141 2012
142 2013
142 2014
142 2015
142 2016
142 2017
142 2018
142 2019
142 2020
142 2021
142 2022
142 2023
143 2024
143 2025
143 2026
143 2027
143 2028
143 2029
143 2030
143 2031
143 2032
143 2033
143 2034
144 2035
144 2036
144 2037
144 2038
144 2039
144 2040
144 2041
144 2042
144 2043
144 2044
144 2045
145 2046
145 2047
145 2048
145 2049
145 2050
145 2051
145 2052
145 2053
145 2054
145 2055
145 2056
146 2057
146 2058
146 2059
146 2060
146 2061
146 2062
146 2063
146 2064
146 2065
146 2066
146 2067
147 2068
147 2069
147 2070
147 2071
147 2072
147 2073
147 2074
147 2075
147 2076
147 2077
147 2078
148 2079
148 2080
148 2081
148 2082
148 2083
148 2084
148 2085
148 2086
148 2087
148 2088
148 2089
149 2090
149 2091
149 2092
149 2093
149 2094
149 2095
149 2096
149 2097
149 2098
149 2099
149 2100
150 2101
150 2102
150 2103
150 2104
150 2105
150 2106
150 2107
150 2108
150 2109
150 2110
150 2111
151 2112
151 2113
151 2114
151 2115
151 2116
151 2117
151 2118
151 2119
151 2120
151 2121
151 2122
152 2123
152 2124
152 2125
152 2126
152 2127
152 2128
152 2129
152 2130
152 2131
152 2132
152 2133
153 2134
153 2135
153 2136
153 2137
153 2138
153 2139
153 2140
153 2141
153 2142
153 2143
153 2144
154 2145
154 2146
154 2147
154 2148
154 2149
154 2150
154 2151
154 2152
154 2153
154 2154
154 2155
155 2156
155 2157
155 2158
155 2159
155 2160
155 2161
155 2162
155 2163
155 2164
155 2165
155 2166
156 2167
156 2168
156 2169
156 2170
156 2171
156 2172
156 2173
156 2174
156 2175
156 2176
156 2177
157 2178
157 2179
157 2180
157 2181
157 2182
157 2183
157 2184
157 2185
157 2186
157 2187
157 2188
158 2189
158 2190
158 2191
158 2192
158 2193
158 2194
158 2195
158 2196
158 2197
158 2198
158 2199
159 2200
159 2201
159 2202
159 2203
159 2204
159 2205
159 2206
159 2207
159 2208
159 2209
159 2210
160 2211
160 2212
160 2213
160 2214
160 2215
160 2216
160 2217
160 2218
160 2219
160 2220
160 2221
161 2222
161 2223
161 2224
161 2225
161 2226
161 2227
161 2228
161 2229
161 2230
161 2231
161 2232
162 2233
162 2234
162 2235
162 2236
162 2237
162 2238
162 2239
162 2240
162 2241
162 2242
162 2243
163 2244
163 2245
163 2246
163 2247
163 2248
163 2249
163 2250
163 2251
163 2252
163 2253
163 2254
164 2255
164 2256
164 2257
164 2258
164 2259
164 2260
164 2261
164 2262
164 2263
164 2264
164 2265
165 2266
165 2267
165 2268
165 2269
165 2270
165 2271
165 2272
165 2273
165 2274
165 2275
165 2276
166 2277
166 2278
166 2279
166 2280
166 2281
166 2282
166 2283
166 2284
166 2285
166 2286
166 2287
167 2288
167 2289
167 2290
167 2291
167 2292
167 2293
167 2294
167 2295
167 2296
167 2297
167 2298
168 2299
168 2300
168 2301
168 2302
168 2303
168 2304
168 2305
168 2306
168 2307
168 2308
168 2309
169 2310
169 2311
169 2312
169 2313
169 2314
169 2315
169 2316
169 2317
169 2318
169 2319
169 2320
170 2321
170 2322
170 2323
170 2324
170 2325
170 2326
170 2327
170 2328
170 2329
170 2330
170 2331
171 2332
171 2333
171 2334
171 2335
171 2336
171 2337
171 2338
171 2339
171 2340
171 2341
171 2342
172 2343
172 2344
172 2345
172 2346
172 2347
172 2348
172 2349
172 2350
172 2351
172 2352
172 2353
173 2354
173 2355
173 2356
173 2357
173 2358
173 2359
173 2360
173 2361
173 2362
173 2363
173 2364
174 2365
174 2366
174 2367
174 2368
174 2369
174 2370
174 2371
174 2372
174 2373
174 2374
174 2375
175 2376
175 2377
175 2378
175 2379
175 2380
175 2381
175 2382
175 2383
175 2384
175 2385
175 2386
176 2387
176 2388
176 2389
176 2390
176 2391
176 2392
176 2393
176 2394
176 2395
176 2396
176 2397
177 2398
177 2399
177 2400
177 2401
177 2402
177 2403
177 2404
177 2405
177 2406
177 2407
177 2408
178 2409
178 2410
178 2411
178 2412
178 2413
178 2414
178 2415
178 2416
178 2417
178 2418
178 2419
179 2420
179 2421
179 2422
179 2423
179 2424
179 2425
179 2426
179 2427
179 2428
179 2429
179 2430
180 2431
180 2432
180 2433
180 2434
180 2435
180 2436
180 2437
180 2438
180 2439
180 2440
180 2441
181 2442
181 2443
181 2444
181 2445
181 2446
181 2447
181 2448
181 2449
181 2450
181 2451
181 2452
182 2453
182 2454
182 2455
182 2456
182 2457
182 2458
182 2459
182 2460
182 2461
182 2462
182 2463
183 2464
183 2465
183 2466
183 2467
183 2468
183 2469
183 2470
183 2471
183 2472
183 2473
183 2474
184 2475
184 2476
184 2477
184 2478
184 2479
184 2480
184 2481
184 2482
184 2483
184 2484
184 2485
185 2486
185 2487
185 2488
185 2489
185 2490
185 2491
185 2492
185 2493
185 2494
185 2495
185 2496
186 2497
186 2498
186 2499
186 2500
186 2501
186 2502
186 2503
186 2504
186 2505
186 2506
186 2507
187 2508
187 2509
187 2510
187 2511
187 2512
187 2513
187 2514
187 2515
187 2516
187 2517
187 2518
188 2519
188 2520
188 2521
188 2522
188 2523
188 2524
188 2525
188 2526
188 2527
188 2528
188 2529
189 2530
189 2531
189 2532
189 2533
189 2534
189 2535
189 2536
189 2537
189 2538
189 2539
189 2540
190 2541
190 2542
190 2543
190 2544
190 2545
190 2546
190 2547
190 2548
190 2549
190 2550
190 2551
191 2552
191 2553
191 2554
191 2555
191 2556
191 2557
191 2558
191 2559
191 2560
191 2561
191 2562
192 2563
192 2564
192 2565
192 2566
192 2567
192 2568
192 2569
192 2570
192 2571
192 2572
192 2573
193 2574
193 2575
193 2576
193 2577
193 2578
193 2579
193 2580
193 2581
193 2582
193 2583
193 2584
194 2585
194 2586
194 2587
194 2588
194 2589
194 2590
194 2591
194 2592
194 2593
194 2594
194 2595
195 2596
195 2597
195 2598
195 2599
195 2600
195 2601
195 2602
195 2603
195 2604
195 2605
195 2606
196 2607
196 2608
196 2609
196 2610
196 2611
196 2612
196 2613
196 2614
196 2615
196 2616
196 2617
197 2618
197 2619
197 2620
197 2621
197 2622
197 2623
197 2624
197 2625
197 2626
197 2627
197 2628
198 2629
198 2630
198 2631
198 2632
198 2633
198 2634
198 2635
198 2636
198 2637
198 2638
198 2639
199 2640
199 2641
199 2642
199 2643
199 2644
199 2645
199 2646
199 2647
199 2648
199 2649
199 2650
200 2651
200 2652
200 2653
200 2654
200 2655
200 2656
200 2657
200 2658
200 2659
200 2660
200 2661
201 2662
201 2663
201 2664
201 2665
201 2666
201 2667
201 2668
201 2669
201 2670
201 2671
201 2672
202 2673
202 2674
202 2675
202 2676
202 2677
202 2678
202 2679
202 2680
202 2681
202 2682
202 2683
203 2684
203 2685
203 2686
203 2687
203 2688
203 2689
203 2690
203 2691
203 2692
203 2693
203 2694
204 2695
204 2696
204 2697
204 2698
204 2699
204 2700
204 2701
204 2702
204 2703
204 2704
204 2705
205 2706
205 2707
205 2708
205 2709
205 2710
205 2711
205 2712
205 2713
205 2714
205 2715
205 2716
206 2717
206 2718
206 2719
206 2720
206 2721
206 2722
206 2723
206 2724
206 2725
206 2726
206 2727
207 2728
207 2729
207 2730
207 2731
207 2732
207 2733
207 2734
207 2735
207 2736
207 2737
207 2738
208 2739
208 2740
208 2741
208 2742
208 2743
208 2744
208 2745
208 2746
208 2747
208 2748
208 2749
209 2750
209 2751
209 2752
209 2753
209 2754
209 2755
209 2756
209 2757
209 2758
209 2759
209 2760
210 2761
210 2762
210 2763
210 2764
210 2765
210 2766
210 2767
210 2768
210 2769
210 2770
210 2771
211 2772
211 2773
211 2774
211 2775
211 2776
211 2777
211 2778
211 2779
211 2780
211 2781
211 2782
212 2783
212 2784
212 2785
212 2786
212 2787
212 2788
212 2789
212 2790
212 2791
212 2792
212 2793
213 2794
213 2795
213 2796
213 2797
213 2798
213 2799
213 2800
213 2801
213 2802
213 2803
213 2804
214 2805
214 2806
214 2807
214 2808
214 2809
214 2810
214 2811
214 2812
214 2813
214 2814
214 2815
215 2816
215 2817
215 2818
215 2819
215 2820
215 2821
215 2822
215 2823
215 2824
215 2825
215 2826
216 2827
216 2828
216 2829
216 2830
216 2831
216 2832
216 2833
216 2834
216 2835
216 2836
216 2837
217 2838
217 2839
217 2840
217 2841
217 2842
217 2843
217 2844
217 2845
217 2846
217 2847
217 2848
218 2849
218 2850
218 2851
218 2852
218 2853
218 2854
218 2855
218 2856
218 2857
218 2858
218 2859
219 2860
219 2861
219 2862
219 2863
219 2864
219 2865
219 2866
219 2867
219 2868
219 2869
219 2870
220 2871
220 2872
220 2873
220 2874
220 2875
220 2876
220 2877
220 2878
220 2879
220 2880
220 2881
221 2882
221 2883
221 2884
221 2885
221 2886
221 2887
221 2888
221 2889
221 2890
221 2891
221 2892
222 2893
222 2894
222 2895
222 2896
222 2897
222 2898
222 2899
222 2900
222 2901
222 2902
222 2903
223 2904
223 2905
223 2906
223 2907
223 2908
223 2909
223 2910
223 2911
223 2912
223 2913
223 2914
224 2915
224 2916
224 2917
224 2918
224 2919
224 2920
224 2921
224 2922
224 2923
224 2924
224 2925
225 2926
225 2927
225 2928
225 2929
225 2930
225 2931
225 2932
225 2933
225 2934
225 2935
225 2936
226 2937
226 2938
226 2939
226 2940
226 2941
226 2942
226 2943
226 2944
226 2945
226 2946
226 2947
227 2948
227 2949
227 2950
227 2951
227 2952
227 2953
227 2954
227 2955
227 2956
227 2957
227 2958
228 2959
228 2960
228 2961
228 2962
228 2963
228 2964
228 2965
228 2966
228 2967
228 2968
228 2969
229 2970
229 2971
229 2972
229 2973
229 2974
229 2975
229 2976
229 2977
229 2978
229 2979
229 2980
230 2981
230 2982
230 2983
230 2984
230 2985
230 2986
230 2987
230 2988
230 2989
230 2990
230 2991
231 2992
231 2993
231 2994
231 2995
231 2996
231 2997
231 2998
231 2999
231 3000
231 3001
231 3002
232 3003
232 3004
232 3005
232 3006
232 3007
232 3008
232 3009
232 3010
232 3011
232 3012
232 3013
233 3014
233 3015
233 3016
233 3017
233 3018
233 3019
233 3020
233 3021
233 3022
233 3023
233 3024
234 3025
234 3026
234 3027
234 3028
234 3029
234 3030
234 3031
234 3032
234 3033
234 3034
234 3035
235 3036
235 3037
235 3038
235 3039
235 3040
235 3041
235 3042
235 3043
235 3044
235 3045
235 3046
236 3047
236 3048
236 3049
236 3050
236 3051
236 3052
236 3053
236 3054
236 3055
236 3056
236 3057
237 3058
237 3059
237 3060
237 3061
237 3062
237 3063
237 3064
237 3065
237 3066
237 3067
237 3068
238 3069
238 3070
238 3071
238 3072
238 3073
238 3074
238 3075
238 3076
238 3077
238 3078
238 3079
239 3080
239 3081
239 3082
239 3083
239 3084
239 3085
239 3086
239 3087
239 3088
239 3089
239 3090
240 3091
240 3092
240 3093
240 3094
240 3095
240 3096
240 3097
240 3098
240 3099
240 3100
240 3101
241 3102
241 3103
241 3104
241 3105
241 3106
241 3107
241 3108
241 3109
241 3110
241 3111
241 3112
242 3113
242 3114
242 3115
242 3116
242 3117
242 3118
242 3119
242 3120
242 3121
242 3122
242 3123
243 3124
243 3125
243 3126
243 3127
243 3128
243 3129
243 3130
243 3131
243 3132
243 3133
243 3134
244 3135
244 3136
244 3137
244 3138
244 3139
244 3140
244 3141
244 3142
244 3143
244 3144
244 3145
245 3146
245 3147
245 3148
245 3149
245 3150
245 3151
245 3152
245 3153
245 3154
245 3155
245 3156
246 3157
246 3158
246 3159
246 3160
246 3161
246 3162
246 3163
246 3164
246 3165
246 3166
246 3167
247 3168
247 3169
247 3170
247 3171
247 3172
247 3173
247 3174
247 3175
247 3176
247 3177
247 3178
248 3179
248 3180
248 3181
248 3182
248 3183
248 3184
248 3185
248 3186
248 3187
248 3188
248 3189
249 3190
249 3191
249 3192
249 3193
249 3194
249 3195
249 3196
249 3197
249 3198
249 3199
249 3200
250 3201
250 3202
250 3203
250 3204
250 3205
250 3206
250 3207
250 3208
250 3209
250 3210
250 3211
251 3212
251 3213
251 3214
251 3215
251 3216
251 3217
251 3218
251 3219
251 3220
251 3221
251 3222
252 3223
252 3224
252 3225
252 3226
252 3227
252 3228
252 3229
252 3230
252 3231
252 3232
252 3233
253 3234
253 3235
253 3236
253 3237
253 3238
253 3239
253 3240
253 3241
253 3242
253 3243
253 3244
254 3245
254 3246
254 3247
254 3248
254 3249
254 3250
254 3251
254 3252
254 3253
254 3254
254 3255
255 3256
255 3257
255 3258
255 3259
255 3260
255 3261
255 3262
255 3263
255 3264
255 3265
255 3266
256 3267
256 3268
256 3269
256 3270
256 3271
256 3272
256 3273
256 3274
256 3275
256 3276
256 3277
257 3278
257 3279
257 3280
257 3281
257 3282
257 3283
257 3284
257 3285
257 3286
257 3287
257 3288
258 3289
258 3290
258 3291
258 3292
258 3293
258 3294
258 3295
258 3296
258 3297
258 3298
258 3299
259 3300
259 3301
259 3302
259 3303
259 3304
259 3305
259 3306
259 3307
259 3308
259 3309
259 3310
260 3311
260 3312
260 3313
260 3314
260 3315
260 3316
260 3317
260 3318
260 3319
260 3320
260 3321
261 3322
261 3323
261 3324
261 3325
261 3326
261 3327
261 3328
261 3329
261 3330
261 3331
261 3332
262 3333
262 3334
262 3335
262 3336
262 3337
262 3338
262 3339
262 3340
262 3341
262 3342
262 3343
263 3344
263 3345
263 3346
263 3347
263 3348
263 3349
263 3350
263 3351
263 3352
263 3353
263 3354
264 3355
264 3356
264 3357
264 3358
264 3359
264 3360
264 3361
264 3362
264 3363
264 3364
264 3365
265 3366
265 3367
265 3368
265 3369
265 3370
265 3371
265 3372
265 3373
265 3374
265 3375
265 3376
266 3377
266 3378
266 3379
266 3380
266 3381
266 3382
266 3383
266 3384
266 3385
266 3386
266 3387
267 3388
267 3389
267 3390
267 3391
267 3392
267 3393
267 3394
267 3395
267 3396
267 3397
267 3398
268 3399
268 3400
268 3401
268 3402
268 3403
268 3404
268 3405
268 3406
268 3407
268 3408
268 3409
269 3410
269 3411
269 3412
269 3413
269 3414
269 3415
269 3416
269 3417
269 3418
269 3419
269 3420
270 3421
270 3422
270 3423
270 3424
270 3425
270 3426
270 3427
270 3428
270 3429
270 3430
270 3431
271 3432
271 3433
271 3434
271 3435
271 3436
271 3437
271 3438
271 3439
271 3440
271 3441
271 3442
272 3443
272 3444
272 3445
272 3446
272 3447
272 3448
272 3449
272 3450
272 3451
272 3452
272 3453
273 3454
273 3455
273 3456
273 3457
273 3458
273 3459
273 3460
273 3461
273 3462
273 3463
273 3464
274 3465
274 3466
274 3467
274 3468
274 3469
274 3470
274 3471
274 3472
274 3473
274 3474
274 3475
275 3476
275 3477
275 3478
275 3479
275 3480
275 3481
275 3482
275 3483
275 3484
275 3485
275 3486
276 3487
276 3488
276 3489
276 3490
276 3491
276 3492
276 3493
276 3494
276 3495
276 3496
276 3497
277 3498
277 3499
277 3500
277 3501
277 3502
277 3503
277 3504
277 3505
277 3506
277 3507
277 3508
278 3509
278 3510
278 3511
278 3512
278 3513
278 3514
278 3515
278 3516
278 3517
278 3518
278 3519
279 3520
279 3521
279 3522
279 3523
279 3524
279 3525
279 3526
279 3527
279 3528
279 3529
279 3530
280 3531
280 3532
280 3533
280 3534
280 3535
280 3536
280 3537
280 3538
280 3539
280 3540
280 3541
281 3542
281 3543
281 3544
281 3545
281 3546
281 3547
281 3548
281 3549
281 3550
281 3551
281 3552
282 3553
282 3554
282 3555
282 3556
282 3557
282 3558
282 3559
282 3560
282 3561
282 3562
282 3563
283 3564
283 3565
283 3566
283 3567
283 3568
283 3569
283 3570
283 3571
283 3572
283 3573
283 3574
284 3575
284 3576
284 3577
284 3578
284 3579
284 3580
284 3581
284 3582
284 3583
284 3584
284 3585
285 3586
285 3587
285 3588
285 3589
285 3590
285 3591
285 3592
285 3593
285 3594
285 3595
285 3596
286 3597
286 3598
286 3599
286 3600
286 3601
286 3602
286 3603
286 3604
286 3605
286 3606
286 3607
287 3608
287 3609
287 3610
287 3611
287 3612
287 3613
287 3614
287 3615
287 3616
287 3617
287 3618
288 3619
288 3620
288 3621
288 3622
288 3623
288 3624
288 3625
288 3626
288 3627
288 3628
288 3629
289 3630
289 3631
289 3632
289 3633
289 3634
289 3635
289 3636
289 3637
289 3638
289 3639
289 3640
290 3641
290 3642
290 3643
290 3644
290 3645
290 3646
290 3647
290 3648
290 3649
290 3650
290 3651
291 3652
291 3653
291 3654
291 3655
291 3656
291 3657
291 3658
291 3659
291 3660
291 3661
291 3662
292 3663
292 3664
292 3665
292 3666
292 3667
292 3668
292 3669
292 3670
292 3671
292 3672
292 3673
293 3674
293 3675
293 3676
293 3677
293 3678
293 3679
293 3680
293 3681
293 3682
293 3683
293 3684
294 3685
294 3686
294 3687
294 3688
294 3689
294 3690
294 3691
294 3692
294 3693
294 3694
294 3695
295 3696
295 3697
295 3698
295 3699
295 3700
295 3701
295 3702
295 3703
295 3704
295 3705
295 3706
296 3707
296 3708
296 3709
296 3710
296 3711
296 3712
296 3713
296 3714
296 3715
296 3716
296 3717
297 3718
297 3719
297 3720
297 3721
297 3722
297 3723
297 3724
297 3725
297 3726
297 3727
297 3728
298 3729
298 3730
298 3731
298 3732
298 3733
298 3734
298 3735
298 3736
298 3737
298 3738
298 3739
299 3740
299 3741
299 3742
299 3743
299 3744
299 3745
299 3746
299 3747
299 3748
299 3749
299 3750
300 3751
300 3752
300 3753
300 3754
300 3755
300 3756
300 3757
300 3758
300 3759
300 3760
300 3761
301 3762
301 3763
301 3764
301 3765
301 3766
301 3767
301 3768
301 3769
301 3770
301 3771
301 3772
302 3773
302 3774
302 3775
302 3776
302 3777
302 3778
302 3779
302 3780
302 3781
302 3782
302 3783
303 3784
303 3785
303 3786
303 3787
303 3788
303 3789
303 3790
303 3791
303 3792
303 3793
303 3794
304 3795
304 3796
304 3797
304 3798
304 3799
304 3800
304 3801
304 3802
304 3803
304 3804
304 3805
305 3806
305 3807
305 3808
305 3809
305 3810
305 3811
305 3812
305 3813
305 3814
305 3815
305 3816
306 3817
306 3818
306 3819
306 3820
306 3821
306 3822
306 3823
306 3824
306 3825
306 3826
306 3827
307 3828
307 3829
307 3830
307 3831
307 3832
307 3833
307 3834
307 3835
307 3836
307 3837
307 3838
308 3839
308 3840
308 3841
308 3842
308 3843
308 3844
308 3845
308 3846
308 3847
308 3848
308 3849
309 3850
309 3851
309 3852
309 3853
309 3854
309 3855
309 3856
309 3857
309 3858
309 3859
309 3860
310 3861
310 3862
310 3863
310 3864
310 3865
310 3866
310 3867
310 3868
310 3869
310 3870
310 3871
311 3872
311 3873
311 3874
311 3875
311 3876
311 3877
311 3878
311 3879
311 3880
311 3881
311 3882
312 3883
312 3884
312 3885
312 3886
312 3887
312 3888
312 3889
312 3890
312 3891
312 3892
312 3893
313 3894
313 3895
313 3896
313 3897
313 3898
313 3899
313 3900
313 3901
313 3902
313 3903
313 3904
314 3905
314 3906
314 3907
314 3908
314 3909
314 3910
314 3911
314 3912
314 3913
314 3914
314 3915
315 3916
315 3917
315 3918
315 3919
315 3920
315 3921
315 3922
315 3923
315 3924
315 3925
315 3926
316 3927
316 3928
316 3929
316 3930
316 3931
316 3932
316 3933
316 3934
316 3935
316 3936
316 3937
317 3938
317 3939
317 3940
317 3941
317 3942
317 3943
317 3944
317 3945
317 3946
317 3947
317 3948
318 3949
318 3950
318 3951
318 3952
318 3953
318 3954
318 3955
318 3956
318 3957
318 3958
318 3959
319 3960
319 3961
319 3962
319 3963
319 3964
319 3965
319 3966
319 3967
319 3968
319 3969
319 3970
320 3971
320 3972
320 3973
320 3974
320 3975
320 3976
320 3977
320 3978
320 3979
320 3980
320 3981
321 3982
321 3983
321 3984
321 3985
321 3986
321 3987
321 3988
321 3989
321 3990
321 3991
321 3992
322 3993
322 3994
322 3995
322 3996
322 3997
322 3998
322 3999
322 4000
322 4001
322 4002
322 4003
323 4004
323 4005
323 4006
323 4007
323 4008
323 4009
323 4010
323 4011
323 4012
323 4013
323 4014
324 4015
324 4016
324 4017
324 4018
324 4019
324 4020
324 4021
324 4022
324 4023
324 4024
324 4025
325 4026
325 4027
325 4028
325 4029
325 4030
325 4031
325 4032
325 4033
325 4034
325 4035
325 4036
326 4037
326 4038
326 4039
326 4040
326 4041
326 4042
326 4043
326 4044
326 4045
326 4046
326 4047
327 4048
327 4049
327 4050
327 4051
327 4052
327 4053
327 4054
327 4055
327 4056
327 4057
327 4058
328 4059
328 4060
328 4061
328 4062
328 4063
328 4064
328 4065
328 4066
328 4067
328 4068
328 4069
329 4070
329 4071
329 4072
329 4073
329 4074
329 4075
329 4076
329 4077
329 4078
329 4079
329 4080
330 4081
330 4082
330 4083
330 4084
330 4085
330 4086
330 4087
330 4088
330 4089
330 4090
330 4091
331 4092
331 4093
331 4094
331 4095
331 4096
331 4097
331 4098
331 4099
331 4100
331 4101
331 4102
332 4103
332 4104
332 4105
332 4106
332 4107
332 4108
332 4109
332 4110
332 4111
332 4112
332 4113
333 4114
333 4115
333 4116
333 4117
333 4118
333 4119
333 4120
333 4121
333 4122
333 4123
333 4124
334 4125
334 4126
334 4127
334 4128
334 4129
334 4130
334 4131
334 4132
334 4133
334 4134
334 4135
335 4136
335 4137
335 4138
335 4139
335 4140
335 4141
335 4142
335 4143
335 4144
335 4145
335 4146
336 4147
336 4148
336 4149
336 4150
336 4151
336 4152
336 4153
336 4154
336 4155
336 4156
336 4157
337 4158
337 4159
337 4160
337 4161
337 4162
337 4163
337 4164
337 4165
337 4166
337 4167
337 4168
338 4169
338 4170
338 4171
338 4172
338 4173
338 4174
338 4175
338 4176
338 4177
338 4178
338 4179
339 4180
339 4181
339 4182
339 4183
339 4184
339 4185
339 4186
339 4187
339 4188
339 4189
339 4190
340 4191
340 4192
340 4193
340 4194
340 4195
340 4196
340 4197
340 4198
340 4199
340 4200
340 4201
341 4202
341 4203
341 4204
341 4205
341 4206
341 4207
341 4208
341 4209
341 4210
341 4211
341 4212
342 4213
342 4214
342 4215
342 4216
342 4217
342 4218
342 4219
342 4220
342 4221
342 4222
342 4223
343 4224
343 4225
343 4226
343 4227
343 4228
343 4229
343 4230
343 4231
343 4232
343 4233
343 4234
344 4235
344 4236
344 4237
344 4238
344 4239
344 4240
344 4241
344 4242
344 4243
344 4244
344 4245
345 4246
345 4247
345 4248
345 4249
345 4250
345 4251
345 4252
345 4253
345 4254
345 4255
345 4256
346 4257
346 4258
346 4259
346 4260
346 4261
346 4262
346 4263
346 4264
346 4265
346 4266
346 4267
347 4268
347 4269
347 4270
347 4271
347 4272
347 4273
347 4274
347 4275
347 4276
347 4277
347 4278
348 4279
348 4280
348 4281
348 4282
348 4283
348 4284
348 4285
348 4286
348 4287
348 4288
348 4289
349 4290
349 4291
349 4292
349 4293
349 4294
349 4295
349 4296
349 4297
349 4298
349 4299
349 4300
350 4301
350 4302
350 4303
350 4304
350 4305
350 4306
350 4307
350 4308
350 4309
350 4310
350 4311
351 4312
351 4313
351 4314
351 4315
351 4316
351 4317
351 4318
351 4319
351 4320
351 4321
351 4322
352 4323
352 4324
352 4325
352 4326
352 4327
352 4328
352 4329
352 4330
352 4331
352 4332
352 4333
353 4334
353 4335
353 4336
353 4337
353 4338
353 4339
353 4340
353 4341
353 4342
353 4343
353 4344
354 4345
354 4346
354 4347
354 4348
354 4349
354 4350
354 4351
354 4352
354 4353
354 4354
354 4355
355 4356
355 4357
355 4358
355 4359
355 4360
355 4361
355 4362
355 4363
355 4364
355 4365
355 4366
356 4367
356 4368
356 4369
356 4370
356 4371
356 4372
356 4373
356 4374
356 4375
356 4376
356 4377
357 4378
357 4379
357 4380
357 4381
357 4382
357 4383
357 4384
357 4385
357 4386
357 4387
357 4388
358 4389
358 4390
358 4391
358 4392
358 4393
358 4394
358 4395
358 4396
358 4397
358 4398
358 4399
359 4400
359 4401
359 4402
359 4403
359 4404
359 4405
359 4406
359 4407
359 4408
359 4409
359 4410
360 4411
360 4412
360 4413
360 4414
360 4415
360 4416
360 4417
360 4418
360 4419
360 4420
360 4421
361 4422
361 4423
361 4424
361 4425
361 4426
361 4427
361 4428
361 4429
361 4430
361 4431
361 4432
362 4433
362 4434
362 4435
362 4436
362 4437
362 4438
362 4439
362 4440
362 4441
362 4442
362 4443
363 4444
363 4445
363 4446
363 4447
363 4448
363 4449
363 4450
363 4451
363 4452
363 4453
363 4454
364 4455
364 4456
364 4457
364 4458
364 4459
364 4460
364 4461
364 4462
364 4463
364 4464
364 4465
365 4466
365 4467
365 4468
365 4469
365 4470
365 4471
365 4472
365 4473
365 4474
365 4475
365 4476
366 4477
366 4478
366 4479
366 4480
366 4481
366 4482
366 4483
366 4484
366 4485
366 4486
366 4487
367 4488
367 4489
367 4490
367 4491
367 4492
367 4493
367 4494
367 4495
367 4496
367 4497
367 4498
368 4499
368 4500
368 4501
368 4502
368 4503
368 4504
368 4505
368 4506
368 4507
368 4508
368 4509
369 4510
369 4511
369 4512
369 4513
369 4514
369 4515
369 4516
369 4517
369 4518
369 4519
369 4520
370 4521
370 4522
370 4523
370 4524
370 4525
370 4526
370 4527
370 4528
370 4529
370 4530
370 4531
371 4532
371 4533
371 4534
371 4535
371 4536
371 4537
371 4538
371 4539
371 4540
371 4541
371 4542
372 4543
372 4544
372 4545
372 4546
372 4547
372 4548
372 4549
372 4550
372 4551
372 4552
372 4553
373 4554
373 4555
373 4556
373 4557
373 4558
373 4559
373 4560
373 4561
373 4562
373 4563
373 4564
374 4565
374 4566
374 4567
374 4568
374 4569
374 4570
374 4571
374 4572
374 4573
374 4574
374 4575
375 4576
375 4577
375 4578
375 4579
375 4580
375 4581
375 4582
375 4583
375 4584
375 4585
375 4586
376 4587
376 4588
376 4589
376 4590
376 4591
376 4592
376 4593
376 4594
376 4595
376 4596
376 4597
377 4598
377 4599
377 4600
377 4601
377 4602
377 4603
377 4604
377 4605
377 4606
377 4607
377 4608
378 4609
378 4610
378 4611
378 4612
378 4613
378 4614
378 4615
378 4616
378 4617
378 4618
378 4619
379 4620
379 4621
379 4622
379 4623
379 4624
379 4625
379 4626
379 4627
379 4628
379 4629
379 4630
380 4631
380 4632
380 4633
380 4634
380 4635
380 4636
380 4637
380 4638
380 4639
380 4640
380 4641
381 4642
381 4643
381 4644
381 4645
381 4646
381 4647
381 4648
381 4649
381 4650
381 4651
381 4652
382 4653
382 4654
382 4655
382 4656
382 4657
382 4658
382 4659
382 4660
382 4661
382 4662
382 4663
383 4664
383 4665
383 4666
383 4667
383 4668
383 4669
383 4670
383 4671
383 4672
383 4673
383 4674
384 4675
384 4676
384 4677
384 4678
384 4679
384 4680
384 4681
384 4682
384 4683
384 4684
384 4685
385 4686
385 4687
385 4688
385 4689
385 4690
385 4691
385 4692
385 4693
385 4694
385 4695
385 4696
386 4697
386 4698
386 4699
386 4700
386 4701
386 4702
386 4703
386 4704
386 4705
386 4706
386 4707
387 4708
387 4709
387 4710
387 4711
387 4712
387 4713
387 4714
387 4715
387 4716
387 4717
387 4718
388 4719
388 4720
388 4721
388 4722
388 4723
388 4724
388 4725
388 4726
388 4727
388 4728
388 4729
389 4730
389 4731
389 4732
389 4733
389 4734
389 4735
389 4736
389 4737
389 4738
389 4739
389 4740
390 4741
390 4742
390 4743
390 4744
390 4745
390 4746
390 4747
390 4748
390 4749
390 4750
390 4751
391 4752
391 4753
391 4754
391 4755
391 4756
391 4757
391 4758
391 4759
391 4760
391 4761
391 4762
392 4763
392 4764
392 4765
392 4766
392 4767
392 4768
392 4769
392 4770
392 4771
392 4772
392 4773
393 4774
393 4775
393 4776
393 4777
393 4778
393 4779
393 4780
393 4781
393 4782
393 4783
393 4784
394 4785
394 4786
394 4787
394 4788
394 4789
394 4790
394 4791
394 4792
394 4793
394 4794
394 4795
395 4796
395 4797
395 4798
395 4799
395 4800
395 4801
395 4802
395 4803
395 4804
395 4805
395 4806
396 4807
396 4808
396 4809
396 4810
396 4811
396 4812
396 4813
396 4814
396 4815
396 4816
396 4817
397 4818
397 4819
397 4820
397 4821
397 4822
397 4823
397 4824
397 4825
397 4826
397 4827
397 4828
398 4829
398 4830
398 4831
398 4832
398 4833
398 4834
398 4835
398 4836
398 4837
398 4838
398 4839
399 4840
399 4841
399 4842
399 4843
399 4844
399 4845
399 4846
399 4847
399 4848
399 4849
399 4850
400 4851
400 4852
400 4853
400 4854
400 4855
400 4856
400 4857
400 4858
400 4859
400 4860
400 4861
401 4862
401 4863
401 4864
401 4865
401 4866
401 4867
401 4868
401 4869
401 4870
401 4871
401 4872
402 4873
402 4874
402 4875
402 4876
402 4877
402 4878
402 4879
402 4880
402 4881
402 4882
402 4883
403 4884
403 4885
403 4886
403 4887
403 4888
403 4889
403 4890
403 4891
403 4892
403 4893
403 4894
404 4895
404 4896
404 4897
404 4898
404 4899
404 4900
404 4901
404 4902
404 4903
404 4904
404 4905
405 4906
405 4907
405 4908
405 4909
405 4910
405 4911
405 4912
405 4913
405 4914
405 4915
405 4916
406 4917
406 4918
406 4919
406 4920
406 4921
406 4922
406 4923
406 4924
406 4925
406 4926
406 4927
407 4928
407 4929
407 4930
407 4931
407 4932
407 4933
407 4934
407 4935
407 4936
407 4937
407 4938
408 4939
408 4940
408 4941
408 4942
408 4943
408 4944
408 4945
408 4946
408 4947
408 4948
408 4949
409 4950
409 4951
409 4952
409 4953
409 4954
409 4955
409 4956
409 4957
409 4958
409 4959
409 4960
410 4961
410 4962
410 4963
410 4964
410 4965
410 4966
410 4967
410 4968
410 4969
410 4970
410 4971
411 4972
411 4973
411 4974
411 4975
411 4976
411 4977
411 4978
411 4979
411 4980
411 4981
411 4982
412 4983
412 4984
412 4985
412 4986
412 4987
412 4988
412 4989
412 4990
412 4991
412 4992
412 4993
413 4994
413 4995
413 4996
413 4997
413 4998
413 4999
413 5000
413 5001
413 5002
413 5003
413 5004
414 5005
414 5006
414 5007
414 5008
414 5009
414 5010
414 5011
414 5012
414 5013
414 5014
414 5015
415 5016
415 5017
415 5018
415 5019
415 5020
415 5021
415 5022
415 5023
415 5024
415 5025
415 5026
416 5027
416 5028
416 5029
416 5030
416 5031
416 5032
416 5033
416 5034
416 5035
416 5036
416 5037
417 5038
417 5039
417 5040
417 5041
417 5042
417 5043
417 5044
417 5045
417 5046
417 5047
417 5048
418 5049
418 5050
418 5051
418 5052
418 5053
418 5054
418 5055
418 5056
418 5057
418 5058
418 5059
419 5060
419 5061
419 5062
419 5063
419 5064
419 5065
419 5066
419 5067
419 5068
419 5069
419 5070
420 5071
420 5072
420 5073
420 5074
420 5075
420 5076
420 5077
420 5078
420 5079
420 5080
420 5081
421 5082
421 5083
421 5084
421 5085
421 5086
421 5087
421 5088
421 5089
421 5090
421 5091
421 5092
422 5093
422 5094
422 5095
422 5096
422 5097
422 5098
422 5099
422 5100
422 5101
422 5102
422 5103
423 5104
423 5105
423 5106
423 5107
423 5108
423 5109
423 5110
423 5111
423 5112
423 5113
423 5114
424 5115
424 5116
424 5117
424 5118
424 5119
424 5120
424 5121
424 5122
424 5123
424 5124
424 5125
425 5126
425 5127
425 5128
425 5129
425 5130
425 5131
425 5132
425 5133
425 5134
425 5135
425 5136
426 5137
426 5138
426 5139
426 5140
426 5141
426 5142
426 5143
426 5144
426 5145
426 5146
426 5147
427 5148
427 5149
427 5150
427 5151
427 5152
427 5153
427 5154
427 5155
427 5156
427 5157
427 5158
428 5159
428 5160
428 5161
428 5162
428 5163
428 5164
428 5165
428 5166
428 5167
428 5168
428 5169
429 5170
429 5171
429 5172
429 5173
429 5174
429 5175
429 5176
429 5177
429 5178
429 5179
429 5180
430 5181
430 5182
430 5183
430 5184
430 5185
430 5186
430 5187
430 5188
430 5189
430 5190
430 5191
431 5192
431 5193
431 5194
431 5195
431 5196
431 5197
431 5198
431 5199
431 5200
431 5201
431 5202
432 5203
432 5204
432 5205
432 5206
432 5207
432 5208
432 5209
432 5210
432 5211
432 5212
432 5213
433 5214
433 5215
433 5216
433 5217
433 5218
433 5219
433 5220
433 5221
433 5222
433 5223
433 5224
434 5225
434 5226
434 5227
434 5228
434 5229
434 5230
434 5231
434 5232
434 5233
434 5234
434 5235
435 5236
435 5237
435 5238
435 5239
435 5240
435 5241
435 5242
435 5243
435 5244
435 5245
435 5246
436 5247
436 5248
436 5249
436 5250
436 5251
436 5252
436 5253
436 5254
436 5255
436 5256
436 5257
437 5258
437 5259
437 5260
437 5261
437 5262
437 5263
437 5264
437 5265
437 5266
437 5267
437 5268
438 5269
438 5270
438 5271
438 5272
438 5273
438 5274
438 5275
438 5276
438 5277
438 5278
438 5279
439 5280
439 5281
439 5282
439 5283
439 5284
439 5285
439 5286
439 5287
439 5288
439 5289
439 5290
440 5291
440 5292
440 5293
440 5294
440 5295
440 5296
440 5297
440 5298
440 5299
440 5300
440 5301
441 5302
441 5303
441 5304
441 5305
441 5306
441 5307
441 5308
441 5309
441 5310
441 5311
441 5312
442 5313
442 5314
442 5315
442 5316
442 5317
442 5318
442 5319
442 5320
442 5321
442 5322
442 5323
443 5324
443 5325
443 5326
443 5327
443 5328
443 5329
443 5330
443 5331
443 5332
443 5333
443 5334
444 5335
444 5336
444 5337
444 5338
444 5339
444 5340
444 5341
444 5342
444 5343
444 5344
444 5345
445 5346
445 5347
445 5348
445 5349
445 5350
445 5351
445 5352
445 5353
445 5354
445 5355
445 5356
446 5357
446 5358
446 5359
446 5360
446 5361
446 5362
446 5363
446 5364
446 5365
446 5366
446 5367
447 5368
447 5369
447 5370
447 5371
447 5372
447 5373
447 5374
447 5375
447 5376
447 5377
447 5378
448 5379
448 5380
448 5381
448 5382
448 5383
448 5384
448 5385
448 5386
448 5387
448 5388
448 5389
449 5390
449 5391
449 5392
449 5393
449 5394
449 5395
449 5396
449 5397
449 5398
449 5399
449 5400
450 5401
450 5402
450 5403
450 5404
450 5405
450 5406
450 5407
450 5408
450 5409
450 5410
450 5411
