0 176
0 323
0 295
0 10
0 236
0 78
1 83
1 230
1 186
1 349
1 110
1 319
2 323
2 20
2 165
2 243
2 395
2 183
3 162
3 403
3 164
3 298
3 285
3 414
4 210
4 251
4 407
4 359
4 8
4 427
5 448
5 353
5 434
5 20
5 86
5 207
6 305
6 404
6 69
6 171
6 94
6 79
7 402
7 35
7 135
7 24
7 377
7 23
8 240
8 113
8 73
8 172
8 61
9 48
9 80
9 293
9 328
9 296
9 46
10 391
10 88
10 282
10 39
10 253
11 80
11 81
11 51
11 405
11 40
11 31
12 238
12 229
12 246
12 203
12 398
12 277
13 129
13 214
13 186
13 234
13 126
13 239
14 280
14 371
14 440
14 75
14 443
14 61
15 192
15 416
15 178
15 267
15 384
15 127
16 288
16 321
16 195
16 196
16 169
16 378
17 225
17 354
17 436
17 246
17 283
17 413
18 352
18 434
18 134
18 362
18 412
18 290
19 131
19 340
19 284
19 364
19 77
19 158
20 264
20 72
20 317
20 126
21 162
21 67
21 180
21 376
21 169
21 29
22 54
22 439
22 72
22 393
22 143
22 95
23 402
23 148
23 278
23 74
23 218
24 209
24 437
24 297
24 335
24 303
25 208
25 166
25 423
25 441
25 299
25 95
26 181
26 310
26 119
26 122
26 396
26 414
27 225
27 115
27 131
27 86
27 301
27 366
28 96
28 309
28 375
28 266
28 43
28 106
29 368
29 81
29 323
29 369
29 159
30 271
30 275
30 244
30 342
30 427
30 223
31 338
31 211
31 437
31 409
31 430
32 432
32 322
32 372
32 233
32 41
32 346
33 338
33 85
33 311
33 170
33 123
33 183
34 307
34 436
34 374
34 63
34 301
34 79
35 321
35 403
35 216
35 237
35 206
36 48
36 363
36 422
36 279
36 167
36 76
37 449
37 212
37 438
37 284
37 156
37 271
38 66
38 326
38 216
38 345
38 395
38 143
39 128
39 242
39 43
39 204
39 239
40 450
40 274
40 435
40 373
40 242
41 386
41 387
41 213
41 136
41 382
42 295
42 409
42 442
42 363
42 124
42 270
43 448
43 353
43 290
43 138
44 130
44 150
44 121
44 236
44 141
44 365
45 448
45 338
45 187
45 153
45 347
45 92
46 427
46 359
46 168
46 139
46 157
47 402
47 294
47 86
47 151
47 360
47 418
48 177
48 62
48 169
48 174
49 419
49 87
49 346
49 331
49 300
49 365
50 370
50 327
50 136
50 379
50 333
50 415
51 161
51 177
51 152
51 316
51 447
52 305
52 212
52 120
52 116
52 380
52 222
53 144
53 147
53 349
53 74
53 205
53 271
54 433
54 306
54 218
54 187
54 322
55 99
55 262
55 121
55 220
55 157
55 431
56 256
56 360
56 314
56 428
56 77
56 350
57 162
57 166
57 426
57 219
57 178
57 142
58 115
58 197
58 246
58 298
58 330
58 150
59 326
59 341
59 134
59 380
59 413
59 111
60 82
60 99
60 100
60 406
60 397
60 111
61 305
61 325
61 184
61 125
62 97
62 401
62 257
62 217
62 91
63 113
63 307
63 118
63 300
63 367
64 304
64 114
64 71
64 329
64 123
64 268
65 417
65 387
65 422
65 70
65 268
65 125
66 98
66 100
66 279
66 312
66 137
67 356
67 358
67 90
67 202
67 390
68 400
68 132
68 357
68 348
68 252
68 189
69 98
69 387
69 313
69 137
69 284
70 112
70 307
70 166
70 248
70 396
71 117
71 440
71 347
71 221
71 302
72 131
72 105
72 140
72 300
73 96
73 241
73 295
73 250
73 350
74 83
74 197
74 332
74 92
75 384
75 160
75 226
75 217
75 346
76 177
76 402
76 278
76 137
76 335
77 424
77 133
77 140
77 373
78 337
78 291
78 295
78 104
78 153
79 240
79 337
79 216
79 377
80 326
80 135
80 361
80 379
81 112
81 176
81 249
81 186
82 222
82 446
82 153
82 203
82 126
83 384
83 163
83 120
83 223
84 432
84 256
84 179
84 329
84 169
84 185
85 400
85 225
85 401
85 312
85 362
86 258
86 421
86 392
87 371
87 375
87 429
87 446
87 175
88 196
88 101
88 374
88 312
88 187
89 400
89 113
89 341
89 182
89 396
89 334
90 320
90 259
90 251
90 315
90 350
91 114
91 212
91 185
91 409
91 286
92 320
92 324
92 327
92 425
93 161
93 146
93 200
93 431
93 125
93 95
94 308
94 326
94 121
94 379
94 284
95 420
95 411
95 220
96 171
96 343
96 267
96 395
97 146
97 387
97 215
97 425
97 175
98 262
98 215
98 297
98 311
99 146
99 246
99 422
99 140
100 368
100 193
100 212
100 130
101 448
101 238
101 342
101 438
101 286
102 209
102 261
102 446
102 234
102 363
102 382
103 356
103 341
103 122
103 170
103 206
103 159
104 355
104 149
104 430
104 280
104 266
105 162
105 149
105 346
105 267
105 258
106 403
106 249
106 335
106 318
106 143
107 112
107 192
107 180
107 389
107 247
107 395
108 355
108 404
108 392
108 356
108 203
108 253
109 247
109 393
109 283
109 332
109 190
109 207
110 272
110 358
110 296
110 441
110 395
111 258
111 438
111 199
111 360
112 119
112 217
112 188
113 166
113 279
113 220
114 417
114 226
114 245
114 390
115 180
115 231
115 124
115 381
116 318
116 358
116 411
116 172
116 334
117 161
117 298
117 204
117 257
117 125
118 418
118 164
118 133
118 340
118 239
119 432
119 390
119 327
119 171
120 293
120 262
120 388
120 156
121 368
121 404
121 268
122 292
122 326
122 268
122 332
123 426
123 267
123 365
123 288
124 417
124 163
124 357
124 389
125 171
125 158
126 374
126 329
126 445
127 320
127 434
127 435
127 441
127 287
128 178
128 410
128 331
128 199
128 223
129 343
129 217
129 170
129 269
129 142
130 433
130 258
130 262
130 251
131 193
131 322
131 186
132 321
132 265
132 313
132 183
132 398
133 214
133 251
133 413
133 270
134 391
134 295
134 425
134 426
135 292
135 201
135 445
135 334
136 224
136 195
136 343
136 301
137 396
137 412
137 365
138 224
138 165
138 343
138 362
138 141
139 436
139 245
139 414
139 265
139 382
140 401
140 226
140 253
141 196
141 218
141 410
141 399
142 357
142 214
142 408
142 293
143 418
143 293
143 345
144 342
144 374
144 184
144 409
144 205
145 240
145 209
145 259
145 227
145 369
145 218
146 176
146 426
146 159
147 192
147 290
147 260
147 331
147 252
148 238
148 203
148 205
148 270
148 261
149 152
149 423
149 189
149 159
150 244
150 168
150 188
150 410
151 273
151 399
151 394
151 383
151 442
152 416
152 449
152 418
152 314
153 321
153 164
153 426
154 288
154 306
154 382
154 310
154 386
154 318
155 180
155 342
155 247
155 250
155 252
155 158
156 385
156 180
156 342
156 287
157 160
157 243
157 276
157 377
158 221
158 186
158 282
159 312
159 302
160 417
160 276
160 174
160 302
161 182
161 362
161 395
162 298
162 428
163 177
163 244
163 316
163 379
164 311
164 349
164 447
165 416
165 417
165 217
165 316
166 262
166 318
167 192
167 249
167 314
167 331
167 334
168 370
168 419
168 439
168 394
169 182
169 266
170 240
170 390
170 433
171 339
171 268
172 323
172 246
172 280
172 233
173 320
173 225
173 417
173 231
173 269
173 415
174 277
174 412
174 206
174 181
175 386
175 232
175 346
175 430
176 420
176 210
176 302
177 289
177 397
178 208
178 281
178 446
179 275
179 292
179 234
179 266
179 189
180 406
181 225
181 403
181 196
181 219
182 400
182 338
182 270
183 369
183 419
183 189
184 368
184 434
184 289
184 249
185 250
185 316
185 218
185 237
186 282
187 340
187 378
187 410
188 448
188 337
188 201
188 351
189 349
189 447
190 228
190 277
190 358
190 427
190 366
191 273
191 216
191 345
191 204
191 413
191 430
192 369
192 294
193 437
193 342
193 235
193 316
194 368
194 411
194 423
194 251
194 223
194 415
195 243
195 425
195 330
195 237
196 355
196 335
197 338
197 309
197 361
197 402
198 212
198 376
198 265
198 443
198 412
198 271
199 386
199 324
199 296
199 441
200 224
200 353
200 259
200 309
200 230
201 337
201 420
201 202
201 365
202 450
202 435
202 358
202 412
203 401
203 247
204 241
204 372
204 245
205 338
205 427
205 207
206 385
206 422
206 237
207 215
207 232
207 364
208 336
208 294
208 423
208 381
209 387
209 294
209 444
210 435
210 388
210 357
210 383
211 406
211 391
211 232
211 249
211 413
212 423
213 336
213 229
213 425
213 231
213 383
214 420
214 312
214 319
215 310
215 322
215 350
216 312
216 363
217 306
218 283
219 449
219 291
219 374
219 399
220 252
220 270
220 367
221 241
221 260
221 325
221 369
222 355
222 233
222 285
222 286
223 429
223 319
224 328
224 252
224 304
225 263
226 320
226 247
226 398
227 432
227 260
227 326
227 408
227 250
228 230
228 412
228 394
228 364
228 351
229 336
229 388
229 333
229 447
230 339
230 263
230 397
231 353
231 366
231 446
232 367
232 344
232 398
233 256
233 380
233 426
234 276
234 394
234 429
235 340
235 405
235 249
235 269
235 349
236 433
236 421
236 263
236 330
237 313
237 431
238 279
238 298
238 378
239 257
239 306
239 323
240 306
240 317
241 310
241 283
241 300
242 357
242 264
242 348
242 254
243 248
243 347
243 428
244 313
244 444
244 286
245 372
245 357
245 325
246 317
247 391
248 322
248 339
248 390
248 255
250 420
250 291
251 407
252 440
253 373
253 315
253 333
254 400
254 307
254 407
254 330
254 274
255 274
255 307
255 277
255 441
255 411
256 377
256 379
256 415
257 439
257 347
257 285
258 428
258 318
259 289
259 391
259 351
260 378
260 314
260 362
261 304
261 310
261 269
261 286
262 434
263 389
263 269
263 399
264 272
264 433
264 291
264 271
265 406
265 324
265 319
266 324
266 398
267 386
267 377
268 416
269 303
270 420
271 365
272 328
272 450
272 339
272 281
273 385
273 354
273 298
273 299
274 354
274 325
274 299
275 336
275 416
275 289
275 285
276 360
276 427
276 301
277 305
277 411
278 322
278 311
278 284
278 383
279 421
279 408
280 448
280 370
280 402
281 389
281 431
281 413
281 437
282 352
282 372
282 360
283 382
283 351
284 315
285 339
285 348
286 345
287 324
287 405
287 348
287 430
288 304
288 449
288 408
289 327
289 392
290 410
290 331
290 446
291 355
291 442
292 328
292 355
292 366
293 384
293 371
294 393
294 364
295 329
296 387
296 405
296 440
297 424
297 313
297 363
297 317
299 450
299 309
299 366
300 336
300 303
301 394
301 351
302 422
302 344
303 320
303 440
303 330
304 352
304 359
305 308
305 332
306 438
307 315
308 416
308 385
308 368
308 431
309 343
309 381
310 407
311 404
311 380
313 319
314 325
314 381
315 372
315 382
316 439
317 347
317 349
318 450
319 423
321 421
321 408
323 344
324 399
325 421
327 419
327 410
328 432
328 403
329 352
329 443
330 362
331 400
332 392
332 397
333 424
333 409
333 389
334 356
334 383
335 389
335 424
336 392
337 344
337 397
339 441
340 341
340 415
341 343
341 393
344 346
344 397
345 354
345 356
347 429
348 445
348 386
350 371
350 394
351 399
352 407
352 381
353 435
353 437
354 450
354 393
356 388
358 449
359 370
359 361
359 380
360 429
361 422
361 439
361 445
363 391
364 370
364 443
366 411
367 419
367 405
367 414
369 384
370 419
371 393
371 444
372 396
373 418
373 375
373 376
374 396
375 445
375 398
375 415
376 432
376 443
376 406
377 384
378 385
378 439
379 428
380 424
381 442
383 436
385 433
388 437
388 418
390 404
392 405
401 414
401 429
403 442
404 444
406 449
407 438
408 444
409 414
421 443
424 434
425 436
428 442
430 438
431 444
435 447
436 440
445 447
0 451
0 452
0 453
0 454
0 455
0 456
0 457
0 458
0 459
0 460
0 461
0 462
0 463
1 464
1 465
1 466
1 467
1 468
1 469
1 470
1 471
1 472
1 473
1 474
1 475
1 476
2 477
2 478
2 479
2 480
2 481
2 482
2 483
2 484
2 485
2 486
2 487
2 488
2 489
3 490
3 491
3 492
3 493
3 494
3 495
3 496
3 497
3 498
3 499
3 500
3 501
3 502
4 503
4 504
4 505
4 506
4 507
4 508
4 509
4 510
4 511
4 512
4 513
4 514
4 515
5 516
5 517
5 518
5 519
5 520
5 521
5 522
5 523
5 524
5 525
5 526
5 527
5 528
6 529
6 530
6 531
6 532
6 533
6 534
6 535
6 536
6 537
6 538
6 539
6 540
6 541
7 542
7 543
7 544
7 545
7 546
7 547
7 548
7 549
7 550
7 551
7 552
7 553
7 554
8 555
8 556
8 557
8 558
8 559
8 560
8 561
8 562
8 563
8 564
8 565
8 566
8 567
9 568
9 569
9 570
9 571
9 572
9 573
9 574
9 575
9 576
9 577
9 578
9 579
9 580
10 581
10 582
10 583
10 584
10 585
10 586
10 587
10 588
10 589
10 590
10 591
10 592
10 593
11 594
11 595
11 596
11 597
11 598
11 599
11 600
11 601
11 602
11 603
11 604
11 605
11 606
12 607
12 608
12 609
12 610
12 611
12 612
12 613
12 614
12 615
12 616
12 617
12 618
12 619
13 620
13 621
13 622
13 623
13 624
13 625
13 626
13 627
13 628
13 629
13 630
13 631
13 632
14 633
14 634
14 635
14 636
14 637
14 638
14 639
14 640
14 641
14 642
14 643
14 644
14 645
15 646
15 647
15 648
15 649
15 650
15 651
15 652
15 653
15 654
15 655
15 656
15 657
15 658
16 659
16 660
16 661
16 662
16 663
16 664
16 665
16 666
16 667
16 668
16 669
16 670
16 671
17 672
17 673
17 674
17 675
17 676
17 677
17 678
17 679
17 680
17 681
17 682
17 683
17 684
18 685
18 686
18 687
18 688
18 689
18 690
18 691
18 692
18 693
18 694
18 695
18 696
18 697
19 698
19 699
19 700
19 701
19 702
19 703
19 704
19 705
19 706
19 707
19 708
19 709
19 710
20 711
20 712
20 713
20 714
20 715
20 716
20 717
20 718
20 719
20 720
20 721
20 722
20 723
21 724
21 725
21 726
21 727
21 728
21 729
21 730
21 731
21 732
21 733
21 734
21 735
21 736
22 737
22 738
22 739
22 740
22 741
22 742
22 743
22 744
22 745
22 746
22 747
22 748
22 749
23 750
23 751
23 752
23 753
23 754
23 755
23 756
23 757
23 758
23 759
23 760
23 761
23 762
24 763
24 764
24 765
24 766
24 767
24 768
24 769
24 770
24 771
24 772
24 773
24 774
24 775
25 776
25 777
25 778
25 779
25 780
25 781
25 782
25 783
25 784
25 785
25 786
25 787
25 788
26 789
26 790
26 791
26 792
26 793
26 794
26 795
26 796
26 797
26 798
26 799
26 800
26 801
27 802
27 803
27 804
27 805
27 806
27 807
27 808
27 809
27 810
27 811
27 812
27 813
27 814
28 815
28 816
28 817
28 818
28 819
28 820
28 821
28 822
28 823
28 824
28 825
28 826
28 827
29 828
29 829
29 830
29 831
29 832
29 833
29 834
29 835
29 836
29 837
29 838
29 839
29 840
30 841
30 842
30 843
30 844
30 845
30 846
30 847
30 848
30 849
30 850
30 851
30 852
30 853
31 854
31 855
31 856
31 857
31 858
31 859
31 860
31 861
31 862
31 863
31 864
31 865
31 866
32 867
32 868
32 869
32 870
32 871
32 872
32 873
32 874
32 875
32 876
32 877
32 878
32 879
33 880
33 881
33 882
33 883
33 884
33 885
33 886
33 887
33 888
33 889
33 890
33 891
33 892
34 893
34 894
34 895
34 896
34 897
34 898
34 899
34 900
34 901
34 902
34 903
34 904
34 905
35 906
35 907
35 908
35 909
35 910
35 911
35 912
35 913
35 914
35 915
35 916
35 917
35 918
36 919
36 920
36 921
36 922
36 923
36 924
36 925
36 926
36 927
36 928
36 929
36 930
36 931
37 932
37 933
37 934
37 935
37 936
37 937
37 938
37 939
37 940
37 941
37 942
37 943
37 944
38 945
38 946
38 947
38 948
38 949
38 950
38 951
38 952
38 953
38 954
38 955
38 956
38 957
39 958
39 959
39 960
39 961
39 962
39 963
39 964
39 965
39 966
39 967
39 968
39 969
39 970
40 971
40 972
40 973
40 974
40 975
40 976
40 977
40 978
40 979
40 980
40 981
40 982
40 983
41 984
41 985
41 986
41 987
41 988
41 989
41 990
41 991
41 992
41 993
41 994
41 995
41 996
42 997
42 998
42 999
42 1000
42 1001
42 1002
42 1003
42 1004
42 1005
42 1006
42 1007
42 1008
42 1009
43 1010
43 1011
43 1012
43 1013
43 1014
43 1015
43 1016
43 1017
43 1018
43 1019
43 1020
43 1021
43 1022
44 1023
44 1024
44 1025
44 1026
44 1027
44 1028
44 1029
44 1030
44 1031
44 1032
44 1033
44 1034
44 1035
45 1036
45 1037
45 1038
45 1039
45 1040
45 1041
45 1042
45 1043
45 1044
45 1045
45 1046
45 1047
45 1048
46 1049
46 1050
46 1051
46 1052
46 1053
46 1054
46 1055
46 1056
46 1057
46 1058
46 1059
46 1060
46 1061
47 1062
47 1063
47 1064
47 1065
47 1066
47 1067
47 1068
47 1069
47 1070
47 1071
47 1072
47 1073
47 1074
48 1075
48 1076
48 1077
48 1078
48 1079
48 1080
48 1081
48 1082
48 1083
48 1084
48 1085
48 1086
48 1087
49 1088
49 1089
49 1090
49 1091
49 1092
49 1093
49 1094
49 1095
49 1096
49 1097
49 1098
49 1099
49 1100
50 1101
50 1102
50 1103
50 1104
50 1105
50 1106
50 1107
50 1108
50 1109
50 1110
50 1111
50 1112
50 1113
51 1114
51 1115
51 1116
51 1117
51 1118
51 1119
51 1120
51 1121
51 1122
51 1123
51 1124
51 1125
51 1126
52 1127
52 1128
52 1129
52 1130
52 1131
52 1132
52 1133
52 1134
52 1135
52 1136
52 1137
52 1138
52 1139
53 1140
53 1141
53 1142
53 1143
53 1144
53 1145
53 1146
53 1147
53 1148
53 1149
53 1150
53 1151
53 1152
54 1153
54 1154
54 1155
54 1156
54 1157
54 1158
54 1159
54 1160
54 1161
54 1162
54 1163
54 1164
54 1165
55 1166
55 1167
55 1168
55 1169
55 1170
55 1171
55 1172
55 1173
55 1174
55 1175
55 1176
55 1177
55 1178
56 1179
56 1180
56 1181
56 1182
56 1183
56 1184
56 1185
56 1186
56 1187
56 1188
56 1189
56 1190
56 1191
57 1192
57 1193
57 1194
57 1195
57 1196
57 1197
57 1198
57 1199
57 1200
57 1201
57 1202
57 1203
57 1204
58 1205
58 1206
58 1207
58 1208
58 1209
58 1210
58 1211
58 1212
58 1213
58 1214
58 1215
58 1216
58 1217
59 1218
59 1219
59 1220
59 1221
59 1222
59 1223
59 1224
59 1225
59 1226
59 1227
59 1228
59 1229
59 1230
60 1231
60 1232
60 1233
60 1234
60 1235
60 1236
60 1237
60 1238
60 1239
60 1240
60 1241
60 1242
60 1243
61 1244
61 1245
61 1246
61 1247
61 1248
61 1249
61 1250
61 1251
61 1252
61 1253
61 1254
61 1255
61 1256
62 1257
62 1258
62 1259
62 1260
62 1261
62 1262
62 1263
62 1264
62 1265
62 1266
62 1267
62 1268
62 1269
63 1270
63 1271
63 1272
63 1273
63 1274
63 1275
63 1276
63 1277
63 1278
63 1279
63 1280
63 1281
63 1282
64 1283
64 1284
64 1285
64 1286
64 1287
64 1288
64 1289
64 1290
64 1291
64 1292
64 1293
64 1294
64 1295
65 1296
65 1297
65 1298
65 1299
65 1300
65 1301
65 1302
65 1303
65 1304
65 1305
65 1306
65 1307
65 1308
66 1309
66 1310
66 1311
66 1312
66 1313
66 1314
66 1315
66 1316
66 1317
66 1318
66 1319
66 1320
66 1321
67 1322
67 1323
67 1324
67 1325
67 1326
67 1327
67 1328
67 1329
67 1330
67 1331
67 1332
67 1333
67 1334
68 1335
68 1336
68 1337
68 1338
68 1339
68 1340
68 1341
68 1342
68 1343
68 1344
68 1345
68 1346
68 1347
69 1348
69 1349
69 1350
69 1351
69 1352
69 1353
69 1354
69 1355
69 1356
69 1357
69 1358
69 1359
69 1360
70 1361
70 1362
70 1363
70 1364
70 1365
70 1366
70 1367
70 1368
70 1369
70 1370
70 1371
70 1372
70 1373
71 1374
71 1375
71 1376
71 1377
71 1378
71 1379
71 1380
71 1381
71 1382
71 1383
71 1384
71 1385
71 1386
72 1387
72 1388
72 1389
72 1390
72 1391
72 1392
72 1393
72 1394
72 1395
72 1396
72 1397
72 1398
72 1399
73 1400
73 1401
73 1402
73 1403
73 1404
73 1405
73 1406
73 1407
73 1408
73 1409
73 1410
73 1411
73 1412
74 1413
74 1414
74 1415
74 1416
74 1417
74 1418
74 1419
74 1420
74 1421
74 1422
74 1423
74 1424
74 1425
75 1426
75 1427
75 1428
75 1429
75 1430
75 1431
75 1432
75 1433
75 1434
75 1435
75 1436
75 1437
75 1438
76 1439
76 1440
76 1441
76 1442
76 1443
76 1444
76 1445
76 1446
76 1447
76 1448
76 1449
76 1450
76 1451
77 1452
77 1453
77 1454
77 1455
77 1456
77 1457
77 1458
77 1459
77 1460
77 1461
77 1462
77 1463
77 1464
78 1465
78 1466
78 1467
78 1468
78 1469
78 1470
78 1471
78 1472
78 1473
78 1474
78 1475
78 1476
78 1477
79 1478
79 1479
79 1480
79 1481
79 1482
79 1483
79 1484
79 1485
79 1486
79 1487
79 1488
79 1489
79 1490
80 1491
80 1492
80 1493
80 1494
80 1495
80 1496
80 1497
80 1498
80 1499
80 1500
80 1501
80 1502
80 1503
81 1504
81 1505
81 1506
81 1507
81 1508
81 1509
81 1510
81 1511
81 1512
81 1513
81 1514
81 1515
81 1516
82 1517
82 1518
82 1519
82 1520
82 1521
82 1522
82 1523
82 1524
82 1525
82 1526
82 1527
82 1528
82 1529
83 1530
83 1531
83 1532
83 1533
83 1534
83 1535
83 1536
83 1537
83 1538
83 1539
83 1540
83 1541
83 1542
84 1543
84 1544
84 1545
84 1546
84 1547
84 1548
84 1549
84 1550
84 1551
84 1552
84 1553
84 1554
84 1555
85 1556
85 1557
85 1558
85 1559
85 1560
85 1561
85 1562
85 1563
85 1564
85 1565
85 1566
85 1567
85 1568
86 1569
86 1570
86 1571
86 1572
86 1573
86 1574
86 1575
86 1576
86 1577
86 1578
86 1579
86 1580
86 1581
87 1582
87 1583
87 1584
87 1585
87 1586
87 1587
87 1588
87 1589
87 1590
87 1591
87 1592
87 1593
87 1594
88 1595
88 1596
88 1597
88 1598
88 1599
88 1600
88 1601
88 1602
88 1603
88 1604
88 1605
88 1606
88 1607
89 1608
89 1609
89 1610
89 1611
89 1612
89 1613
89 1614
89 1615
89 1616
89 1617
89 1618
89 1619
89 1620
90 1621
90 1622
90 1623
90 1624
90 1625
90 1626
90 1627
90 1628
90 1629
90 1630
90 1631
90 1632
90 1633
91 1634
91 1635
91 1636
91 1637
91 1638
91 1639
91 1640
91 1641
91 1642
91 1643
91 1644
91 1645
91 1646
92 1647
92 1648
92 1649
92 1650
92 1651
92 1652
92 1653
92 1654
92 1655
92 1656
92 1657
92 1658
92 1659
93 1660
93 1661
93 1662
93 1663
93 1664
93 1665
93 1666
93 1667
93 1668
93 1669
93 1670
93 1671
93 1672
94 1673
94 1674
94 1675
94 1676
94 1677
94 1678
94 1679
94 1680
94 1681
94 1682
94 1683
94 1684
94 1685
95 1686
95 1687
95 1688
95 1689
95 1690
95 1691
95 1692
95 1693
95 1694
95 1695
95 1696
95 1697
95 1698
96 1699
96 1700
96 1701
96 1702
96 1703
96 1704
96 1705
96 1706
96 1707
96 1708
96 1709
96 1710
96 1711
97 1712
97 1713
97 1714
97 1715
97 1716
97 1717
97 1718
97 1719
97 1720
97 1721
97 1722
97 1723
97 1724
98 1725
98 1726
98 1727
98 1728
98 1729
98 1730
98 1731
98 1732
98 1733
98 1734
98 1735
98 1736
98 1737
99 1738
99 1739
99 1740
99 1741
99 1742
99 1743
99 1744
99 1745
99 1746
99 1747
99 1748
99 1749
99 1750
100 1751
100 1752
100 1753
100 1754
100 1755
100 1756
100 1757
100 1758
100 1759
100 1760
100 1761
100 1762
100 1763
101 1764
101 1765
101 1766
101 1767
101 1768
101 1769
101 1770
101 1771
101 1772
101 1773
101 1774
101 1775
101 1776
102 1777
102 1778
102 1779
102 1780
102 1781
102 1782
102 1783
102 1784
102 1785
102 1786
102 1787
102 1788
102 1789
103 1790
103 1791
103 1792
103 1793
103 1794
103 1795
103 1796
103 1797
103 1798
103 1799
103 1800
103 1801
103 1802
104 1803
104 1804
104 1805
104 1806
104 1807
104 1808
104 1809
104 1810
104 1811
104 1812
104 1813
104 1814
104 1815
105 1816
105 1817
105 1818
105 1819
105 1820
105 1821
105 1822
105 1823
105 1824
105 1825
105 1826
105 1827
105 1828
106 1829
106 1830
106 1831
106 1832
106 1833
106 1834
106 1835
106 1836
106 1837
106 1838
106 1839
106 1840
106 1841
107 1842
107 1843
107 1844
107 1845
107 1846
107 1847
107 1848
107 1849
107 1850
107 1851
107 1852
107 1853
107 1854
108 1855
108 1856
108 1857
108 1858
108 1859
108 1860
108 1861
108 1862
108 1863
108 1864
108 1865
108 1866
108 1867
109 1868
109 1869
109 1870
109 1871
109 1872
109 1873
109 1874
109 1875
109 1876
109 1877
109 1878
109 1879
109 1880
110 1881
110 1882
110 1883
110 1884
110 1885
110 1886
110 1887
110 1888
110 1889
110 1890
110 1891
110 1892
110 1893
111 1894
111 1895
111 1896
111 1897
111 1898
111 1899
111 1900
111 1901
111 1902
111 1903
111 1904
111 1905
111 1906
112 1907
112 1908
112 1909
112 1910
112 1911
112 1912
112 1913
112 1914
112 1915
112 1916
112 1917
112 1918
112 1919
113 1920
113 1921
113 1922
113 1923
113 1924
113 1925
113 1926
113 1927
113 1928
113 1929
113 1930
113 1931
113 1932
114 1933
114 1934
114 1935
114 1936
114 1937
114 1938
114 1939
114 1940
114 1941
114 1942
114 1943
114 1944
114 1945
115 1946
115 1947
115 1948
115 1949
115 1950
115 1951
115 1952
115 1953
115 1954
115 1955
115 1956
115 1957
115 1958
116 1959
116 1960
116 1961
116 1962
116 1963
116 1964
116 1965
116 1966
116 1967
116 1968
116 1969
116 1970
116 1971
117 1972
117 1973
117 1974
117 1975
117 1976
117 1977
117 1978
117 1979
117 1980
117 1981
117 1982
117 1983
117 1984
118 1985
118 1986
118 1987
118 1988
118 1989
118 1990
118 1991
118 1992
118 1993
118 1994
118 1995
118 1996
118 1997
119 1998
119 1999
119 2000
119 2001
119 2002
119 2003
119 2004
119 2005
119 2006
119 2007
119 2008
119 2009
119 2010
120 2011
120 2012
120 2013
120 2014
120 2015
120 2016
120 2017
120 2018
120 2019
120 2020
120 2021
120 2022
120 2023
121 2024
121 2025
121 2026
121 2027
121 2028
121 2029
121 2030
121 2031
121 2032
121 2033
121 2034
121 2035
121 2036
122 2037
122 2038
122 2039
122 2040
122 2041
122 2042
122 2043
122 2044
122 2045
122 2046
122 2047
122 2048
122 2049
123 2050
123 2051
123 2052
123 2053
123 2054
123 2055
123 2056
123 2057
123 2058
123 2059
123 2060
123 2061
123 2062
124 2063
124 2064
124 2065
124 2066
124 2067
124 2068
124 2069
124 2070
124 2071
124 2072
124 2073
124 2074
124 2075
125 2076
125 2077
125 2078
125 2079
125 2080
125 2081
125 2082
125 2083
125 2084
125 2085
125 2086
125 2087
125 2088
126 2089
126 2090
126 2091
126 2092
126 2093
126 2094
126 2095
126 2096
126 2097
126 2098
126 2099
126 2100
126 2101
127 2102
127 2103
127 2104
127 2105
127 2106
127 2107
127 2108
127 2109
127 2110
127 2111
127 2112
127 2113
127 2114
128 2115
128 2116
128 2117
128 2118
128 2119
128 2120
128 2121
128 2122
128 2123
128 2124
128 2125
128 2126
128 2127
129 2128
129 2129
129 2130
129 2131
129 2132
129 2133
129 2134
129 2135
129 2136
129 2137
129 2138
129 2139
129 2140
130 2141
130 2142
130 2143
130 2144
130 2145
130 2146
130 2147
130 2148
130 2149
130 2150
130 2151
130 2152
130 2153
131 2154
131 2155
131 2156
131 2157
131 2158
131 2159
131 2160
131 2161
131 2162
131 2163
131 2164
131 2165
131 2166
132 2167
132 2168
132 2169
132 2170
132 2171
132 2172
132 2173
132 2174
132 2175
132 2176
132 2177
132 2178
132 2179
133 2180
133 2181
133 2182
133 2183
133 2184
133 2185
133 2186
133 2187
133 2188
133 2189
133 2190
133 2191
133 2192
134 2193
134 2194
134 2195
134 2196
134 2197
134 2198
134 2199
134 2200
134 2201
134 2202
134 2203
134 2204
134 2205
135 2206
135 2207
135 2208
135 2209
135 2210
135 2211
135 2212
135 2213
135 2214
135 2215
135 2216
135 2217
135 2218
136 2219
136 2220
136 2221
136 2222
136 2223
136 2224
136 2225
136 2226
136 2227
136 2228
136 2229
136 2230
136 2231
137 2232
137 2233
137 2234
137 2235
137 2236
137 2237
137 2238
137 2239
137 2240
137 2241
137 2242
137 2243
137 2244
138 2245
138 2246
138 2247
138 2248
138 2249
138 2250
138 2251
138 2252
138 2253
138 2254
138 2255
138 2256
138 2257
139 2258
139 2259
139 2260
139 2261
139 2262
139 2263
139 2264
139 2265
139 2266
139 2267
139 2268
139 2269
139 2270
140 2271
140 2272
140 2273
140 2274
140 2275
140 2276
140 2277
140 2278
140 2279
140 2280
140 2281
140 2282
140 2283
141 2284
141 2285
141 2286
141 2287
141 2288
141 2289
141 2290
141 2291
141 2292
141 2293
141 2294
141 2295
141 2296
142 2297
142 2298
142 2299
142 2300
142 2301
142 2302
142 2303
142 2304
142 2305
142 2306
142 2307
142 2308
142 2309
143 2310
143 2311
143 2312
143 2313
143 2314
143 2315
143 2316
143 2317
143 2318
143 2319
143 2320
143 2321
143 2322
144 2323
144 2324
144 2325
144 2326
144 2327
144 2328
144 2329
144 2330
144 2331
144 2332
144 2333
144 2334
144 2335
145 2336
145 2337
145 2338
145 2339
145 2340
145 2341
145 2342
145 2343
145 2344
145 2345
145 2346
145 2347
145 2348
146 2349
146 2350
146 2351
146 2352
146 2353
146 2354
146 2355
146 2356
146 2357
146 2358
146 2359
146 2360
146 2361
147 2362
147 2363
147 2364
147 2365
147 2366
147 2367
147 2368
147 2369
147 2370
147 2371
147 2372
147 2373
147 2374
148 2375
148 2376
148 2377
148 2378
148 2379
148 2380
148 2381
148 2382
148 2383
148 2384
148 2385
148 2386
148 2387
149 2388
149 2389
149 2390
149 2391
149 2392
149 2393
149 2394
149 2395
149 2396
149 2397
149 2398
149 2399
149 2400
150 2401
150 2402
150 2403
150 2404
150 2405
150 2406
150 2407
150 2408
150 2409
150 2410
150 2411
150 2412
150 2413
151 2414
151 2415
151 2416
151 2417
151 2418
151 2419
151 2420
151 2421
151 2422
151 2423
151 2424
151 2425
151 2426
152 2427
152 2428
152 2429
152 2430
152 2431
152 2432
152 2433
152 2434
152 2435
152 2436
152 2437
152 2438
152 2439
153 2440
153 2441
153 2442
153 2443
153 2444
153 2445
153 2446
153 2447
153 2448
153 2449
153 2450
153 2451
153 2452
154 2453
154 2454
154 2455
154 2456
154 2457
154 2458
154 2459
154 2460
154 2461
154 2462
154 2463
154 2464
154 2465
155 2466
155 2467
155 2468
155 2469
155 2470
155 2471
155 2472
155 2473
155 2474
155 2475
155 2476
155 2477
155 2478
156 2479
156 2480
156 2481
156 2482
156 2483
156 2484
156 2485
156 2486
156 2487
156 2488
156 2489
156 2490
156 2491
157 2492
157 2493
157 2494
157 2495
157 2496
157 2497
157 2498
157 2499
157 2500
157 2501
157 2502
157 2503
157 2504
158 2505
158 2506
158 2507
158 2508
158 2509
158 2510
158 2511
158 2512
158 2513
158 2514
158 2515
158 2516
158 2517
159 2518
159 2519
159 2520
159 2521
159 2522
159 2523
159 2524
159 2525
159 2526
159 2527
159 2528
159 2529
159 2530
160 2531
160 2532
160 2533
160 2534
160 2535
160 2536
160 2537
160 2538
160 2539
160 2540
160 2541
160 2542
160 2543
161 2544
161 2545
161 2546
161 2547
161 2548
161 2549
161 2550
161 2551
161 2552
161 2553
161 2554
161 2555
161 2556
162 2557
162 2558
162 2559
162 2560
162 2561
162 2562
162 2563
162 2564
162 2565
162 2566
162 2567
162 2568
162 2569
163 2570
163 2571
163 2572
163 2573
163 2574
163 2575
163 2576
163 2577
163 2578
163 2579
163 2580
163 2581
163 2582
164 2583
164 2584
164 2585
164 2586
164 2587
164 2588
164 2589
164 2590
164 2591
164 2592
164 2593
164 2594
164 2595
165 2596
165 2597
165 2598
165 2599
165 2600
165 2601
165 2602
165 2603
165 2604
165 2605
165 2606
165 2607
165 2608
166 2609
166 2610
166 2611
166 2612
166 2613
166 2614
166 2615
166 2616
166 2617
166 2618
166 2619
166 2620
166 2621
167 2622
167 2623
167 2624
167 2625
167 2626
167 2627
167 2628
167 2629
167 2630
167 2631
167 2632
167 2633
167 2634
168 2635
168 2636
168 2637
168 2638
168 2639
168 2640
168 2641
168 2642
168 2643
168 2644
168 2645
168 2646
168 2647
169 2648
169 2649
169 2650
169 2651
169 2652
169 2653
169 2654
169 2655
169 2656
169 2657
169 2658
169 2659
169 2660
170 2661
170 2662
170 2663
170 2664
170 2665
170 2666
170 2667
170 2668
170 2669
170 2670
170 2671
170 2672
170 2673
171 2674
171 2675
171 2676
171 2677
171 2678
171 2679
171 2680
171 2681
171 2682
171 2683
171 2684
171 2685
171 2686
172 2687
172 2688
172 2689
172 2690
172 2691
172 2692
172 2693
172 2694
172 2695
172 2696
172 2697
172 2698
172 2699
173 2700
173 2701
173 2702
173 2703
173 2704
173 2705
173 2706
173 2707
173 2708
173 2709
173 2710
173 2711
173 2712
174 2713
174 2714
174 2715
174 2716
174 2717
174 2718
174 2719
174 2720
174 2721
174 2722
174 2723
174 2724
174 2725
175 2726
175 2727
175 2728
175 2729
175 2730
175 2731
175 2732
175 2733
175 2734
175 2735
175 2736
175 2737
175 2738
176 2739
176 2740
176 2741
176 2742
176 2743
176 2744
176 2745
176 2746
176 2747
176 2748
176 2749
176 2750
176 2751
177 2752
177 2753
177 2754
177 2755
177 2756
177 2757
177 2758
177 2759
177 2760
177 2761
177 2762
177 2763
177 2764
178 2765
178 2766
178 2767
178 2768
178 2769
178 2770
178 2771
178 2772
178 2773
178 2774
178 2775
178 2776
178 2777
179 2778
179 2779
179 2780
179 2781
179 2782
179 2783
179 2784
179 2785
179 2786
179 2787
179 2788
179 2789
179 2790
180 2791
180 2792
180 2793
180 2794
180 2795
180 2796
180 2797
180 2798
180 2799
180 2800
180 2801
180 2802
180 2803
181 2804
181 2805
181 2806
181 2807
181 2808
181 2809
181 2810
181 2811
181 2812
181 2813
181 2814
181 2815
181 2816
182 2817
182 2818
182 2819
182 2820
182 2821
182 2822
182 2823
182 2824
182 2825
182 2826
182 2827
182 2828
182 2829
183 2830
183 2831
183 2832
183 2833
183 2834
183 2835
183 2836
183 2837
183 2838
183 2839
183 2840
183 2841
183 2842
184 2843
184 2844
184 2845
184 2846
184 2847
184 2848
184 2849
184 2850
184 2851
184 2852
184 2853
184 2854
184 2855
185 2856
185 2857
185 2858
185 2859
185 2860
185 2861
185 2862
185 2863
185 2864
185 2865
185 2866
185 2867
185 2868
186 2869
186 2870
186 2871
186 2872
186 2873
186 2874
186 2875
186 2876
186 2877
186 2878
186 2879
186 2880
186 2881
187 2882
187 2883
187 2884
187 2885
187 2886
187 2887
187 2888
187 2889
187 2890
187 2891
187 2892
187 2893
187 2894
188 2895
188 2896
188 2897
188 2898
188 2899
188 2900
188 2901
188 2902
188 2903
188 2904
188 2905
188 2906
188 2907
189 2908
189 2909
189 2910
189 2911
189 2912
189 2913
189 2914
189 2915
189 2916
189 2917
189 2918
189 2919
189 2920
190 2921
190 2922
190 2923
190 2924
190 2925
190 2926
190 2927
190 2928
190 2929
190 2930
190 2931
190 2932
190 2933
191 2934
191 2935
191 2936
191 2937
191 2938
191 2939
191 2940
191 2941
191 2942
191 2943
191 2944
191 2945
191 2946
192 2947
192 2948
192 2949
192 2950
192 2951
192 2952
192 2953
192 2954
192 2955
192 2956
192 2957
192 2958
192 2959
193 2960
193 2961
193 2962
193 2963
193 2964
193 2965
193 2966
193 2967
193 2968
193 2969
193 2970
193 2971
193 2972
194 2973
194 2974
194 2975
194 2976
194 2977
194 2978
194 2979
194 2980
194 2981
194 2982
194 2983
194 2984
194 2985
195 2986
195 2987
195 2988
195 2989
195 2990
195 2991
195 2992
195 2993
195 2994
195 2995
195 2996
195 2997
195 2998
196 2999
196 3000
196 3001
196 3002
196 3003
196 3004
196 3005
196 3006
196 3007
196 3008
196 3009
196 3010
196 3011
197 3012
197 3013
197 3014
197 3015
197 3016
197 3017
197 3018
197 3019
197 3020
197 3021
197 3022
197 3023
197 3024
198 3025
198 3026
198 3027
198 3028
198 3029
198 3030
198 3031
198 3032
198 3033
198 3034
198 3035
198 3036
198 3037
199 3038
199 3039
199 3040
199 3041
199 3042
199 3043
199 3044
199 3045
199 3046
199 3047
199 3048
199 3049
199 3050
200 3051
200 3052
200 3053
200 3054
200 3055
200 3056
200 3057
200 3058
200 3059
200 3060
200 3061
200 3062
200 3063
201 3064
201 3065
201 3066
201 3067
201 3068
201 3069
201 3070
201 3071
201 3072
201 3073
201 3074
201 3075
201 3076
202 3077
202 3078
202 3079
202 3080
202 3081
202 3082
202 3083
202 3084
202 3085
202 3086
202 3087
202 3088
202 3089
203 3090
203 3091
203 3092
203 3093
203 3094
203 3095
203 3096
203 3097
203 3098
203 3099
203 3100
203 3101
203 3102
204 3103
204 3104
204 3105
204 3106
204 3107
204 3108
204 3109
204 3110
204 3111
204 3112
204 3113
204 3114
204 3115
205 3116
205 3117
205 3118
205 3119
205 3120
205 3121
205 3122
205 3123
205 3124
205 3125
205 3126
205 3127
205 3128
206 3129
206 3130
206 3131
206 3132
206 3133
206 3134
206 3135
206 3136
206 3137
206 3138
206 3139
206 3140
206 3141
207 3142
207 3143
207 3144
207 3145
207 3146
207 3147
207 3148
207 3149
207 3150
207 3151
207 3152
207 3153
207 3154
208 3155
208 3156
208 3157
208 3158
208 3159
208 3160
208 3161
208 3162
208 3163
208 3164
208 3165
208 3166
208 3167
209 3168
209 3169
209 3170
209 3171
209 3172
209 3173
209 3174
209 3175
209 3176
209 3177
209 3178
209 3179
209 3180
210 3181
210 3182
210 3183
210 3184
210 3185
210 3186
210 3187
210 3188
210 3189
210 3190
210 3191
210 3192
210 3193
211 3194
211 3195
211 3196
211 3197
211 3198
211 3199
211 3200
211 3201
211 3202
211 3203
211 3204
211 3205
211 3206
212 3207
212 3208
212 3209
212 3210
212 3211
212 3212
212 3213
212 3214
212 3215
212 3216
212 3217
212 3218
212 3219
213 3220
213 3221
213 3222
213 3223
213 3224
213 3225
213 3226
213 3227
213 3228
213 3229
213 3230
213 3231
213 3232
214 3233
214 3234
214 3235
214 3236
214 3237
214 3238
214 3239
214 3240
214 3241
214 3242
214 3243
214 3244
214 3245
215 3246
215 3247
215 3248
215 3249
215 3250
215 3251
215 3252
215 3253
215 3254
215 3255
215 3256
215 3257
215 3258
216 3259
216 3260
216 3261
216 3262
216 3263
216 3264
216 3265
216 3266
216 3267
216 3268
216 3269
216 3270
216 3271
217 3272
217 3273
217 3274
217 3275
217 3276
217 3277
217 3278
217 3279
217 3280
217 3281
217 3282
217 3283
217 3284
218 3285
218 3286
218 3287
218 3288
218 3289
218 3290
218 3291
218 3292
218 3293
218 3294
218 3295
218 3296
218 3297
219 3298
219 3299
219 3300
219 3301
219 3302
219 3303
219 3304
219 3305
219 3306
219 3307
219 3308
219 3309
219 3310
220 3311
220 3312
220 3313
220 3314
220 3315
220 3316
220 3317
220 3318
220 3319
220 3320
220 3321
220 3322
220 3323
221 3324
221 3325
221 3326
221 3327
221 3328
221 3329
221 3330
221 3331
221 3332
221 3333
221 3334
221 3335
221 3336
222 3337
222 3338
222 3339
222 3340
222 3341
222 3342
222 3343
222 3344
222 3345
222 3346
222 3347
222 3348
222 3349
223 3350
223 3351
223 3352
223 3353
223 3354
223 3355
223 3356
223 3357
223 3358
223 3359
223 3360
223 3361
223 3362
224 3363
224 3364
224 3365
224 3366
224 3367
224 3368
224 3369
224 3370
224 3371
224 3372
224 3373
224 3374
224 3375
225 3376
225 3377
225 3378
225 3379
225 3380
225 3381
225 3382
225 3383
225 3384
225 3385
225 3386
225 3387
225 3388
226 3389
226 3390
226 3391
226 3392
226 3393
226 3394
226 3395
226 3396
226 3397
226 3398
226 3399
226 3400
226 3401
227 3402
227 3403
227 3404
227 3405
227 3406
227 3407
227 3408
227 3409
227 3410
227 3411
227 3412
227 3413
227 3414
228 3415
228 3416
228 3417
228 3418
228 3419
228 3420
228 3421
228 3422
228 3423
228 3424
228 3425
228 3426
228 3427
229 3428
229 3429
229 3430
229 3431
229 3432
229 3433
229 3434
229 3435
229 3436
229 3437
229 3438
229 3439
229 3440
230 3441
230 3442
230 3443
230 3444
230 3445
230 3446
230 3447
230 3448
230 3449
230 3450
230 3451
230 3452
230 3453
231 3454
231 3455
231 3456
231 3457
231 3458
231 3459
231 3460
231 3461
231 3462
231 3463
231 3464
231 3465
231 3466
232 3467
232 3468
232 3469
232 3470
232 3471
232 3472
232 3473
232 3474
232 3475
232 3476
232 3477
232 3478
232 3479
233 3480
233 3481
233 3482
233 3483
233 3484
233 3485
233 3486
233 3487
233 3488
233 3489
233 3490
233 3491
233 3492
234 3493
234 3494
234 3495
234 3496
234 3497
234 3498
234 3499
234 3500
234 3501
234 3502
234 3503
234 3504
234 3505
235 3506
235 3507
235 3508
235 3509
235 3510
235 3511
235 3512
235 3513
235 3514
235 3515
235 3516
235 3517
235 3518
236 3519
236 3520
236 3521
236 3522
236 3523
236 3524
236 3525
236 3526
236 3527
236 3528
236 3529
236 3530
236 3531
237 3532
237 3533
237 3534
237 3535
237 3536
237 3537
237 3538
237 3539
237 3540
237 3541
237 3542
237 3543
237 3544
238 3545
238 3546
238 3547
238 3548
238 3549
238 3550
238 3551
238 3552
238 3553
238 3554
238 3555
238 3556
238 3557
239 3558
239 3559
239 3560
239 3561
239 3562
239 3563
239 3564
239 3565
239 3566
239 3567
239 3568
239 3569
239 3570
240 3571
240 3572
240 3573
240 3574
240 3575
240 3576
240 3577
240 3578
240 3579
240 3580
240 3581
240 3582
240 3583
241 3584
241 3585
241 3586
241 3587
241 3588
241 3589
241 3590
241 3591
241 3592
241 3593
241 3594
241 3595
241 3596
242 3597
242 3598
242 3599
242 3600
242 3601
242 3602
242 3603
242 3604
242 3605
242 3606
242 3607
242 3608
242 3609
243 3610
243 3611
243 3612
243 3613
243 3614
243 3615
243 3616
243 3617
243 3618
243 3619
243 3620
243 3621
243 3622
244 3623
244 3624
244 3625
244 3626
244 3627
244 3628
244 3629
244 3630
244 3631
244 3632
244 3633
244 3634
244 3635
245 3636
245 3637
245 3638
245 3639
245 3640
245 3641
245 3642
245 3643
245 3644
245 3645
245 3646
245 3647
245 3648
246 3649
246 3650
246 3651
246 3652
246 3653
246 3654
246 3655
246 3656
246 3657
246 3658
246 3659
246 3660
246 3661
247 3662
247 3663
247 3664
247 3665
247 3666
247 3667
247 3668
247 3669
247 3670
247 3671
247 3672
247 3673
247 3674
248 3675
248 3676
248 3677
248 3678
248 3679
248 3680
248 3681
248 3682
248 3683
248 3684
248 3685
248 3686
248 3687
249 3688
249 3689
249 3690
249 3691
249 3692
249 3693
249 3694
249 3695
249 3696
249 3697
249 3698
249 3699
249 3700
250 3701
250 3702
250 3703
250 3704
250 3705
250 3706
250 3707
250 3708
250 3709
250 3710
250 3711
250 3712
250 3713
251 3714
251 3715
251 3716
251 3717
251 3718
251 3719
251 3720
251 3721
251 3722
251 3723
251 3724
251 3725
251 3726
252 3727
252 3728
252 3729
252 3730
252 3731
252 3732
252 3733
252 3734
252 3735
252 3736
252 3737
252 3738
252 3739
253 3740
253 3741
253 3742
253 3743
253 3744
253 3745
253 3746
253 3747
253 3748
253 3749
253 3750
253 3751
253 3752
254 3753
254 3754
254 3755
254 3756
254 3757
254 3758
254 3759
254 3760
254 3761
254 3762
254 3763
254 3764
254 3765
255 3766
255 3767
255 3768
255 3769
255 3770
255 3771
255 3772
255 3773
255 3774
255 3775
255 3776
255 3777
255 3778
256 3779
256 3780
256 3781
256 3782
256 3783
256 3784
256 3785
256 3786
256 3787
256 3788
256 3789
256 3790
256 3791
257 3792
257 3793
257 3794
257 3795
257 3796
257 3797
257 3798
257 3799
257 3800
257 3801
257 3802
257 3803
257 3804
258 3805
258 3806
258 3807
258 3808
258 3809
258 3810
258 3811
258 3812
258 3813
258 3814
258 3815
258 3816
258 3817
259 3818
259 3819
259 3820
259 3821
259 3822
259 3823
259 3824
259 3825
259 3826
259 3827
259 3828
259 3829
259 3830
260 3831
260 3832
260 3833
260 3834
260 3835
260 3836
260 3837
260 3838
260 3839
260 3840
260 3841
260 3842
260 3843
261 3844
261 3845
261 3846
261 3847
261 3848
261 3849
261 3850
261 3851
261 3852
261 3853
261 3854
261 3855
261 3856
262 3857
262 3858
262 3859
262 3860
262 3861
262 3862
262 3863
262 3864
262 3865
262 3866
262 3867
262 3868
262 3869
263 3870
263 3871
263 3872
263 3873
263 3874
263 3875
263 3876
263 3877
263 3878
263 3879
263 3880
263 3881
263 3882
264 3883
264 3884
264 3885
264 3886
264 3887
264 3888
264 3889
264 3890
264 3891
264 3892
264 3893
264 3894
264 3895
265 3896
265 3897
265 3898
265 3899
265 3900
265 3901
265 3902
265 3903
265 3904
265 3905
265 3906
265 3907
265 3908
266 3909
266 3910
266 3911
266 3912
266 3913
266 3914
266 3915
266 3916
266 3917
266 3918
266 3919
266 3920
266 3921
267 3922
267 3923
267 3924
267 3925
267 3926
267 3927
267 3928
267 3929
267 3930
267 3931
267 3932
267 3933
267 3934
268 3935
268 3936
268 3937
268 3938
268 3939
268 3940
268 3941
268 3942
268 3943
268 3944
268 3945
268 3946
268 3947
269 3948
269 3949
269 3950
269 3951
269 3952
269 3953
269 3954
269 3955
269 3956
269 3957
269 3958
269 3959
269 3960
270 3961
270 3962
270 3963
270 3964
270 3965
270 3966
270 3967
270 3968
270 3969
270 3970
270 3971
270 3972
270 3973
271 3974
271 3975
271 3976
271 3977
271 3978
271 3979
271 3980
271 3981
271 3982
271 3983
271 3984
271 3985
271 3986
272 3987
272 3988
272 3989
272 3990
272 3991
272 3992
272 3993
272 3994
272 3995
272 3996
272 3997
272 3998
272 3999
273 4000
273 4001
273 4002
273 4003
273 4004
273 4005
273 4006
273 4007
273 4008
273 4009
273 4010
273 4011
273 4012
274 4013
274 4014
274 4015
274 4016
274 4017
274 4018
274 4019
274 4020
274 4021
274 4022
274 4023
274 4024
274 4025
275 4026
275 4027
275 4028
275 4029
275 4030
275 4031
275 4032
275 4033
275 4034
275 4035
275 4036
275 4037
275 4038
276 4039
276 4040
276 4041
276 4042
276 4043
276 4044
276 4045
276 4046
276 4047
276 4048
276 4049
276 4050
276 4051
277 4052
277 4053
277 4054
277 4055
277 4056
277 4057
277 4058
277 4059
277 4060
277 4061
277 4062
277 4063
277 4064
278 4065
278 4066
278 4067
278 4068
278 4069
278 4070
278 4071
278 4072
278 4073
278 4074
278 4075
278 4076
278 4077
279 4078
279 4079
279 4080
279 4081
279 4082
279 4083
279 4084
279 4085
279 4086
279 4087
279 4088
279 4089
279 4090
280 4091
280 4092
280 4093
280 4094
280 4095
280 4096
280 4097
280 4098
280 4099
280 4100
280 4101
280 4102
280 4103
281 4104
281 4105
281 4106
281 4107
281 4108
281 4109
281 4110
281 4111
281 4112
281 4113
281 4114
281 4115
281 4116
282 4117
282 4118
282 4119
282 4120
282 4121
282 4122
282 4123
282 4124
282 4125
282 4126
282 4127
282 4128
282 4129
283 4130
283 4131
283 4132
283 4133
283 4134
283 4135
283 4136
283 4137
283 4138
283 4139
283 4140
283 4141
283 4142
284 4143
284 4144
284 4145
284 4146
284 4147
284 4148
284 4149
284 4150
284 4151
284 4152
284 4153
284 4154
284 4155
285 4156
285 4157
285 4158
285 4159
285 4160
285 4161
285 4162
285 4163
285 4164
285 4165
285 4166
285 4167
285 4168
286 4169
286 4170
286 4171
286 4172
286 4173
286 4174
286 4175
286 4176
286 4177
286 4178
286 4179
286 4180
286 4181
287 4182
287 4183
287 4184
287 4185
287 4186
287 4187
287 4188
287 4189
287 4190
287 4191
287 4192
287 4193
287 4194
288 4195
288 4196
288 4197
288 4198
288 4199
288 4200
288 4201
288 4202
288 4203
288 4204
288 4205
288 4206
288 4207
289 4208
289 4209
289 4210
289 4211
289 4212
289 4213
289 4214
289 4215
289 4216
289 4217
289 4218
289 4219
289 4220
290 4221
290 4222
290 4223
290 4224
290 4225
290 4226
290 4227
290 4228
290 4229
290 4230
290 4231
290 4232
290 4233
291 4234
291 4235
291 4236
291 4237
291 4238
291 4239
291 4240
291 4241
291 4242
291 4243
291 4244
291 4245
291 4246
292 4247
292 4248
292 4249
292 4250
292 4251
292 4252
292 4253
292 4254
292 4255
292 4256
292 4257
292 4258
292 4259
293 4260
293 4261
293 4262
293 4263
293 4264
293 4265
293 4266
293 4267
293 4268
293 4269
293 4270
293 4271
293 4272
294 4273
294 4274
294 4275
294 4276
294 4277
294 4278
294 4279
294 4280
294 4281
294 4282
294 4283
294 4284
294 4285
295 4286
295 4287
295 4288
295 4289
295 4290
295 4291
295 4292
295 4293
295 4294
295 4295
295 4296
295 4297
295 4298
296 4299
296 4300
296 4301
296 4302
296 4303
296 4304
296 4305
296 4306
296 4307
296 4308
296 4309
296 4310
296 4311
297 4312
297 4313
297 4314
297 4315
297 4316
297 4317
297 4318
297 4319
297 4320
297 4321
297 4322
297 4323
297 4324
298 4325
298 4326
298 4327
298 4328
298 4329
298 4330
298 4331
298 4332
298 4333
298 4334
298 4335
298 4336
298 4337
299 4338
299 4339
299 4340
299 4341
299 4342
299 4343
299 4344
299 4345
299 4346
299 4347
299 4348
299 4349
299 4350
300 4351
300 4352
300 4353
300 4354
300 4355
300 4356
300 4357
300 4358
300 4359
300 4360
300 4361
300 4362
300 4363
301 4364
301 4365
301 4366
301 4367
301 4368
301 4369
301 4370
301 4371
301 4372
301 4373
301 4374
301 4375
301 4376
302 4377
302 4378
302 4379
302 4380
302 4381
302 4382
302 4383
302 4384
302 4385
302 4386
302 4387
302 4388
302 4389
303 4390
303 4391
303 4392
303 4393
303 4394
303 4395
303 4396
303 4397
303 4398
303 4399
303 4400
303 4401
303 4402
304 4403
304 4404
304 4405
304 4406
304 4407
304 4408
304 4409
304 4410
304 4411
304 4412
304 4413
304 4414
304 4415
305 4416
305 4417
305 4418
305 4419
305 4420
305 4421
305 4422
305 4423
305 4424
305 4425
305 4426
305 4427
305 4428
306 4429
306 4430
306 4431
306 4432
306 4433
306 4434
306 4435
306 4436
306 4437
306 4438
306 4439
306 4440
306 4441
307 4442
307 4443
307 4444
307 4445
307 4446
307 4447
307 4448
307 4449
307 4450
307 4451
307 4452
307 4453
307 4454
308 4455
308 4456
308 4457
308 4458
308 4459
308 4460
308 4461
308 4462
308 4463
308 4464
308 4465
308 4466
308 4467
309 4468
309 4469
309 4470
309 4471
309 4472
309 4473
309 4474
309 4475
309 4476
309 4477
309 4478
309 4479
309 4480
310 4481
310 4482
310 4483
310 4484
310 4485
310 4486
310 4487
310 4488
310 4489
310 4490
310 4491
310 4492
310 4493
311 4494
311 4495
311 4496
311 4497
311 4498
311 4499
311 4500
311 4501
311 4502
311 4503
311 4504
311 4505
311 4506
312 4507
312 4508
312 4509
312 4510
312 4511
312 4512
312 4513
312 4514
312 4515
312 4516
312 4517
312 4518
312 4519
313 4520
313 4521
313 4522
313 4523
313 4524
313 4525
313 4526
313 4527
313 4528
313 4529
313 4530
313 4531
313 4532
314 4533
314 4534
314 4535
314 4536
314 4537
314 4538
314 4539
314 4540
314 4541
314 4542
314 4543
314 4544
314 4545
315 4546
315 4547
315 4548
315 4549
315 4550
315 4551
315 4552
315 4553
315 4554
315 4555
315 4556
315 4557
315 4558
316 4559
316 4560
316 4561
316 4562
316 4563
316 4564
316 4565
316 4566
316 4567
316 4568
316 4569
316 4570
316 4571
317 4572
317 4573
317 4574
317 4575
317 4576
317 4577
317 4578
317 4579
317 4580
317 4581
317 4582
317 4583
317 4584
318 4585
318 4586
318 4587
318 4588
318 4589
318 4590
318 4591
318 4592
318 4593
318 4594
318 4595
318 4596
318 4597
319 4598
319 4599
319 4600
319 4601
319 4602
319 4603
319 4604
319 4605
319 4606
319 4607
319 4608
319 4609
319 4610
320 4611
320 4612
320 4613
320 4614
320 4615
320 4616
320 4617
320 4618
320 4619
320 4620
320 4621
320 4622
320 4623
321 4624
321 4625
321 4626
321 4627
321 4628
321 4629
321 4630
321 4631
321 4632
321 4633
321 4634
321 4635
321 4636
322 4637
322 4638
322 4639
322 4640
322 4641
322 4642
322 4643
322 4644
322 4645
322 4646
322 4647
322 4648
322 4649
323 4650
323 4651
323 4652
323 4653
323 4654
323 4655
323 4656
323 4657
323 4658
323 4659
323 4660
323 4661
323 4662
324 4663
324 4664
324 4665
324 4666
324 4667
324 4668
324 4669
324 4670
324 4671
324 4672
324 4673
324 4674
324 4675
325 4676
325 4677
325 4678
325 4679
325 4680
325 4681
325 4682
325 4683
325 4684
325 4685
325 4686
325 4687
325 4688
326 4689
326 4690
326 4691
326 4692
326 4693
326 4694
326 4695
326 4696
326 4697
326 4698
326 4699
326 4700
326 4701
327 4702
327 4703
327 4704
327 4705
327 4706
327 4707
327 4708
327 4709
327 4710
327 4711
327 4712
327 4713
327 4714
328 4715
328 4716
328 4717
328 4718
328 4719
328 4720
328 4721
328 4722
328 4723
328 4724
328 4725
328 4726
328 4727
329 4728
329 4729
329 4730
329 4731
329 4732
329 4733
329 4734
329 4735
329 4736
329 4737
329 4738
329 4739
329 4740
330 4741
330 4742
330 4743
330 4744
330 4745
330 4746
330 4747
330 4748
330 4749
330 4750
330 4751
330 4752
330 4753
331 4754
331 4755
331 4756
331 4757
331 4758
331 4759
331 4760
331 4761
331 4762
331 4763
331 4764
331 4765
331 4766
332 4767
332 4768
332 4769
332 4770
332 4771
332 4772
332 4773
332 4774
332 4775
332 4776
332 4777
332 4778
332 4779
333 4780
333 4781
333 4782
333 4783
333 4784
333 4785
333 4786
333 4787
333 4788
333 4789
333 4790
333 4791
333 4792
334 4793
334 4794
334 4795
334 4796
334 4797
334 4798
334 4799
334 4800
334 4801
334 4802
334 4803
334 4804
334 4805
335 4806
335 4807
335 4808
335 4809
335 4810
335 4811
335 4812
335 4813
335 4814
335 4815
335 4816
335 4817
335 4818
336 4819
336 4820
336 4821
336 4822
336 4823
336 4824
336 4825
336 4826
336 4827
336 4828
336 4829
336 4830
336 4831
337 4832
337 4833
337 4834
337 4835
337 4836
337 4837
337 4838
337 4839
337 4840
337 4841
337 4842
337 4843
337 4844
338 4845
338 4846
338 4847
338 4848
338 4849
338 4850
338 4851
338 4852
338 4853
338 4854
338 4855
338 4856
338 4857
339 4858
339 4859
339 4860
339 4861
339 4862
339 4863
339 4864
339 4865
339 4866
339 4867
339 4868
339 4869
339 4870
340 4871
340 4872
340 4873
340 4874
340 4875
340 4876
340 4877
340 4878
340 4879
340 4880
340 4881
340 4882
340 4883
341 4884
341 4885
341 4886
341 4887
341 4888
341 4889
341 4890
341 4891
341 4892
341 4893
341 4894
341 4895
341 4896
342 4897
342 4898
342 4899
342 4900
342 4901
342 4902
342 4903
342 4904
342 4905
342 4906
342 4907
342 4908
342 4909
343 4910
343 4911
343 4912
343 4913
343 4914
343 4915
343 4916
343 4917
343 4918
343 4919
343 4920
343 4921
343 4922
344 4923
344 4924
344 4925
344 4926
344 4927
344 4928
344 4929
344 4930
344 4931
344 4932
344 4933
344 4934
344 4935
345 4936
345 4937
345 4938
345 4939
345 4940
345 4941
345 4942
345 4943
345 4944
345 4945
345 4946
345 4947
345 4948
346 4949
346 4950
346 4951
346 4952
346 4953
346 4954
346 4955
346 4956
346 4957
346 4958
346 4959
346 4960
346 4961
347 4962
347 4963
347 4964
347 4965
347 4966
347 4967
347 4968
347 4969
347 4970
347 4971
347 4972
347 4973
347 4974
348 4975
348 4976
348 4977
348 4978
348 4979
348 4980
348 4981
348 4982
348 4983
348 4984
348 4985
348 4986
348 4987
349 4988
349 4989
349 4990
349 4991
349 4992
349 4993
349 4994
349 4995
349 4996
349 4997
349 4998
349 4999
349 5000
350 5001
350 5002
350 5003
350 5004
350 5005
350 5006
350 5007
350 5008
350 5009
350 5010
350 5011
350 5012
350 5013
351 5014
351 5015
351 5016
351 5017
351 5018
351 5019
351 5020
351 5021
351 5022
351 5023
351 5024
351 5025
351 5026
352 5027
352 5028
352 5029
352 5030
352 5031
352 5032
352 5033
352 5034
352 5035
352 5036
352 5037
352 5038
352 5039
353 5040
353 5041
353 5042
353 5043
353 5044
353 5045
353 5046
353 5047
353 5048
353 5049
353 5050
353 5051
353 5052
354 5053
354 5054
354 5055
354 5056
354 5057
354 5058
354 5059
354 5060
354 5061
354 5062
354 5063
354 5064
354 5065
355 5066
355 5067
355 5068
355 5069
355 5070
355 5071
355 5072
355 5073
355 5074
355 5075
355 5076
355 5077
355 5078
356 5079
356 5080
356 5081
356 5082
356 5083
356 5084
356 5085
356 5086
356 5087
356 5088
356 5089
356 5090
356 5091
357 5092
357 5093
357 5094
357 5095
357 5096
357 5097
357 5098
357 5099
357 5100
357 5101
357 5102
357 5103
357 5104
358 5105
358 5106
358 5107
358 5108
358 5109
358 5110
358 5111
358 5112
358 5113
358 5114
358 5115
358 5116
358 5117
359 5118
359 5119
359 5120
359 5121
359 5122
359 5123
359 5124
359 5125
359 5126
359 5127
359 5128
359 5129
359 5130
360 5131
360 5132
360 5133
360 5134
360 5135
360 5136
360 5137
360 5138
360 5139
360 5140
360 5141
360 5142
360 5143
361 5144
361 5145
361 5146
361 5147
361 5148
361 5149
361 5150
361 5151
361 5152
361 5153
361 5154
361 5155
361 5156
362 5157
362 5158
362 5159
362 5160
362 5161
362 5162
362 5163
362 5164
362 5165
362 5166
362 5167
362 5168
362 5169
363 5170
363 5171
363 5172
363 5173
363 5174
363 5175
363 5176
363 5177
363 5178
363 5179
363 5180
363 5181
363 5182
364 5183
364 5184
364 5185
364 5186
364 5187
364 5188
364 5189
364 5190
364 5191
364 5192
364 5193
364 5194
364 5195
365 5196
365 5197
365 5198
365 5199
365 5200
365 5201
365 5202
365 5203
365 5204
365 5205
365 5206
365 5207
365 5208
366 5209
366 5210
366 5211
366 5212
366 5213
366 5214
366 5215
366 5216
366 5217
366 5218
366 5219
366 5220
366 5221
367 5222
367 5223
367 5224
367 5225
367 5226
367 5227
367 5228
367 5229
367 5230
367 5231
367 5232
367 5233
367 5234
368 5235
368 5236
368 5237
368 5238
368 5239
368 5240
368 5241
368 5242
368 5243
368 5244
368 5245
368 5246
368 5247
369 5248
369 5249
369 5250
369 5251
369 5252
369 5253
369 5254
369 5255
369 5256
369 5257
369 5258
369 5259
369 5260
370 5261
370 5262
370 5263
370 5264
370 5265
370 5266
370 5267
370 5268
370 5269
370 5270
370 5271
370 5272
370 5273
371 5274
371 5275
371 5276
371 5277
371 5278
371 5279
371 5280
371 5281
371 5282
371 5283
371 5284
371 5285
371 5286
372 5287
372 5288
372 5289
372 5290
372 5291
372 5292
372 5293
372 5294
372 5295
372 5296
372 5297
372 5298
372 5299
373 5300
373 5301
373 5302
373 5303
373 5304
373 5305
373 5306
373 5307
373 5308
373 5309
373 5310
373 5311
373 5312
374 5313
374 5314
374 5315
374 5316
374 5317
374 5318
374 5319
374 5320
374 5321
374 5322
374 5323
374 5324
374 5325
375 5326
375 5327
375 5328
375 5329
375 5330
375 5331
375 5332
375 5333
375 5334
375 5335
375 5336
375 5337
375 5338
376 5339
376 5340
376 5341
376 5342
376 5343
376 5344
376 5345
376 5346
376 5347
376 5348
376 5349
376 5350
376 5351
377 5352
377 5353
377 5354
377 5355
377 5356
377 5357
377 5358
377 5359
377 5360
377 5361
377 5362
377 5363
377 5364
378 5365
378 5366
378 5367
378 5368
378 5369
378 5370
378 5371
378 5372
378 5373
378 5374
378 5375
378 5376
378 5377
379 5378
379 5379
379 5380
379 5381
379 5382
379 5383
379 5384
379 5385
379 5386
379 5387
379 5388
379 5389
379 5390
380 5391
380 5392
380 5393
380 5394
380 5395
380 5396
380 5397
380 5398
380 5399
380 5400
380 5401
380 5402
380 5403
381 5404
381 5405
381 5406
381 5407
381 5408
381 5409
381 5410
381 5411
381 5412
381 5413
381 5414
381 5415
381 5416
382 5417
382 5418
382 5419
382 5420
382 5421
382 5422
382 5423
382 5424
382 5425
382 5426
382 5427
382 5428
382 5429
383 5430
383 5431
383 5432
383 5433
383 5434
383 5435
383 5436
383 5437
383 5438
383 5439
383 5440
383 5441
383 5442
384 5443
384 5444
384 5445
384 5446
384 5447
384 5448
384 5449
384 5450
384 5451
384 5452
384 5453
384 5454
384 5455
385 5456
385 5457
385 5458
385 5459
385 5460
385 5461
385 5462
385 5463
385 5464
385 5465
385 5466
385 5467
385 5468
386 5469
386 5470
386 5471
386 5472
386 5473
386 5474
386 5475
386 5476
386 5477
386 5478
386 5479
386 5480
386 5481
387 5482
387 5483
387 5484
387 5485
387 5486
387 5487
387 5488
387 5489
387 5490
387 5491
387 5492
387 5493
387 5494
388 5495
388 5496
388 5497
388 5498
388 5499
388 5500
388 5501
388 5502
388 5503
388 5504
388 5505
388 5506
388 5507
389 5508
389 5509
389 5510
389 5511
389 5512
389 5513
389 5514
389 5515
389 5516
389 5517
389 5518
389 5519
389 5520
390 5521
390 5522
390 5523
390 5524
390 5525
390 5526
390 5527
390 5528
390 5529
390 5530
390 5531
390 5532
390 5533
391 5534
391 5535
391 5536
391 5537
391 5538
391 5539
391 5540
391 5541
391 5542
391 5543
391 5544
391 5545
391 5546
392 5547
392 5548
392 5549
392 5550
392 5551
392 5552
392 5553
392 5554
392 5555
392 5556
392 5557
392 5558
392 5559
393 5560
393 5561
393 5562
393 5563
393 5564
393 5565
393 5566
393 5567
393 5568
393 5569
393 5570
393 5571
393 5572
394 5573
394 5574
394 5575
394 5576
394 5577
394 5578
394 5579
394 5580
394 5581
394 5582
394 5583
394 5584
394 5585
395 5586
395 5587
395 5588
395 5589
395 5590
395 5591
395 5592
395 5593
395 5594
395 5595
395 5596
395 5597
395 5598
396 5599
396 5600
396 5601
396 5602
396 5603
396 5604
396 5605
396 5606
396 5607
396 5608
396 5609
396 5610
396 5611
397 5612
397 5613
397 5614
397 5615
397 5616
397 5617
397 5618
397 5619
397 5620
397 5621
397 5622
397 5623
397 5624
398 5625
398 5626
398 5627
398 5628
398 5629
398 5630
398 5631
398 5632
398 5633
398 5634
398 5635
398 5636
398 5637
399 5638
399 5639
399 5640
399 5641
399 5642
399 5643
399 5644
399 5645
399 5646
399 5647
399 5648
399 5649
399 5650
400 5651
400 5652
400 5653
400 5654
400 5655
400 5656
400 5657
400 5658
400 5659
400 5660
400 5661
400 5662
400 5663
401 5664
401 5665
401 5666
401 5667
401 5668
401 5669
401 5670
401 5671
401 5672
401 5673
401 5674
401 5675
401 5676
402 5677
402 5678
402 5679
402 5680
402 5681
402 5682
402 5683
402 5684
402 5685
402 5686
402 5687
402 5688
402 5689
403 5690
403 5691
403 5692
403 5693
403 5694
403 5695
403 5696
403 5697
403 5698
403 5699
403 5700
403 5701
403 5702
404 5703
404 5704
404 5705
404 5706
404 5707
404 5708
404 5709
404 5710
404 5711
404 5712
404 5713
404 5714
404 5715
405 5716
405 5717
405 5718
405 5719
405 5720
405 5721
405 5722
405 5723
405 5724
405 5725
405 5726
405 5727
405 5728
406 5729
406 5730
406 5731
406 5732
406 5733
406 5734
406 5735
406 5736
406 5737
406 5738
406 5739
406 5740
406 5741
407 5742
407 5743
407 5744
407 5745
407 5746
407 5747
407 5748
407 5749
407 5750
407 5751
407 5752
407 5753
407 5754
408 5755
408 5756
408 5757
408 5758
408 5759
408 5760
408 5761
408 5762
408 5763
408 5764
408 5765
408 5766
408 5767
409 5768
409 5769
409 5770
409 5771
409 5772
409 5773
409 5774
409 5775
409 5776
409 5777
409 5778
409 5779
409 5780
410 5781
410 5782
410 5783
410 5784
410 5785
410 5786
410 5787
410 5788
410 5789
410 5790
410 5791
410 5792
410 5793
411 5794
411 5795
411 5796
411 5797
411 5798
411 5799
411 5800
411 5801
411 5802
411 5803
411 5804
411 5805
411 5806
412 5807
412 5808
412 5809
412 5810
412 5811
412 5812
412 5813
412 5814
412 5815
412 5816
412 5817
412 5818
412 5819
413 5820
413 5821
413 5822
413 5823
413 5824
413 5825
413 5826
413 5827
413 5828
413 5829
413 5830
413 5831
413 5832
414 5833
414 5834
414 5835
414 5836
414 5837
414 5838
414 5839
414 5840
414 5841
414 5842
414 5843
414 5844
414 5845
415 5846
415 5847
415 5848
415 5849
415 5850
415 5851
415 5852
415 5853
415 5854
415 5855
415 5856
415 5857
415 5858
416 5859
416 5860
416 5861
416 5862
416 5863
416 5864
416 5865
416 5866
416 5867
416 5868
416 5869
416 5870
416 5871
417 5872
417 5873
417 5874
417 5875
417 5876
417 5877
417 5878
417 5879
417 5880
417 5881
417 5882
417 5883
417 5884
418 5885
418 5886
418 5887
418 5888
418 5889
418 5890
418 5891
418 5892
418 5893
418 5894
418 5895
418 5896
418 5897
419 5898
419 5899
419 5900
419 5901
419 5902
419 5903
419 5904
419 5905
419 5906
419 5907
419 5908
419 5909
419 5910
420 5911
420 5912
420 5913
420 5914
420 5915
420 5916
420 5917
420 5918
420 5919
420 5920
420 5921
420 5922
420 5923
421 5924
421 5925
421 5926
421 5927
421 5928
421 5929
421 5930
421 5931
421 5932
421 5933
421 5934
421 5935
421 5936
422 5937
422 5938
422 5939
422 5940
422 5941
422 5942
422 5943
422 5944
422 5945
422 5946
422 5947
422 5948
422 5949
423 5950
423 5951
423 5952
423 5953
423 5954
423 5955
423 5956
423 5957
423 5958
423 5959
423 5960
423 5961
423 5962
424 5963
424 5964
424 5965
424 5966
424 5967
424 5968
424 5969
424 5970
424 5971
424 5972
424 5973
424 5974
424 5975
425 5976
425 5977
425 5978
425 5979
425 5980
425 5981
425 5982
425 5983
425 5984
425 5985
425 5986
425 5987
425 5988
426 5989
426 5990
426 5991
426 5992
426 5993
426 5994
426 5995
426 5996
426 5997
426 5998
426 5999
426 6000
426 6001
427 6002
427 6003
427 6004
427 6005
427 6006
427 6007
427 6008
427 6009
427 6010
427 6011
427 6012
427 6013
427 6014
428 6015
428 6016
428 6017
428 6018
428 6019
428 6020
428 6021
428 6022
428 6023
428 6024
428 6025
428 6026
428 6027
429 6028
429 6029
429 6030
429 6031
429 6032
429 6033
429 6034
429 6035
429 6036
429 6037
429 6038
429 6039
429 6040
430 6041
430 6042
430 6043
430 6044
430 6045
430 6046
430 6047
430 6048
430 6049
430 6050
430 6051
430 6052
430 6053
431 6054
431 6055
431 6056
431 6057
431 6058
431 6059
431 6060
431 6061
431 6062
431 6063
431 6064
431 6065
431 6066
432 6067
432 6068
432 6069
432 6070
432 6071
432 6072
432 6073
432 6074
432 6075
432 6076
432 6077
432 6078
432 6079
433 6080
433 6081
433 6082
433 6083
433 6084
433 6085
433 6086
433 6087
433 6088
433 6089
433 6090
433 6091
433 6092
434 6093
434 6094
434 6095
434 6096
434 6097
434 6098
434 6099
434 6100
434 6101
434 6102
434 6103
434 6104
434 6105
435 6106
435 6107
435 6108
435 6109
435 6110
435 6111
435 6112
435 6113
435 6114
435 6115
435 6116
435 6117
435 6118
436 6119
436 6120
436 6121
436 6122
436 6123
436 6124
436 6125
436 6126
436 6127
436 6128
436 6129
436 6130
436 6131
437 6132
437 6133
437 6134
437 6135
437 6136
437 6137
437 6138
437 6139
437 6140
437 6141
437 6142
437 6143
437 6144
438 6145
438 6146
438 6147
438 6148
438 6149
438 6150
438 6151
438 6152
438 6153
438 6154
438 6155
438 6156
438 6157
439 6158
439 6159
439 6160
439 6161
439 6162
439 6163
439 6164
439 6165
439 6166
439 6167
439 6168
439 6169
439 6170
440 6171
440 6172
440 6173
440 6174
440 6175
440 6176
440 6177
440 6178
440 6179
440 6180
440 6181
440 6182
440 6183
441 6184
441 6185
441 6186
441 6187
441 6188
441 6189
441 6190
441 6191
441 6192
441 6193
441 6194
441 6195
441 6196
442 6197
442 6198
442 6199
442 6200
442 6201
442 6202
442 6203
442 6204
442 6205
442 6206
442 6207
442 6208
442 6209
443 6210
443 6211
443 6212
443 6213
443 6214
443 6215
443 6216
443 6217
443 6218
443 6219
443 6220
443 6221
443 6222
444 6223
444 6224
444 6225
444 6226
444 6227
444 6228
444 6229
444 6230
444 6231
444 6232
444 6233
444 6234
444 6235
445 6236
445 6237
445 6238
445 6239
445 6240
445 6241
445 6242
445 6243
445 6244
445 6245
445 6246
445 6247
445 6248
446 6249
446 6250
446 6251
446 6252
446 6253
446 6254
446 6255
446 6256
446 6257
446 6258
446 6259
446 6260
446 6261
447 6262
447 6263
447 6264
447 6265
447 6266
447 6267
447 6268
447 6269
447 6270
447 6271
447 6272
447 6273
447 6274
448 6275
448 6276
448 6277
448 6278
448 6279
448 6280
448 6281
448 6282
448 6283
448 6284
448 6285
448 6286
448 6287
449 6288
449 6289
449 6290
449 6291
449 6292
449 6293
449 6294
449 6295
449 6296
449 6297
449 6298
449 6299
449 6300
450 6301
450 6302
450 6303
450 6304
450 6305
450 6306
450 6307
450 6308
450 6309
450 6310
450 6311
450 6312
450 6313
