0 145
0 20
0 101
0 137
0 4
0 46
1 96
1 102
1 39
1 89
1 77
1 14
2 130
2 6
2 71
2 24
2 98
2 13
3 27
3 100
3 7
3 23
3 94
3 95
4 34
4 53
4 86
4 138
4 63
5 144
5 81
5 35
5 70
5 104
5 107
6 129
6 8
6 137
6 31
6 79
7 81
7 20
7 37
7 132
7 59
8 36
8 102
8 105
8 25
8 108
9 149
9 54
9 79
9 123
9 30
9 143
10 64
10 56
10 88
10 120
10 28
10 63
11 35
11 19
11 97
11 56
11 55
11 27
12 80
12 69
12 22
12 88
12 106
12 60
13 83
13 53
13 86
13 120
13 15
14 114
14 34
14 26
14 58
14 142
15 112
15 146
15 74
15 79
15 95
16 34
16 83
16 101
16 60
16 92
16 126
17 97
17 132
17 149
17 103
17 76
17 109
18 34
18 68
18 21
18 135
18 40
18 105
19 80
19 51
19 38
19 122
19 74
20 52
20 55
20 141
20 126
21 33
21 100
21 49
21 105
21 93
22 129
22 87
22 124
22 125
22 111
23 80
23 33
23 70
23 118
23 41
24 32
24 88
24 125
24 46
24 141
25 113
25 83
25 39
25 74
25 139
26 128
26 98
26 101
26 70
26 89
27 51
27 107
27 121
27 57
28 48
28 62
28 77
28 94
28 29
29 65
29 82
29 54
29 134
29 40
30 114
30 69
30 71
30 75
30 146
31 97
31 131
31 100
31 85
31 43
32 128
32 113
32 50
32 131
32 111
33 107
33 55
33 126
33 110
34 137
34 68
35 129
35 124
35 141
35 77
36 129
36 147
36 69
36 65
36 120
37 96
37 146
37 116
37 122
37 91
38 112
38 147
38 101
38 137
38 122
39 66
39 52
39 49
39 110
40 132
40 118
40 120
40 148
41 64
41 114
41 86
41 93
41 45
42 83
42 148
42 56
42 132
42 107
42 92
43 85
43 55
43 104
43 121
43 93
44 131
44 55
44 121
44 59
44 46
44 47
45 49
45 117
45 73
45 90
45 92
46 147
46 117
46 63
47 48
47 98
47 150
47 108
47 61
48 56
48 118
48 71
48 136
49 105
49 103
49 78
50 98
50 116
50 105
50 108
50 61
51 64
51 96
51 99
51 119
52 72
52 117
52 104
52 63
53 97
53 88
53 58
53 76
54 144
54 81
54 72
54 142
55 67
56 130
56 126
57 66
57 68
57 134
57 82
57 127
58 72
58 73
58 143
58 133
59 150
59 124
59 122
59 73
60 66
60 85
60 125
60 79
61 82
61 69
61 74
61 110
62 145
62 118
62 121
62 109
62 142
63 81
63 123
64 115
64 118
64 95
65 134
65 121
65 90
65 77
66 128
66 91
66 142
67 146
67 133
67 89
67 124
67 78
68 150
68 118
68 143
69 117
69 106
70 115
70 147
70 73
71 113
71 86
71 141
72 117
72 150
72 143
73 82
73 86
74 93
74 127
75 115
75 78
75 142
75 91
75 141
76 87
76 107
76 109
76 94
77 83
77 84
78 81
78 136
78 103
79 147
79 106
80 136
80 103
80 87
81 144
82 130
82 87
83 135
84 98
84 149
84 136
84 106
84 123
85 97
85 127
85 122
86 140
87 145
87 122
88 94
88 111
89 148
89 142
89 127
90 139
90 95
90 91
90 143
91 112
91 119
92 98
92 130
92 93
93 114
94 120
94 139
95 131
95 125
96 145
96 116
96 113
97 128
99 129
99 146
99 131
99 149
99 103
100 112
100 138
100 124
101 129
101 102
102 116
102 132
102 110
103 140
104 115
104 121
104 127
105 137
106 150
106 108
107 119
108 115
108 135
109 136
109 133
109 120
110 146
110 138
111 144
111 130
111 135
112 139
112 134
113 114
113 149
114 117
115 148
116 128
116 134
119 145
119 123
119 127
123 139
123 141
124 136
125 131
125 140
126 137
126 140
128 133
130 133
132 134
133 138
135 144
135 138
138 147
139 145
140 150
140 143
144 148
148 149
0 151
0 152
0 153
0 154
0 155
1 156
1 157
1 158
1 159
1 160
2 161
2 162
2 163
2 164
2 165
3 166
3 167
3 168
3 169
3 170
4 171
4 172
4 173
4 174
4 175
5 176
5 177
5 178
5 179
5 180
6 181
6 182
6 183
6 184
6 185
7 186
7 187
7 188
7 189
7 190
8 191
8 192
8 193
8 194
8 195
9 196
9 197
9 198
9 199
9 200
10 201
10 202
10 203
10 204
10 205
11 206
11 207
11 208
11 209
11 210
12 211
12 212
12 213
12 214
12 215
13 216
13 217
13 218
13 219
13 220
14 221
14 222
14 223
14 224
14 225
15 226
15 227
15 228
15 229
15 230
16 231
16 232
16 233
16 234
16 235
17 236
17 237
17 238
17 239
17 240
18 241
18 242
18 243
18 244
18 245
19 246
19 247
19 248
19 249
19 250
20 251
20 252
20 253
20 254
20 255
21 256
21 257
21 258
21 259
21 260
22 261
22 262
22 263
22 264
22 265
23 266
23 267
23 268
23 269
23 270
24 271
24 272
24 273
24 274
24 275
25 276
25 277
25 278
25 279
25 280
26 281
26 282
26 283
26 284
26 285
27 286
27 287
27 288
27 289
27 290
28 291
28 292
28 293
28 294
28 295
29 296
29 297
29 298
29 299
29 300
30 301
30 302
30 303
30 304
30 305
31 306
31 307
31 308
31 309
31 310
32 311
32 312
32 313
32 314
32 315
33 316
33 317
33 318
33 319
33 320
34 321
34 322
34 323
34 324
34 325
35 326
35 327
35 328
35 329
35 330
36 331
36 332
36 333
36 334
36 335
37 336
37 337
37 338
37 339
37 340
38 341
38 342
38 343
38 344
38 345
39 346
39 347
39 348
39 349
39 350
40 351
40 352
40 353
40 354
40 355
41 356
41 357
41 358
41 359
41 360
42 361
42 362
42 363
42 364
42 365
43 366
43 367
43 368
43 369
43 370
44 371
44 372
44 373
44 374
44 375
45 376
45 377
45 378
45 379
45 380
46 381
46 382
46 383
46 384
46 385
47 386
47 387
47 388
47 389
47 390
48 391
48 392
48 393
48 394
48 395
49 396
49 397
49 398
49 399
49 400
50 401
50 402
50 403
50 404
50 405
51 406
51 407
51 408
51 409
51 410
52 411
52 412
52 413
52 414
52 415
53 416
53 417
53 418
53 419
53 420
54 421
54 422
54 423
54 424
54 425
55 426
55 427
55 428
55 429
55 430
56 431
56 432
56 433
56 434
56 435
57 436
57 437
57 438
57 439
57 440
58 441
58 442
58 443
58 444
58 445
59 446
59 447
59 448
59 449
59 450
60 451
60 452
60 453
60 454
60 455
61 456
61 457
61 458
61 459
61 460
62 461
62 462
62 463
62 464
62 465
63 466
63 467
63 468
63 469
63 470
64 471
64 472
64 473
64 474
64 475
65 476
65 477
65 478
65 479
65 480
66 481
66 482
66 483
66 484
66 485
67 486
67 487
67 488
67 489
67 490
68 491
68 492
68 493
68 494
68 495
69 496
69 497
69 498
69 499
69 500
70 501
70 502
70 503
70 504
70 505
71 506
71 507
71 508
71 509
71 510
72 511
72 512
72 513
72 514
72 515
73 516
73 517
73 518
73 519
73 520
74 521
74 522
74 523
74 524
74 525
75 526
75 527
75 528
75 529
75 530
76 531
76 532
76 533
76 534
76 535
77 536
77 537
77 538
77 539
77 540
78 541
78 542
78 543
78 544
78 545
79 546
79 547
79 548
79 549
79 550
80 551
80 552
80 553
80 554
80 555
81 556
81 557
81 558
81 559
81 560
82 561
82 562
82 563
82 564
82 565
83 566
83 567
83 568
83 569
83 570
84 571
84 572
84 573
84 574
84 575
85 576
85 577
85 578
85 579
85 580
86 581
86 582
86 583
86 584
86 585
87 586
87 587
87 588
87 589
87 590
88 591
88 592
88 593
88 594
88 595
89 596
89 597
89 598
89 599
89 600
90 601
90 602
90 603
90 604
90 605
91 606
91 607
91 608
91 609
91 610
92 611
92 612
92 613
92 614
92 615
93 616
93 617
93 618
93 619
93 620
94 621
94 622
94 623
94 624
94 625
95 626
95 627
95 628
95 629
95 630
96 631
96 632
96 633
96 634
96 635
97 636
97 637
97 638
97 639
97 640
98 641
98 642
98 643
98 644
98 645
99 646
99 647
99 648
99 649
99 650
100 651
100 652
100 653
100 654
100 655
101 656
101 657
101 658
101 659
101 660
102 661
102 662
102 663
102 664
102 665
103 666
103 667
103 668
103 669
103 670
104 671
104 672
104 673
104 674
104 675
105 676
105 677
105 678
105 679
105 680
106 681
106 682
106 683
106 684
106 685
107 686
107 687
107 688
107 689
107 690
108 691
108 692
108 693
108 694
108 695
109 696
109 697
109 698
109 699
109 700
110 701
110 702
110 703
110 704
110 705
111 706
111 707
111 708
111 709
111 710
112 711
112 712
112 713
112 714
112 715
113 716
113 717
113 718
113 719
113 720
114 721
114 722
114 723
114 724
114 725
115 726
115 727
115 728
115 729
115 730
116 731
116 732
116 733
116 734
116 735
117 736
117 737
117 738
117 739
117 740
118 741
118 742
118 743
118 744
118 745
119 746
119 747
119 748
119 749
119 750
120 751
120 752
120 753
120 754
120 755
121 756
121 757
121 758
121 759
121 760
122 761
122 762
122 763
122 764
122 765
123 766
123 767
123 768
123 769
123 770
124 771
124 772
124 773
124 774
124 775
125 776
125 777
125 778
125 779
125 780
126 781
126 782
126 783
126 784
126 785
127 786
127 787
127 788
127 789
127 790
128 791
128 792
128 793
128 794
128 795
129 796
129 797
129 798
129 799
129 800
130 801
130 802
130 803
130 804
130 805
131 806
131 807
131 808
131 809
131 810
132 811
132 812
132 813
132 814
132 815
133 816
133 817
133 818
133 819
133 820
134 821
134 822
134 823
134 824
134 825
135 826
135 827
135 828
135 829
135 830
136 831
136 832
136 833
136 834
136 835
137 836
137 837
137 838
137 839
137 840
138 841
138 842
138 843
138 844
138 845
139 846
139 847
139 848
139 849
139 850
140 851
140 852
140 853
140 854
140 855
141 856
141 857
141 858
141 859
141 860
142 861
142 862
142 863
142 864
142 865
143 866
143 867
143 868
143 869
143 870
144 871
144 872
144 873
144 874
144 875
145 876
145 877
145 878
145 879
145 880
146 881
146 882
146 883
146 884
146 885
147 886
147 887
147 888
147 889
147 890
148 891
148 892
148 893
148 894
148 895
149 896
149 897
149 898
149 899
149 900
150 901
150 902
150 903
150 904
150 905
