0 209
0 57
0 22
0 23
0 137
0 25
0 157
0 173
1 173
1 211
1 22
1 6
1 232
1 201
1 93
1 31
2 176
2 209
2 11
2 164
2 21
2 201
2 100
2 123
3 162
3 227
3 20
3 101
3 53
3 28
3 117
3 5
4 112
4 17
4 99
4 227
4 46
4 231
4 125
4 126
5 144
5 99
5 100
5 182
5 225
5 73
5 209
6 208
6 210
6 22
6 167
6 218
6 128
6 93
7 192
7 81
7 100
7 85
7 138
7 204
7 141
7 165
8 18
8 164
8 198
8 119
8 88
8 106
8 140
8 77
9 17
9 56
9 53
9 230
9 151
9 232
9 204
9 206
10 16
10 83
10 151
10 24
10 218
10 156
10 221
10 222
11 51
11 212
11 135
11 84
11 23
11 189
11 30
12 34
12 83
12 228
12 147
12 24
12 121
12 156
12 98
13 193
13 97
13 150
13 81
13 216
13 185
13 122
13 124
14 210
14 85
14 166
14 200
14 171
14 143
14 237
14 95
15 92
15 194
15 220
15 106
15 27
15 124
15 93
15 173
16 176
16 64
16 19
16 213
16 42
16 60
16 109
17 157
17 50
17 121
17 203
17 146
17 125
18 208
18 163
18 133
18 22
18 87
18 218
18 71
19 226
19 187
19 71
19 41
19 107
19 140
19 191
20 163
20 102
20 70
20 183
20 57
20 55
20 94
21 208
21 242
21 35
21 88
21 83
21 29
21 126
22 32
22 116
22 28
22 77
23 240
23 43
23 188
23 77
23 238
23 29
24 80
24 65
24 146
24 209
24 87
24 73
25 49
25 43
25 220
25 170
25 91
25 188
25 234
26 81
26 51
26 196
26 229
26 151
26 204
26 141
26 222
27 161
27 100
27 135
27 232
27 137
27 87
27 174
28 48
28 160
28 244
28 211
28 56
28 190
29 144
29 195
29 197
29 90
29 203
29 44
30 145
30 103
30 169
30 104
30 233
30 126
30 111
31 128
31 131
31 85
31 71
31 152
31 220
31 110
32 34
32 164
32 117
32 54
32 72
32 90
32 91
33 225
33 211
33 68
33 118
33 136
33 105
33 44
33 110
34 43
34 120
34 90
34 155
34 221
34 46
35 38
35 40
35 89
35 235
35 173
35 94
35 63
36 128
36 83
36 243
36 90
36 88
36 186
36 236
36 42
37 208
37 194
37 50
37 52
37 102
37 71
37 122
37 178
38 112
38 241
38 178
38 179
38 131
38 215
38 67
39 64
39 48
39 82
39 243
39 68
39 214
39 198
39 175
40 129
40 203
40 149
40 177
40 59
40 93
40 95
41 107
41 65
41 187
41 227
41 104
41 219
41 205
42 97
42 178
42 104
42 68
42 125
42 95
43 129
43 67
43 65
43 122
43 61
44 177
44 194
44 50
44 234
44 170
44 75
45 118
45 166
45 198
45 137
45 76
45 205
45 94
45 63
46 144
46 119
46 72
46 74
46 231
46 106
47 225
47 82
47 150
47 103
47 72
47 153
47 188
47 221
48 49
48 52
48 214
48 186
48 135
48 109
49 97
49 195
49 100
49 152
49 158
49 111
50 131
50 195
50 89
50 234
50 203
51 95
51 213
51 121
51 170
51 206
51 174
52 193
52 122
52 180
52 154
52 208
52 240
53 161
53 66
53 148
53 180
53 139
53 93
54 113
54 162
54 195
54 100
54 81
54 157
54 173
55 81
55 222
55 209
55 113
55 220
55 205
55 110
56 99
56 244
56 181
56 202
56 92
56 237
57 112
57 163
57 164
57 58
57 59
57 62
58 216
58 82
58 228
58 230
58 72
58 156
58 93
59 124
59 146
59 86
59 119
59 188
59 223
60 112
60 164
60 181
60 217
60 136
60 196
60 218
61 115
61 149
61 153
61 186
61 235
61 108
61 101
62 145
62 67
62 113
62 71
62 105
62 170
62 92
63 72
63 67
63 102
63 216
63 109
63 165
64 192
64 225
64 113
64 102
64 77
64 237
65 113
65 226
65 198
65 186
65 202
66 81
66 242
66 229
66 86
66 105
66 233
66 127
67 196
67 155
67 153
67 203
68 179
68 196
68 190
68 174
68 95
69 128
69 178
69 115
69 213
69 243
69 185
69 186
69 110
70 243
70 117
70 151
70 122
70 155
70 157
70 158
71 168
71 105
71 138
72 193
72 199
72 135
73 176
73 240
73 131
73 101
73 160
73 76
74 113
74 169
74 110
74 231
74 200
74 76
74 188
75 144
75 80
75 180
75 117
75 230
75 136
75 236
76 145
76 148
76 244
76 174
76 159
77 136
77 185
77 90
77 173
78 241
78 212
78 228
78 101
78 102
78 84
78 106
78 140
79 162
79 131
79 148
79 130
79 231
79 154
79 98
79 174
80 192
80 216
80 231
80 233
80 171
80 200
81 96
81 213
82 178
82 155
82 159
82 204
82 237
83 240
83 209
83 226
83 206
84 163
84 116
84 197
84 134
84 168
84 156
85 147
85 190
85 138
85 92
85 173
86 96
86 210
86 243
86 230
86 226
86 143
87 115
87 134
87 170
87 108
87 222
88 120
88 234
88 140
88 94
88 159
89 148
89 117
89 172
89 156
89 114
89 191
90 235
90 154
90 187
91 184
91 165
91 134
91 199
91 104
91 144
92 241
92 183
92 154
92 125
93 118
93 215
94 177
94 133
94 124
94 142
95 129
95 99
95 218
96 130
96 196
96 121
96 199
96 105
96 183
97 227
97 122
97 140
97 124
97 159
98 176
98 194
98 116
98 169
98 107
98 191
99 195
99 118
99 215
99 204
100 227
100 186
101 224
101 212
101 200
101 127
102 160
102 147
102 148
103 193
103 132
103 222
103 120
103 107
103 172
104 209
104 179
104 202
104 187
105 226
105 108
105 172
106 120
106 194
106 198
106 188
107 152
107 141
107 206
107 125
108 129
108 228
108 166
108 235
108 238
109 194
109 179
109 153
109 187
109 114
110 212
110 143
110 141
111 160
111 118
111 182
111 134
111 217
111 123
112 121
112 202
112 125
112 159
113 164
113 118
114 226
114 148
114 133
114 169
114 221
114 205
115 145
115 233
115 185
115 219
115 237
116 192
116 145
116 150
116 224
116 210
117 184
117 119
117 137
118 180
118 168
119 136
119 194
119 167
119 159
120 123
120 121
120 139
120 137
121 141
121 238
122 215
122 201
123 242
123 213
123 135
123 194
123 151
124 178
124 154
124 191
125 172
125 141
126 128
126 222
126 232
126 169
126 234
127 139
127 230
127 137
127 219
127 204
127 221
128 168
128 184
128 238
129 171
129 150
129 237
129 142
130 163
130 133
130 227
130 152
130 174
130 239
131 161
131 132
131 215
132 144
132 210
132 230
132 139
132 239
132 223
133 158
133 168
133 154
133 221
134 164
134 183
134 204
134 143
135 187
135 207
135 229
136 235
136 167
136 157
137 228
137 183
138 176
138 144
138 180
138 142
138 239
139 211
139 231
139 171
139 157
140 167
140 171
140 156
141 165
141 214
142 170
142 183
142 218
142 188
142 205
143 178
143 231
143 200
143 175
144 227
145 184
145 154
145 155
146 224
146 147
146 219
146 232
146 239
147 240
147 233
147 189
147 175
148 177
148 229
149 185
149 233
149 202
149 155
149 172
149 207
150 216
150 217
150 202
150 156
151 183
151 222
151 159
152 160
152 165
152 182
152 238
153 228
153 199
153 172
153 175
154 167
155 161
155 191
156 221
157 199
157 207
158 225
158 197
158 184
158 217
158 190
159 217
160 234
160 167
160 236
161 214
161 196
161 182
161 195
162 184
162 165
162 232
162 179
162 237
163 241
163 189
163 207
164 165
165 208
166 240
166 241
166 182
166 184
166 216
167 216
167 233
168 200
168 216
168 189
169 234
169 236
169 190
170 222
170 229
171 178
171 189
171 191
172 192
172 231
173 197
174 241
174 191
175 224
175 226
175 201
175 189
176 209
176 212
176 193
177 192
177 243
177 238
177 207
179 198
179 187
179 220
180 242
180 220
180 205
181 211
181 202
181 223
181 218
181 190
181 207
182 210
182 217
182 201
183 224
184 212
185 195
185 207
185 239
186 235
186 238
187 235
188 225
189 218
189 239
190 227
190 203
191 192
192 198
193 243
193 223
193 207
195 214
196 239
196 223
197 210
197 202
197 203
197 221
198 215
199 242
199 244
199 237
200 241
200 240
201 228
201 213
201 223
203 242
204 214
205 224
205 228
206 240
206 229
206 219
206 235
208 244
208 212
210 219
211 229
211 215
211 223
212 242
213 214
213 229
214 239
215 224
217 244
217 236
219 241
219 234
220 232
220 223
224 244
225 244
225 236
226 238
230 242
230 236
232 236
233 243
0 245
0 246
0 247
0 248
0 249
0 250
1 251
1 252
1 253
1 254
1 255
1 256
2 257
2 258
2 259
2 260
2 261
2 262
3 263
3 264
3 265
3 266
3 267
3 268
4 269
4 270
4 271
4 272
4 273
4 274
5 275
5 276
5 277
5 278
5 279
5 280
6 281
6 282
6 283
6 284
6 285
6 286
7 287
7 288
7 289
7 290
7 291
7 292
8 293
8 294
8 295
8 296
8 297
8 298
9 299
9 300
9 301
9 302
9 303
9 304
10 305
10 306
10 307
10 308
10 309
10 310
11 311
11 312
11 313
11 314
11 315
11 316
12 317
12 318
12 319
12 320
12 321
12 322
13 323
13 324
13 325
13 326
13 327
13 328
14 329
14 330
14 331
14 332
14 333
14 334
15 335
15 336
15 337
15 338
15 339
15 340
16 341
16 342
16 343
16 344
16 345
16 346
17 347
17 348
17 349
17 350
17 351
17 352
18 353
18 354
18 355
18 356
18 357
18 358
19 359
19 360
19 361
19 362
19 363
19 364
20 365
20 366
20 367
20 368
20 369
20 370
21 371
21 372
21 373
21 374
21 375
21 376
22 377
22 378
22 379
22 380
22 381
22 382
23 383
23 384
23 385
23 386
23 387
23 388
24 389
24 390
24 391
24 392
24 393
24 394
25 395
25 396
25 397
25 398
25 399
25 400
26 401
26 402
26 403
26 404
26 405
26 406
27 407
27 408
27 409
27 410
27 411
27 412
28 413
28 414
28 415
28 416
28 417
28 418
29 419
29 420
29 421
29 422
29 423
29 424
30 425
30 426
30 427
30 428
30 429
30 430
31 431
31 432
31 433
31 434
31 435
31 436
32 437
32 438
32 439
32 440
32 441
32 442
33 443
33 444
33 445
33 446
33 447
33 448
34 449
34 450
34 451
34 452
34 453
34 454
35 455
35 456
35 457
35 458
35 459
35 460
36 461
36 462
36 463
36 464
36 465
36 466
37 467
37 468
37 469
37 470
37 471
37 472
38 473
38 474
38 475
38 476
38 477
38 478
39 479
39 480
39 481
39 482
39 483
39 484
40 485
40 486
40 487
40 488
40 489
40 490
41 491
41 492
41 493
41 494
41 495
41 496
42 497
42 498
42 499
42 500
42 501
42 502
43 503
43 504
43 505
43 506
43 507
43 508
44 509
44 510
44 511
44 512
44 513
44 514
45 515
45 516
45 517
45 518
45 519
45 520
46 521
46 522
46 523
46 524
46 525
46 526
47 527
47 528
47 529
47 530
47 531
47 532
48 533
48 534
48 535
48 536
48 537
48 538
49 539
49 540
49 541
49 542
49 543
49 544
50 545
50 546
50 547
50 548
50 549
50 550
51 551
51 552
51 553
51 554
51 555
51 556
52 557
52 558
52 559
52 560
52 561
52 562
53 563
53 564
53 565
53 566
53 567
53 568
54 569
54 570
54 571
54 572
54 573
54 574
55 575
55 576
55 577
55 578
55 579
55 580
56 581
56 582
56 583
56 584
56 585
56 586
57 587
57 588
57 589
57 590
57 591
57 592
58 593
58 594
58 595
58 596
58 597
58 598
59 599
59 600
59 601
59 602
59 603
59 604
60 605
60 606
60 607
60 608
60 609
60 610
61 611
61 612
61 613
61 614
61 615
61 616
62 617
62 618
62 619
62 620
62 621
62 622
63 623
63 624
63 625
63 626
63 627
63 628
64 629
64 630
64 631
64 632
64 633
64 634
65 635
65 636
65 637
65 638
65 639
65 640
66 641
66 642
66 643
66 644
66 645
66 646
67 647
67 648
67 649
67 650
67 651
67 652
68 653
68 654
68 655
68 656
68 657
68 658
69 659
69 660
69 661
69 662
69 663
69 664
70 665
70 666
70 667
70 668
70 669
70 670
71 671
71 672
71 673
71 674
71 675
71 676
72 677
72 678
72 679
72 680
72 681
72 682
73 683
73 684
73 685
73 686
73 687
73 688
74 689
74 690
74 691
74 692
74 693
74 694
75 695
75 696
75 697
75 698
75 699
75 700
76 701
76 702
76 703
76 704
76 705
76 706
77 707
77 708
77 709
77 710
77 711
77 712
78 713
78 714
78 715
78 716
78 717
78 718
79 719
79 720
79 721
79 722
79 723
79 724
80 725
80 726
80 727
80 728
80 729
80 730
81 731
81 732
81 733
81 734
81 735
81 736
82 737
82 738
82 739
82 740
82 741
82 742
83 743
83 744
83 745
83 746
83 747
83 748
84 749
84 750
84 751
84 752
84 753
84 754
85 755
85 756
85 757
85 758
85 759
85 760
86 761
86 762
86 763
86 764
86 765
86 766
87 767
87 768
87 769
87 770
87 771
87 772
88 773
88 774
88 775
88 776
88 777
88 778
89 779
89 780
89 781
89 782
89 783
89 784
90 785
90 786
90 787
90 788
90 789
90 790
91 791
91 792
91 793
91 794
91 795
91 796
92 797
92 798
92 799
92 800
92 801
92 802
93 803
93 804
93 805
93 806
93 807
93 808
94 809
94 810
94 811
94 812
94 813
94 814
95 815
95 816
95 817
95 818
95 819
95 820
96 821
96 822
96 823
96 824
96 825
96 826
97 827
97 828
97 829
97 830
97 831
97 832
98 833
98 834
98 835
98 836
98 837
98 838
99 839
99 840
99 841
99 842
99 843
99 844
100 845
100 846
100 847
100 848
100 849
100 850
101 851
101 852
101 853
101 854
101 855
101 856
102 857
102 858
102 859
102 860
102 861
102 862
103 863
103 864
103 865
103 866
103 867
103 868
104 869
104 870
104 871
104 872
104 873
104 874
105 875
105 876
105 877
105 878
105 879
105 880
106 881
106 882
106 883
106 884
106 885
106 886
107 887
107 888
107 889
107 890
107 891
107 892
108 893
108 894
108 895
108 896
108 897
108 898
109 899
109 900
109 901
109 902
109 903
109 904
110 905
110 906
110 907
110 908
110 909
110 910
111 911
111 912
111 913
111 914
111 915
111 916
112 917
112 918
112 919
112 920
112 921
112 922
113 923
113 924
113 925
113 926
113 927
113 928
114 929
114 930
114 931
114 932
114 933
114 934
115 935
115 936
115 937
115 938
115 939
115 940
116 941
116 942
116 943
116 944
116 945
116 946
117 947
117 948
117 949
117 950
117 951
117 952
118 953
118 954
118 955
118 956
118 957
118 958
119 959
119 960
119 961
119 962
119 963
119 964
120 965
120 966
120 967
120 968
120 969
120 970
121 971
121 972
121 973
121 974
121 975
121 976
122 977
122 978
122 979
122 980
122 981
122 982
123 983
123 984
123 985
123 986
123 987
123 988
124 989
124 990
124 991
124 992
124 993
124 994
125 995
125 996
125 997
125 998
125 999
125 1000
126 1001
126 1002
126 1003
126 1004
126 1005
126 1006
127 1007
127 1008
127 1009
127 1010
127 1011
127 1012
128 1013
128 1014
128 1015
128 1016
128 1017
128 1018
129 1019
129 1020
129 1021
129 1022
129 1023
129 1024
130 1025
130 1026
130 1027
130 1028
130 1029
130 1030
131 1031
131 1032
131 1033
131 1034
131 1035
131 1036
132 1037
132 1038
132 1039
132 1040
132 1041
132 1042
133 1043
133 1044
133 1045
133 1046
133 1047
133 1048
134 1049
134 1050
134 1051
134 1052
134 1053
134 1054
135 1055
135 1056
135 1057
135 1058
135 1059
135 1060
136 1061
136 1062
136 1063
136 1064
136 1065
136 1066
137 1067
137 1068
137 1069
137 1070
137 1071
137 1072
138 1073
138 1074
138 1075
138 1076
138 1077
138 1078
139 1079
139 1080
139 1081
139 1082
139 1083
139 1084
140 1085
140 1086
140 1087
140 1088
140 1089
140 1090
141 1091
141 1092
141 1093
141 1094
141 1095
141 1096
142 1097
142 1098
142 1099
142 1100
142 1101
142 1102
143 1103
143 1104
143 1105
143 1106
143 1107
143 1108
144 1109
144 1110
144 1111
144 1112
144 1113
144 1114
145 1115
145 1116
145 1117
145 1118
145 1119
145 1120
146 1121
146 1122
146 1123
146 1124
146 1125
146 1126
147 1127
147 1128
147 1129
147 1130
147 1131
147 1132
148 1133
148 1134
148 1135
148 1136
148 1137
148 1138
149 1139
149 1140
149 1141
149 1142
149 1143
149 1144
150 1145
150 1146
150 1147
150 1148
150 1149
150 1150
151 1151
151 1152
151 1153
151 1154
151 1155
151 1156
152 1157
152 1158
152 1159
152 1160
152 1161
152 1162
153 1163
153 1164
153 1165
153 1166
153 1167
153 1168
154 1169
154 1170
154 1171
154 1172
154 1173
154 1174
155 1175
155 1176
155 1177
155 1178
155 1179
155 1180
156 1181
156 1182
156 1183
156 1184
156 1185
156 1186
157 1187
157 1188
157 1189
157 1190
157 1191
157 1192
158 1193
158 1194
158 1195
158 1196
158 1197
158 1198
159 1199
159 1200
159 1201
159 1202
159 1203
159 1204
160 1205
160 1206
160 1207
160 1208
160 1209
160 1210
161 1211
161 1212
161 1213
161 1214
161 1215
161 1216
162 1217
162 1218
162 1219
162 1220
162 1221
162 1222
163 1223
163 1224
163 1225
163 1226
163 1227
163 1228
164 1229
164 1230
164 1231
164 1232
164 1233
164 1234
165 1235
165 1236
165 1237
165 1238
165 1239
165 1240
166 1241
166 1242
166 1243
166 1244
166 1245
166 1246
167 1247
167 1248
167 1249
167 1250
167 1251
167 1252
168 1253
168 1254
168 1255
168 1256
168 1257
168 1258
169 1259
169 1260
169 1261
169 1262
169 1263
169 1264
170 1265
170 1266
170 1267
170 1268
170 1269
170 1270
171 1271
171 1272
171 1273
171 1274
171 1275
171 1276
172 1277
172 1278
172 1279
172 1280
172 1281
172 1282
173 1283
173 1284
173 1285
173 1286
173 1287
173 1288
174 1289
174 1290
174 1291
174 1292
174 1293
174 1294
175 1295
175 1296
175 1297
175 1298
175 1299
175 1300
176 1301
176 1302
176 1303
176 1304
176 1305
176 1306
177 1307
177 1308
177 1309
177 1310
177 1311
177 1312
178 1313
178 1314
178 1315
178 1316
178 1317
178 1318
179 1319
179 1320
179 1321
179 1322
179 1323
179 1324
180 1325
180 1326
180 1327
180 1328
180 1329
180 1330
181 1331
181 1332
181 1333
181 1334
181 1335
181 1336
182 1337
182 1338
182 1339
182 1340
182 1341
182 1342
183 1343
183 1344
183 1345
183 1346
183 1347
183 1348
184 1349
184 1350
184 1351
184 1352
184 1353
184 1354
185 1355
185 1356
185 1357
185 1358
185 1359
185 1360
186 1361
186 1362
186 1363
186 1364
186 1365
186 1366
187 1367
187 1368
187 1369
187 1370
187 1371
187 1372
188 1373
188 1374
188 1375
188 1376
188 1377
188 1378
189 1379
189 1380
189 1381
189 1382
189 1383
189 1384
190 1385
190 1386
190 1387
190 1388
190 1389
190 1390
191 1391
191 1392
191 1393
191 1394
191 1395
191 1396
192 1397
192 1398
192 1399
192 1400
192 1401
192 1402
193 1403
193 1404
193 1405
193 1406
193 1407
193 1408
194 1409
194 1410
194 1411
194 1412
194 1413
194 1414
195 1415
195 1416
195 1417
195 1418
195 1419
195 1420
196 1421
196 1422
196 1423
196 1424
196 1425
196 1426
197 1427
197 1428
197 1429
197 1430
197 1431
197 1432
198 1433
198 1434
198 1435
198 1436
198 1437
198 1438
199 1439
199 1440
199 1441
199 1442
199 1443
199 1444
200 1445
200 1446
200 1447
200 1448
200 1449
200 1450
201 1451
201 1452
201 1453
201 1454
201 1455
201 1456
202 1457
202 1458
202 1459
202 1460
202 1461
202 1462
203 1463
203 1464
203 1465
203 1466
203 1467
203 1468
204 1469
204 1470
204 1471
204 1472
204 1473
204 1474
205 1475
205 1476
205 1477
205 1478
205 1479
205 1480
206 1481
206 1482
206 1483
206 1484
206 1485
206 1486
207 1487
207 1488
207 1489
207 1490
207 1491
207 1492
208 1493
208 1494
208 1495
208 1496
208 1497
208 1498
209 1499
209 1500
209 1501
209 1502
209 1503
209 1504
210 1505
210 1506
210 1507
210 1508
210 1509
210 1510
211 1511
211 1512
211 1513
211 1514
211 1515
211 1516
212 1517
212 1518
212 1519
212 1520
212 1521
212 1522
213 1523
213 1524
213 1525
213 1526
213 1527
213 1528
214 1529
214 1530
214 1531
214 1532
214 1533
214 1534
215 1535
215 1536
215 1537
215 1538
215 1539
215 1540
216 1541
216 1542
216 1543
216 1544
216 1545
216 1546
217 1547
217 1548
217 1549
217 1550
217 1551
217 1552
218 1553
218 1554
218 1555
218 1556
218 1557
218 1558
219 1559
219 1560
219 1561
219 1562
219 1563
219 1564
220 1565
220 1566
220 1567
220 1568
220 1569
220 1570
221 1571
221 1572
221 1573
221 1574
221 1575
221 1576
222 1577
222 1578
222 1579
222 1580
222 1581
222 1582
223 1583
223 1584
223 1585
223 1586
223 1587
223 1588
224 1589
224 1590
224 1591
224 1592
224 1593
224 1594
225 1595
225 1596
225 1597
225 1598
225 1599
225 1600
226 1601
226 1602
226 1603
226 1604
226 1605
226 1606
227 1607
227 1608
227 1609
227 1610
227 1611
227 1612
228 1613
228 1614
228 1615
228 1616
228 1617
228 1618
229 1619
229 1620
229 1621
229 1622
229 1623
229 1624
230 1625
230 1626
230 1627
230 1628
230 1629
230 1630
231 1631
231 1632
231 1633
231 1634
231 1635
231 1636
232 1637
232 1638
232 1639
232 1640
232 1641
232 1642
233 1643
233 1644
233 1645
233 1646
233 1647
233 1648
234 1649
234 1650
234 1651
234 1652
234 1653
234 1654
235 1655
235 1656
235 1657
235 1658
235 1659
235 1660
236 1661
236 1662
236 1663
236 1664
236 1665
236 1666
237 1667
237 1668
237 1669
237 1670
237 1671
237 1672
238 1673
238 1674
238 1675
238 1676
238 1677
238 1678
239 1679
239 1680
239 1681
239 1682
239 1683
239 1684
240 1685
240 1686
240 1687
240 1688
240 1689
240 1690
241 1691
241 1692
241 1693
241 1694
241 1695
241 1696
242 1697
242 1698
242 1699
242 1700
242 1701
242 1702
243 1703
243 1704
243 1705
243 1706
243 1707
243 1708
244 1709
244 1710
244 1711
244 1712
244 1713
244 1714
