0 4
0 105
0 142
0 209
0 147
0 52
0 169
0 153
0 26
0 27
0 188
0 189
1 96
1 195
1 101
1 198
1 39
1 85
1 86
1 55
1 153
1 91
1 102
1 126
2 193
2 59
2 166
2 13
2 18
2 88
2 89
2 90
2 123
2 156
2 29
2 158
3 162
3 4
3 196
3 12
3 109
3 210
3 51
3 181
3 153
3 92
3 189
3 85
4 193
4 198
4 45
4 142
4 205
4 148
4 117
4 87
4 26
4 207
5 132
5 105
5 45
5 207
5 145
5 178
5 19
5 147
5 119
5 56
5 93
5 95
6 35
6 36
6 77
6 170
6 175
6 14
6 47
6 80
6 113
6 27
6 10
6 30
7 166
7 135
7 136
7 202
7 172
7 47
7 82
7 51
7 88
7 154
7 158
7 127
8 192
8 32
8 74
8 107
8 204
8 142
8 16
8 113
8 82
8 179
8 84
8 184
9 161
9 98
9 101
9 65
9 201
9 167
9 13
9 84
9 149
9 89
9 186
9 31
10 130
10 169
10 202
10 205
10 110
10 48
10 56
10 179
10 184
10 156
10 138
11 162
11 196
11 34
11 109
11 56
11 146
11 116
11 86
11 87
11 152
11 36
11 26
12 129
12 162
12 70
12 33
12 203
12 108
12 111
12 144
12 181
12 151
12 186
13 33
13 133
13 167
13 40
13 76
13 21
13 23
13 122
13 30
13 37
14 162
14 35
14 169
14 108
14 130
14 78
14 60
14 208
14 95
14 156
14 191
15 160
15 35
15 134
15 168
15 46
15 49
15 147
15 20
15 119
15 184
15 187
15 30
16 139
16 197
16 38
16 42
16 43
16 112
16 200
16 20
16 27
16 125
16 166
17 194
17 163
17 41
17 106
17 173
17 174
17 85
17 86
17 151
17 59
17 138
17 94
18 38
18 70
18 40
18 106
18 139
18 172
18 114
18 53
18 185
18 154
18 94
19 97
19 190
19 45
19 175
19 114
19 85
19 183
19 89
19 90
19 62
19 53
20 161
20 165
20 203
20 141
20 46
20 146
20 84
20 21
20 189
20 127
21 67
21 167
21 136
21 39
21 176
21 178
21 126
21 23
21 89
21 190
22 37
22 145
22 40
22 41
22 103
22 175
22 81
22 180
22 150
22 155
22 62
22 63
23 192
23 197
23 142
23 74
23 107
23 174
23 210
23 183
23 153
23 126
24 75
24 166
24 72
24 203
24 140
24 205
24 46
24 173
24 208
24 114
24 58
24 30
25 136
25 61
25 111
25 48
25 145
25 114
25 84
25 87
25 154
25 91
25 58
25 31
26 66
26 71
26 42
26 75
26 205
26 109
26 58
26 79
26 90
27 130
27 36
27 198
27 199
27 40
27 46
27 145
27 61
27 197
28 164
28 134
28 47
28 72
28 169
28 78
28 143
28 80
28 62
28 155
28 157
28 190
29 129
29 101
29 168
29 210
29 46
29 79
29 141
29 50
29 84
29 91
29 158
30 35
30 199
30 173
30 82
30 119
30 155
30 189
30 63
31 32
31 161
31 164
31 199
31 74
31 81
31 114
31 181
31 182
31 185
32 64
32 163
32 164
32 134
32 75
32 76
32 184
32 88
32 196
32 159
33 193
33 34
33 195
33 165
33 73
33 171
33 66
33 208
33 37
33 191
34 167
34 129
34 77
34 208
34 52
34 118
34 148
34 189
34 94
34 191
35 97
35 66
35 133
35 161
35 74
35 126
35 155
35 170
36 171
36 101
36 144
36 51
36 148
36 149
36 87
36 61
36 165
37 67
37 68
37 103
37 168
37 139
37 78
37 145
37 115
37 92
38 112
38 163
38 197
38 188
38 108
38 85
38 152
38 92
38 61
38 63
39 96
39 131
39 129
39 174
39 114
39 46
39 77
39 206
39 146
39 123
40 192
40 102
40 202
40 80
40 149
40 87
40 58
40 155
41 194
41 202
41 43
41 93
41 210
41 180
41 123
41 156
41 189
41 191
42 54
42 108
42 206
42 177
42 181
42 118
42 91
42 124
42 157
42 159
43 187
43 103
43 104
43 202
43 175
43 72
43 106
43 47
43 156
43 157
44 161
44 68
44 166
44 71
44 106
44 139
44 126
44 53
44 118
44 120
44 188
44 62
45 160
45 192
45 100
45 101
45 103
45 137
45 203
45 50
45 58
46 66
46 164
46 170
46 120
46 54
46 188
47 67
47 196
47 134
47 137
47 115
47 181
47 183
47 55
48 97
48 101
48 104
48 206
48 175
48 85
48 121
48 90
48 188
48 191
49 128
49 160
49 67
49 197
49 166
49 173
49 141
49 99
49 52
49 117
49 148
50 198
50 200
50 141
50 142
50 79
50 178
50 110
50 152
50 185
50 95
51 118
51 104
51 105
51 107
51 140
51 86
51 87
51 122
51 189
52 129
52 81
52 113
52 74
52 194
52 78
52 186
52 124
52 106
53 130
53 199
53 200
53 170
53 162
53 112
53 183
53 58
53 158
54 96
54 100
54 106
54 119
54 147
54 181
54 55
54 91
54 138
54 63
55 195
55 165
55 171
55 203
55 174
55 146
55 56
55 154
55 187
56 98
56 102
56 135
56 144
56 148
56 118
56 57
56 123
57 162
57 163
57 197
57 198
57 170
57 171
57 205
57 113
57 116
57 187
57 93
58 192
58 162
58 201
58 113
58 123
58 156
59 196
59 69
59 104
59 60
59 171
59 147
59 184
59 188
59 61
59 127
60 123
60 69
60 177
60 168
60 206
60 209
60 146
60 184
60 122
60 157
61 170
61 144
61 181
61 182
61 151
61 184
61 154
62 69
62 199
62 138
62 177
62 106
62 120
62 189
62 127
63 97
63 86
63 136
63 175
63 80
63 114
63 120
63 70
64 194
64 131
64 165
64 134
64 72
64 73
64 111
64 115
64 179
64 121
64 122
65 128
65 66
65 99
65 132
65 101
65 107
65 140
65 173
65 80
65 121
65 90
66 194
66 131
66 165
66 168
66 80
66 152
66 185
67 83
67 134
67 171
67 140
67 144
67 115
67 119
67 126
68 160
68 91
68 139
68 77
68 143
68 81
68 86
68 151
68 155
68 156
69 128
69 175
69 70
69 205
69 206
69 143
69 146
69 179
69 182
70 128
70 163
70 80
70 209
70 116
70 183
70 121
70 157
71 82
71 134
71 200
71 75
71 76
71 173
71 205
71 146
71 148
71 157
72 99
72 137
72 172
72 111
72 177
72 116
72 171
72 186
73 161
73 115
73 133
73 167
73 141
73 125
73 147
73 185
73 122
73 93
74 134
74 176
74 163
74 149
74 182
74 191
74 159
75 134
75 202
75 206
75 143
75 110
75 92
75 190
75 159
76 193
76 169
76 172
76 110
76 80
76 140
76 122
76 124
76 158
77 128
77 193
77 164
77 130
77 175
77 144
77 117
77 158
78 196
78 197
78 201
78 92
78 120
78 83
78 152
78 154
79 194
79 101
79 102
79 93
79 149
79 86
79 152
79 154
79 181
80 96
80 196
80 85
80 117
81 123
81 132
81 165
81 103
81 118
81 153
81 88
81 91
82 131
82 100
82 107
82 145
82 178
82 203
82 167
82 122
83 192
83 164
83 135
83 200
83 151
83 207
83 168
83 179
83 119
83 184
84 112
84 136
84 144
84 113
84 150
84 183
84 186
85 208
85 135
85 141
85 100
85 123
86 193
86 201
86 112
86 209
86 117
87 96
87 166
87 202
87 172
87 116
87 117
88 162
88 195
88 198
88 105
88 103
88 146
88 180
88 126
89 95
89 167
89 138
89 147
89 183
89 184
89 123
89 159
90 160
90 97
90 102
90 135
90 145
90 116
90 152
91 174
91 111
91 178
91 95
91 127
92 194
92 165
92 202
92 112
92 114
92 149
92 157
93 193
93 103
93 142
93 149
93 118
93 169
93 125
94 96
94 128
94 132
94 103
94 192
94 174
94 179
94 182
94 154
95 168
95 170
95 109
95 181
95 121
95 189
95 127
96 102
96 200
96 183
96 176
96 209
96 182
97 128
97 161
97 164
97 197
97 106
97 171
97 141
98 193
98 130
98 131
98 107
98 204
98 206
98 112
98 179
98 153
98 125
99 165
99 199
99 145
99 142
99 111
99 208
99 178
99 147
99 151
100 128
100 129
100 163
100 150
100 135
100 104
100 171
100 125
101 133
101 169
101 172
101 208
102 201
102 202
102 115
102 153
102 188
102 154
103 163
103 145
103 178
103 180
104 163
104 105
104 171
104 109
104 181
104 185
104 125
105 136
105 176
105 179
105 183
105 121
105 190
105 133
106 161
106 131
106 140
106 186
107 209
107 119
107 145
107 155
107 135
107 199
108 160
108 195
108 133
108 179
108 116
108 118
108 185
108 127
109 137
109 204
109 174
109 143
109 210
109 117
109 207
110 130
110 133
110 168
110 172
110 210
110 143
110 200
110 148
111 172
111 133
111 137
111 142
111 131
111 125
112 195
112 132
112 179
112 185
112 158
113 134
113 199
113 201
113 139
113 143
113 121
114 133
114 176
114 209
114 180
115 194
115 167
115 138
115 141
115 120
115 154
116 166
116 136
116 118
116 122
116 190
117 130
117 198
117 170
117 162
117 148
118 194
118 176
118 151
119 161
119 169
119 147
119 180
119 157
120 163
120 136
120 140
120 177
120 181
120 127
121 133
121 144
121 143
121 177
121 124
122 162
122 132
122 151
122 154
123 200
123 178
123 149
124 166
124 200
124 140
124 205
124 178
124 180
124 184
124 148
125 165
125 200
125 210
125 152
125 186
126 135
126 153
126 186
126 159
126 191
127 160
127 143
127 178
127 150
128 169
128 204
128 158
128 166
129 192
129 175
129 177
129 153
129 196
129 143
130 201
130 175
130 184
130 187
131 196
131 170
131 203
131 144
131 182
132 138
132 141
132 142
132 149
132 151
132 187
133 182
133 191
134 169
134 207
135 201
135 174
135 208
135 150
136 196
136 203
136 144
136 178
137 193
137 204
137 176
137 189
137 150
137 152
137 186
138 164
138 168
138 169
138 173
138 208
139 198
139 167
139 207
139 180
139 185
139 157
140 195
140 164
140 172
140 205
141 161
141 204
141 143
142 160
142 196
142 182
143 192
144 202
144 168
145 173
145 207
146 192
146 190
146 153
146 158
147 178
147 148
147 159
148 197
148 187
149 193
149 155
149 188
150 198
150 203
150 177
150 183
150 188
150 190
151 161
151 204
151 195
152 195
152 199
152 163
153 170
153 156
154 156
155 162
155 198
155 172
155 180
156 164
156 197
156 207
157 200
157 174
157 203
158 171
158 207
158 187
159 167
159 168
159 174
159 210
159 206
160 194
160 170
160 173
160 186
161 207
162 170
163 180
164 199
164 191
165 204
165 174
166 198
166 167
167 210
168 185
169 177
171 180
172 209
172 182
173 195
173 187
173 191
174 194
175 206
175 205
176 192
176 199
176 183
176 201
176 187
177 204
177 209
177 191
179 193
179 204
180 208
181 199
182 195
182 208
183 201
184 187
185 210
185 188
186 205
186 208
187 204
188 200
188 209
189 210
189 190
190 198
190 207
190 201
191 209
192 209
193 205
194 206
195 210
196 197
197 203
201 206
202 204
202 207
203 206
0 211
1 212
2 213
3 214
4 215
5 216
6 217
7 218
8 219
9 220
10 221
11 222
12 223
13 224
14 225
15 226
16 227
17 228
18 229
19 230
20 231
21 232
22 233
23 234
24 235
25 236
26 237
27 238
28 239
29 240
30 241
31 242
32 243
33 244
34 245
35 246
36 247
37 248
38 249
39 250
40 251
41 252
42 253
43 254
44 255
45 256
46 257
47 258
48 259
49 260
50 261
51 262
52 263
53 264
54 265
55 266
56 267
57 268
58 269
59 270
60 271
61 272
62 273
63 274
64 275
65 276
66 277
67 278
68 279
69 280
70 281
71 282
72 283
73 284
74 285
75 286
76 287
77 288
78 289
79 290
80 291
81 292
82 293
83 294
84 295
85 296
86 297
87 298
88 299
89 300
90 301
91 302
92 303
93 304
94 305
95 306
96 307
97 308
98 309
99 310
100 311
101 312
102 313
103 314
104 315
105 316
106 317
107 318
108 319
109 320
110 321
111 322
112 323
113 324
114 325
115 326
116 327
117 328
118 329
119 330
120 331
121 332
122 333
123 334
124 335
125 336
126 337
127 338
128 339
129 340
130 341
131 342
132 343
133 344
134 345
135 346
136 347
137 348
138 349
139 350
140 351
141 352
142 353
143 354
144 355
145 356
146 357
147 358
148 359
149 360
150 361
151 362
152 363
153 364
154 365
155 366
156 367
157 368
158 369
159 370
160 371
161 372
162 373
163 374
164 375
165 376
166 377
167 378
168 379
169 380
170 381
171 382
172 383
173 384
174 385
175 386
176 387
177 388
178 389
179 390
180 391
181 392
182 393
183 394
184 395
185 396
186 397
187 398
188 399
189 400
190 401
191 402
192 403
193 404
194 405
195 406
196 407
197 408
198 409
199 410
200 411
201 412
202 413
203 414
204 415
205 416
206 417
207 418
208 419
209 420
210 421
