0 241
0 402
0 440
0 164
0 137
0 8
0 105
0 90
0 219
0 122
1 176
1 449
1 163
1 372
1 149
1 341
1 376
1 276
1 334
1 21
2 33
2 178
2 36
2 57
2 263
2 185
2 442
2 203
2 412
2 273
3 359
3 24
3 274
3 171
3 39
3 104
3 105
3 394
3 11
3 222
4 161
4 51
4 262
4 326
4 89
4 431
4 315
4 140
4 62
4 447
5 416
5 359
5 187
5 23
5 42
5 87
5 387
5 365
5 174
5 205
6 129
6 82
6 373
6 438
6 408
6 201
6 202
6 370
6 445
6 446
7 80
7 59
7 131
7 309
7 251
7 8
7 425
7 187
7 427
7 165
8 384
8 290
8 102
8 150
8 361
8 314
8 364
8 415
9 292
9 389
9 246
9 73
9 56
9 169
9 404
9 299
9 135
9 372
10 48
10 400
10 118
10 441
10 344
10 361
10 151
10 401
10 269
10 45
11 107
11 114
11 115
11 100
11 229
11 70
11 212
11 363
11 350
12 257
12 322
12 83
12 286
12 38
12 137
12 185
12 315
12 284
12 307
13 384
13 417
13 212
13 245
13 246
13 343
13 248
13 427
13 332
13 47
14 48
14 192
14 275
14 309
14 342
14 55
14 152
14 282
14 60
14 238
15 320
15 321
15 61
15 323
15 333
15 424
15 186
15 157
15 62
15 223
16 144
16 84
16 407
16 360
16 356
16 71
16 252
16 77
16 222
16 335
17 241
17 146
17 155
17 350
17 89
17 392
17 105
17 359
17 364
17 78
18 80
18 193
18 130
18 131
18 117
18 150
18 361
18 329
18 140
18 297
19 192
19 146
19 187
19 178
19 281
19 265
19 266
19 383
19 191
19 239
20 433
20 403
20 56
20 118
20 343
20 152
20 148
20 225
20 302
20 111
21 433
21 434
21 155
21 37
21 437
21 75
21 236
21 69
21 53
22 256
22 146
22 323
22 345
22 121
22 297
22 26
22 429
22 142
22 335
23 177
23 118
23 168
23 153
23 382
23 267
23 140
23 62
23 159
24 417
24 229
24 310
24 119
24 437
24 379
24 230
24 142
24 111
25 352
25 354
25 195
25 292
25 341
25 169
25 234
25 44
25 430
25 60
26 256
26 248
26 315
26 213
26 376
26 283
26 364
26 173
26 37
27 274
27 187
27 84
27 334
27 393
27 377
27 362
27 267
27 430
27 47
28 290
28 291
28 149
28 86
28 57
28 297
28 217
28 279
28 365
28 133
29 144
29 304
29 210
29 179
29 260
29 66
29 342
29 56
29 106
29 138
30 208
30 369
30 67
30 213
30 438
30 65
30 136
30 128
30 407
30 90
31 304
31 225
31 350
31 277
31 398
31 41
31 91
31 253
31 62
31 166
32 115
32 114
32 355
32 84
32 37
32 390
32 213
32 111
32 157
32 335
33 432
33 240
33 114
33 179
33 116
33 152
33 239
33 411
33 63
34 424
34 446
34 209
34 168
34 233
34 282
34 117
34 365
34 126
34 381
35 243
35 148
35 405
35 86
35 343
35 47
35 410
35 267
35 173
35 287
36 292
36 37
36 119
36 360
36 60
36 347
36 108
36 333
36 247
37 98
37 102
37 103
37 72
37 196
37 346
38 76
38 305
38 116
38 216
38 329
38 295
38 364
38 104
38 143
39 401
39 435
39 182
39 166
39 200
39 202
39 378
39 108
39 365
40 224
40 417
40 150
40 406
40 358
40 161
40 218
40 351
40 334
40 198
41 209
41 235
41 324
41 150
41 292
41 59
41 429
41 270
41 317
42 240
42 402
42 339
42 436
42 54
42 278
42 330
42 235
42 172
43 163
43 83
43 99
43 100
43 179
43 231
43 250
43 411
43 316
43 94
44 48
44 289
44 203
44 388
44 181
44 87
44 264
44 439
44 398
45 433
45 162
45 52
45 97
45 104
45 88
45 152
45 285
45 79
46 307
46 261
46 421
46 316
46 92
46 411
46 124
46 221
46 126
46 127
47 352
47 51
47 228
47 53
47 281
47 296
47 425
48 449
48 257
48 248
48 151
48 412
48 218
48 415
49 112
49 65
49 386
49 96
49 117
49 97
49 56
49 137
49 158
49 319
50 224
50 208
50 242
50 116
50 53
50 342
50 376
50 411
50 430
50 447
51 450
51 371
51 292
51 163
51 198
51 426
51 380
51 178
52 256
52 192
52 98
52 375
52 247
52 314
52 315
52 60
52 418
53 196
53 414
53 296
53 59
53 204
53 301
53 222
54 384
54 129
54 404
54 308
54 70
54 425
54 427
54 253
54 260
55 141
55 254
55 131
55 126
55 442
55 123
55 204
55 349
55 127
56 291
56 260
56 296
56 317
56 286
56 223
57 304
57 385
57 420
57 181
57 218
57 266
57 414
57 141
58 256
58 161
58 275
58 436
58 278
58 307
58 138
58 191
58 122
58 207
59 288
59 201
59 404
59 70
59 152
59 169
59 235
60 166
60 247
60 248
60 75
60 92
60 175
61 385
61 257
61 132
61 327
61 264
61 367
61 312
61 429
61 255
62 177
62 338
62 185
62 184
62 111
62 254
63 448
63 113
63 370
63 374
63 215
63 280
63 91
63 167
63 303
64 256
64 209
64 267
64 285
64 343
64 331
64 364
64 395
64 174
64 319
65 112
65 182
65 145
65 298
65 203
65 316
65 288
65 271
66 368
66 257
66 403
66 309
66 279
66 199
66 232
66 299
66 157
67 240
67 242
67 339
67 294
67 246
67 392
67 201
67 114
67 175
68 123
68 258
68 245
68 277
68 310
68 327
68 170
68 119
68 141
68 127
69 321
69 213
69 195
69 438
69 385
69 444
69 412
69 158
69 287
70 386
70 435
70 196
70 126
70 259
70 94
70 239
71 288
71 403
71 361
71 442
71 303
71 204
71 250
71 414
71 447
72 336
72 96
72 251
72 181
72 112
72 314
72 331
72 237
72 437
73 320
73 323
73 388
73 277
73 390
73 201
73 235
73 167
73 109
74 368
74 161
74 395
74 292
74 181
74 343
74 232
74 314
74 443
74 317
75 275
75 391
75 389
75 284
75 154
75 219
75 349
75 175
76 241
76 130
76 83
76 407
76 360
76 282
76 123
76 428
76 411
77 432
77 323
77 414
77 417
77 391
77 236
77 413
77 366
77 383
78 243
78 131
78 229
78 422
78 151
78 220
78 237
78 190
78 191
79 219
79 132
79 85
79 280
79 421
79 163
79 91
79 234
79 287
80 337
80 334
80 357
80 254
80 167
80 168
80 206
80 229
81 267
81 84
81 309
81 375
81 440
81 324
81 439
81 91
81 135
81 405
82 336
82 338
82 83
82 246
82 295
82 394
82 159
82 430
82 223
83 385
83 327
83 281
83 253
83 318
83 431
84 241
84 443
84 390
84 96
84 416
84 95
85 141
85 257
85 356
85 294
85 313
85 392
85 436
85 333
85 398
86 305
86 162
86 422
86 358
86 374
86 188
86 434
86 157
87 289
87 402
87 294
87 218
87 394
87 285
87 280
87 175
88 259
88 148
88 310
88 231
88 104
88 441
88 397
88 137
88 429
89 210
89 244
89 181
89 164
89 379
89 349
89 206
89 269
90 322
90 283
90 132
90 142
90 239
90 396
90 194
90 287
91 352
91 115
91 147
91 289
91 216
91 363
92 369
92 334
92 245
92 228
92 399
92 251
92 157
92 127
93 266
93 241
93 99
93 94
93 199
93 138
93 251
93 381
93 222
93 223
94 432
94 375
94 132
94 101
94 199
94 264
94 228
95 176
95 321
95 418
95 165
95 391
95 216
95 380
95 108
95 397
96 186
96 248
96 313
96 362
96 444
96 125
96 365
97 240
97 241
97 292
97 165
97 360
97 348
97 136
97 332
98 300
98 151
98 201
98 378
98 103
98 284
98 282
98 255
99 400
99 353
99 274
99 406
99 111
99 338
99 237
99 173
100 115
100 280
100 180
100 165
100 209
100 408
100 171
100 301
101 112
101 146
101 323
101 195
101 345
101 216
101 361
101 371
101 265
102 198
102 435
102 388
102 422
102 380
102 379
102 172
102 285
103 173
103 130
103 310
103 377
103 255
103 274
103 110
103 367
104 261
104 327
104 441
104 154
104 159
104 207
105 176
105 290
105 213
105 265
105 426
105 172
105 437
106 278
106 403
106 147
106 285
106 349
106 308
106 249
106 358
106 141
107 416
107 256
107 338
107 260
107 405
107 390
107 162
107 410
107 178
108 161
108 306
108 123
108 197
108 214
108 361
108 375
109 387
109 404
109 309
109 276
109 408
109 196
109 339
109 283
109 379
110 176
110 120
110 370
110 228
110 169
110 153
110 223
110 222
110 303
111 342
111 357
111 118
111 250
111 396
112 416
112 226
112 211
112 409
112 316
112 189
113 214
113 274
113 283
113 420
113 325
113 374
113 327
113 168
113 271
114 273
114 193
114 434
114 380
114 221
114 125
115 415
115 207
115 293
115 183
115 286
115 127
116 208
116 195
116 327
116 440
116 316
116 332
116 413
117 274
117 418
117 357
117 266
117 364
117 190
117 293
118 322
118 179
118 236
118 262
118 204
118 140
119 305
119 178
119 164
119 173
119 404
119 141
119 206
120 370
120 435
120 148
120 183
120 232
120 330
120 268
120 386
120 319
121 336
121 177
121 307
121 132
121 423
121 388
121 346
121 379
121 188
122 180
122 278
122 297
122 397
122 345
122 375
122 266
122 237
123 352
123 193
123 438
123 343
123 217
123 298
124 351
124 179
124 372
124 276
124 196
124 443
124 381
124 126
124 253
125 448
125 171
125 230
125 168
125 153
125 170
125 331
125 190
126 450
126 412
126 426
126 140
126 221
127 195
127 296
127 330
127 267
127 317
128 176
128 227
128 164
128 149
128 406
128 438
128 200
128 426
128 415
129 337
129 242
129 147
129 423
129 344
129 161
129 194
129 222
130 206
130 358
130 156
130 346
130 155
130 394
130 222
131 139
131 154
131 306
131 412
131 226
131 349
132 144
132 450
132 154
132 347
132 430
133 192
133 385
133 146
133 355
133 197
133 262
133 231
133 203
133 173
134 179
134 388
134 196
134 374
134 389
134 185
134 282
134 252
134 218
134 149
135 222
135 323
135 294
135 406
135 329
135 138
135 141
135 430
136 320
136 368
136 195
136 334
136 302
136 246
136 348
136 367
137 180
137 439
137 296
137 331
137 269
137 415
138 303
138 242
138 276
138 316
138 298
138 172
139 225
139 402
139 309
139 312
139 329
139 351
139 444
139 254
139 437
140 372
140 178
140 393
140 202
140 186
141 274
141 291
141 395
142 402
142 421
142 407
142 200
142 300
142 298
142 239
143 288
143 177
143 370
143 220
143 265
143 380
143 386
143 318
143 191
144 304
144 368
144 277
144 152
144 329
144 284
144 255
145 288
145 273
145 211
145 245
145 172
145 437
145 192
145 433
145 175
146 437
146 296
146 426
146 341
146 325
147 432
147 195
147 214
147 310
147 231
147 332
147 250
148 163
148 377
148 282
148 396
148 189
148 445
149 435
149 389
149 433
149 188
149 155
149 335
150 387
150 373
150 342
150 227
150 371
150 406
151 357
151 231
151 408
151 348
151 413
151 319
152 242
152 275
152 262
152 166
153 160
153 305
153 291
153 318
153 238
153 217
153 333
154 353
154 447
154 410
154 300
154 189
154 367
155 261
155 184
155 399
155 322
155 189
155 357
156 273
156 387
156 244
156 277
156 232
156 409
156 420
156 403
156 398
157 225
157 306
157 201
157 447
157 350
158 304
158 434
158 211
158 409
158 236
158 338
158 397
158 351
159 340
159 204
159 436
159 412
159 231
159 380
159 175
160 320
160 434
160 275
160 163
160 422
160 393
160 202
160 219
160 301
161 289
161 390
161 311
161 332
162 230
162 324
162 270
162 428
162 268
162 204
162 254
163 384
163 277
163 328
163 446
164 402
164 427
164 216
164 234
164 279
164 442
165 354
165 203
165 358
165 297
165 233
165 221
166 320
166 360
166 310
166 214
166 204
166 287
167 401
167 400
167 228
167 294
167 438
167 169
167 182
168 241
168 197
168 425
168 189
168 223
169 296
169 247
169 200
169 413
169 329
170 425
170 262
170 293
170 422
170 279
170 344
170 356
170 365
171 337
171 221
171 446
171 230
171 186
171 382
171 309
172 389
172 313
172 264
172 442
172 275
173 332
173 313
173 428
173 361
174 263
174 384
174 388
174 247
174 363
174 428
174 381
174 398
175 271
175 186
175 445
175 415
176 418
176 276
176 420
176 239
176 290
177 449
177 259
177 428
177 363
177 284
177 333
178 436
178 261
178 423
178 236
179 368
179 419
179 375
179 236
180 248
180 210
180 261
180 295
180 232
180 334
180 197
181 219
181 350
181 331
181 250
181 366
182 370
182 196
182 296
182 265
182 330
182 397
182 431
183 408
183 306
183 406
183 423
183 395
183 396
183 194
183 206
184 432
184 323
184 212
184 421
184 278
184 375
184 200
184 356
185 321
185 375
185 426
185 251
185 210
185 190
186 302
186 413
186 335
186 333
186 382
187 432
187 343
187 320
187 266
187 443
187 301
188 240
188 409
188 450
188 259
188 279
188 297
188 197
189 368
189 422
189 436
189 362
189 319
190 401
190 414
190 278
190 262
190 330
190 254
191 253
191 290
191 311
191 201
191 391
191 301
192 337
192 322
192 427
192 249
192 315
193 400
193 324
193 198
193 280
193 381
193 290
193 317
194 304
194 307
194 230
194 198
194 225
194 203
194 335
195 401
195 199
195 239
196 288
196 408
196 297
197 208
197 225
197 243
197 230
197 330
198 325
198 374
198 283
198 236
198 293
199 384
199 273
199 341
199 369
199 442
199 257
200 448
200 264
200 203
200 438
200 231
201 288
201 249
201 302
202 443
202 405
202 295
202 379
202 205
202 223
203 442
203 317
203 286
204 322
204 229
204 315
205 339
205 212
205 374
205 439
205 259
205 387
205 298
205 399
206 257
206 226
206 260
206 326
206 212
207 272
207 436
207 263
207 297
207 314
207 359
207 300
208 354
208 347
208 293
208 377
208 383
208 287
209 337
209 292
209 293
209 377
209 408
209 287
210 435
210 388
210 229
210 424
210 219
210 363
211 235
211 212
211 325
211 243
211 321
211 219
211 445
212 369
212 227
212 366
212 312
213 254
213 277
213 412
213 429
213 318
214 406
214 393
214 377
214 252
214 349
214 350
215 224
215 280
215 338
215 245
215 448
215 405
215 264
215 393
215 319
216 297
216 408
216 405
216 444
216 445
217 227
217 301
217 345
217 282
217 381
217 382
217 255
218 385
218 308
218 378
218 234
218 410
219 437
219 424
219 348
220 240
220 352
220 420
220 328
220 268
220 362
220 363
220 236
221 306
221 366
221 439
221 242
221 290
222 392
222 351
223 450
223 228
223 358
224 419
224 388
224 358
224 315
224 391
224 429
224 238
225 419
225 307
225 378
225 367
226 369
226 322
226 342
226 272
226 411
226 349
226 368
227 443
227 359
227 328
227 363
227 397
227 318
228 432
228 387
228 371
228 315
229 339
229 380
229 434
229 447
230 353
230 386
230 322
230 287
231 289
231 261
231 311
232 448
232 416
232 393
232 379
232 270
233 405
233 378
233 313
233 314
233 283
233 428
233 234
233 239
234 272
234 354
234 244
234 314
234 350
235 384
235 320
235 341
235 364
235 346
236 250
236 347
237 340
237 414
237 265
237 314
237 444
237 333
238 449
238 260
238 300
238 328
238 308
238 396
238 399
239 389
239 366
240 274
240 372
240 289
240 376
241 391
241 394
241 445
242 336
242 278
242 374
242 425
243 368
243 348
243 346
243 252
243 285
243 271
244 272
244 357
244 407
244 299
244 268
244 281
244 447
245 432
245 288
245 435
245 311
245 431
246 316
246 294
246 263
246 284
246 275
247 387
247 324
247 312
247 441
247 382
248 312
248 329
248 331
248 350
249 256
249 360
249 403
249 404
249 425
249 280
249 441
250 400
250 434
250 390
250 296
251 288
251 256
251 364
251 398
251 415
252 450
252 355
252 420
252 393
252 395
252 286
253 328
253 442
253 395
253 317
253 254
254 355
254 414
255 368
255 448
255 306
255 392
255 430
256 418
256 390
257 438
257 316
257 396
258 417
258 308
258 294
258 292
258 393
258 298
258 444
258 365
258 318
259 433
259 434
259 362
259 445
259 270
260 262
260 326
260 375
260 377
261 272
261 336
261 404
261 264
262 419
262 359
262 284
263 372
263 374
263 386
263 415
263 429
263 318
264 344
264 410
264 270
265 304
265 340
265 360
265 316
266 418
266 339
266 403
266 317
267 313
267 409
267 300
267 333
268 272
268 409
268 444
268 363
268 429
268 413
269 337
269 354
269 419
269 295
269 424
269 411
269 285
270 417
270 434
270 392
270 381
270 334
271 305
271 340
271 424
271 372
271 394
271 366
272 323
272 340
272 408
272 362
273 444
273 345
273 346
273 299
273 367
274 409
274 333
275 449
275 391
275 394
276 308
276 381
276 440
276 410
276 302
277 424
277 355
277 443
278 356
278 371
278 383
279 352
279 353
279 311
279 362
279 286
280 415
280 321
280 359
281 290
281 351
281 297
281 332
281 386
281 431
282 441
282 423
282 399
283 373
283 328
283 443
283 349
284 295
284 447
284 319
285 289
285 394
285 387
286 392
286 305
286 345
286 383
287 417
287 312
288 336
289 343
289 331
289 298
290 386
290 314
291 352
291 403
291 389
291 339
291 331
291 315
292 400
293 371
293 388
293 410
293 399
294 337
294 376
294 447
295 369
295 311
295 344
295 302
296 397
298 336
298 360
298 430
299 400
299 449
299 439
299 440
299 442
299 347
300 373
300 393
300 365
300 446
301 371
301 344
301 308
301 366
302 352
302 325
302 408
302 442
303 338
303 446
303 427
303 332
303 365
303 335
304 388
304 394
304 427
305 400
305 310
305 378
305 366
306 384
306 355
306 390
306 318
307 320
307 390
307 327
307 441
308 309
308 392
308 341
309 406
309 395
310 440
310 313
310 410
311 322
311 439
311 406
311 423
312 326
312 424
312 412
312 397
313 344
313 398
313 445
314 331
315 356
316 401
317 396
317 381
318 426
318 351
319 400
319 376
319 336
320 391
320 329
321 323
321 439
321 413
321 350
322 423
323 367
324 448
324 420
324 329
324 349
324 382
325 432
325 450
325 376
325 364
325 368
326 400
326 354
326 409
326 410
326 348
326 418
327 433
327 361
327 379
328 449
328 353
328 426
328 383
329 341
330 353
330 404
330 357
330 359
331 357
332 364
332 431
333 425
334 361
334 415
335 433
335 373
335 396
336 450
336 404
337 402
337 344
337 414
338 384
338 411
338 366
339 416
339 446
339 373
340 409
340 433
340 354
340 341
340 439
341 347
341 412
342 437
342 391
342 424
342 380
343 353
343 425
344 370
344 430
345 402
345 358
345 372
345 377
346 347
346 421
346 396
346 447
347 378
347 394
347 389
348 419
348 372
348 377
348 382
349 419
350 440
351 370
351 421
351 399
352 432
352 417
353 356
353 441
353 379
354 409
354 362
354 389
355 450
355 358
355 446
355 398
356 385
356 407
356 393
357 401
357 421
358 411
359 416
359 395
360 422
360 433
361 403
362 416
362 367
363 390
363 427
365 431
366 436
367 401
367 379
369 417
369 435
369 373
369 371
370 382
370 380
371 401
371 387
372 406
373 391
373 438
373 431
374 429
374 407
375 383
376 450
376 404
376 428
377 420
378 385
378 437
378 381
380 438
382 427
382 422
383 423
383 428
383 399
384 418
385 421
385 422
386 435
386 421
387 426
389 440
392 407
392 403
395 412
395 414
396 399
397 405
397 399
398 448
398 423
401 407
402 449
402 425
405 434
405 449
407 420
410 419
411 419
413 416
413 440
413 426
414 444
416 445
417 418
418 423
419 422
420 436
421 448
424 435
427 441
428 440
428 441
429 448
430 443
431 436
431 444
439 443
445 446
446 449
0 451
0 452
0 453
0 454
0 455
0 456
0 457
0 458
0 459
1 460
1 461
1 462
1 463
1 464
1 465
1 466
1 467
1 468
2 469
2 470
2 471
2 472
2 473
2 474
2 475
2 476
2 477
3 478
3 479
3 480
3 481
3 482
3 483
3 484
3 485
3 486
4 487
4 488
4 489
4 490
4 491
4 492
4 493
4 494
4 495
5 496
5 497
5 498
5 499
5 500
5 501
5 502
5 503
5 504
6 505
6 506
6 507
6 508
6 509
6 510
6 511
6 512
6 513
7 514
7 515
7 516
7 517
7 518
7 519
7 520
7 521
7 522
8 523
8 524
8 525
8 526
8 527
8 528
8 529
8 530
8 531
9 532
9 533
9 534
9 535
9 536
9 537
9 538
9 539
9 540
10 541
10 542
10 543
10 544
10 545
10 546
10 547
10 548
10 549
11 550
11 551
11 552
11 553
11 554
11 555
11 556
11 557
11 558
12 559
12 560
12 561
12 562
12 563
12 564
12 565
12 566
12 567
13 568
13 569
13 570
13 571
13 572
13 573
13 574
13 575
13 576
14 577
14 578
14 579
14 580
14 581
14 582
14 583
14 584
14 585
15 586
15 587
15 588
15 589
15 590
15 591
15 592
15 593
15 594
16 595
16 596
16 597
16 598
16 599
16 600
16 601
16 602
16 603
17 604
17 605
17 606
17 607
17 608
17 609
17 610
17 611
17 612
18 613
18 614
18 615
18 616
18 617
18 618
18 619
18 620
18 621
19 622
19 623
19 624
19 625
19 626
19 627
19 628
19 629
19 630
20 631
20 632
20 633
20 634
20 635
20 636
20 637
20 638
20 639
21 640
21 641
21 642
21 643
21 644
21 645
21 646
21 647
21 648
22 649
22 650
22 651
22 652
22 653
22 654
22 655
22 656
22 657
23 658
23 659
23 660
23 661
23 662
23 663
23 664
23 665
23 666
24 667
24 668
24 669
24 670
24 671
24 672
24 673
24 674
24 675
25 676
25 677
25 678
25 679
25 680
25 681
25 682
25 683
25 684
26 685
26 686
26 687
26 688
26 689
26 690
26 691
26 692
26 693
27 694
27 695
27 696
27 697
27 698
27 699
27 700
27 701
27 702
28 703
28 704
28 705
28 706
28 707
28 708
28 709
28 710
28 711
29 712
29 713
29 714
29 715
29 716
29 717
29 718
29 719
29 720
30 721
30 722
30 723
30 724
30 725
30 726
30 727
30 728
30 729
31 730
31 731
31 732
31 733
31 734
31 735
31 736
31 737
31 738
32 739
32 740
32 741
32 742
32 743
32 744
32 745
32 746
32 747
33 748
33 749
33 750
33 751
33 752
33 753
33 754
33 755
33 756
34 757
34 758
34 759
34 760
34 761
34 762
34 763
34 764
34 765
35 766
35 767
35 768
35 769
35 770
35 771
35 772
35 773
35 774
36 775
36 776
36 777
36 778
36 779
36 780
36 781
36 782
36 783
37 784
37 785
37 786
37 787
37 788
37 789
37 790
37 791
37 792
38 793
38 794
38 795
38 796
38 797
38 798
38 799
38 800
38 801
39 802
39 803
39 804
39 805
39 806
39 807
39 808
39 809
39 810
40 811
40 812
40 813
40 814
40 815
40 816
40 817
40 818
40 819
41 820
41 821
41 822
41 823
41 824
41 825
41 826
41 827
41 828
42 829
42 830
42 831
42 832
42 833
42 834
42 835
42 836
42 837
43 838
43 839
43 840
43 841
43 842
43 843
43 844
43 845
43 846
44 847
44 848
44 849
44 850
44 851
44 852
44 853
44 854
44 855
45 856
45 857
45 858
45 859
45 860
45 861
45 862
45 863
45 864
46 865
46 866
46 867
46 868
46 869
46 870
46 871
46 872
46 873
47 874
47 875
47 876
47 877
47 878
47 879
47 880
47 881
47 882
48 883
48 884
48 885
48 886
48 887
48 888
48 889
48 890
48 891
49 892
49 893
49 894
49 895
49 896
49 897
49 898
49 899
49 900
50 901
50 902
50 903
50 904
50 905
50 906
50 907
50 908
50 909
51 910
51 911
51 912
51 913
51 914
51 915
51 916
51 917
51 918
52 919
52 920
52 921
52 922
52 923
52 924
52 925
52 926
52 927
53 928
53 929
53 930
53 931
53 932
53 933
53 934
53 935
53 936
54 937
54 938
54 939
54 940
54 941
54 942
54 943
54 944
54 945
55 946
55 947
55 948
55 949
55 950
55 951
55 952
55 953
55 954
56 955
56 956
56 957
56 958
56 959
56 960
56 961
56 962
56 963
57 964
57 965
57 966
57 967
57 968
57 969
57 970
57 971
57 972
58 973
58 974
58 975
58 976
58 977
58 978
58 979
58 980
58 981
59 982
59 983
59 984
59 985
59 986
59 987
59 988
59 989
59 990
60 991
60 992
60 993
60 994
60 995
60 996
60 997
60 998
60 999
61 1000
61 1001
61 1002
61 1003
61 1004
61 1005
61 1006
61 1007
61 1008
62 1009
62 1010
62 1011
62 1012
62 1013
62 1014
62 1015
62 1016
62 1017
63 1018
63 1019
63 1020
63 1021
63 1022
63 1023
63 1024
63 1025
63 1026
64 1027
64 1028
64 1029
64 1030
64 1031
64 1032
64 1033
64 1034
64 1035
65 1036
65 1037
65 1038
65 1039
65 1040
65 1041
65 1042
65 1043
65 1044
66 1045
66 1046
66 1047
66 1048
66 1049
66 1050
66 1051
66 1052
66 1053
67 1054
67 1055
67 1056
67 1057
67 1058
67 1059
67 1060
67 1061
67 1062
68 1063
68 1064
68 1065
68 1066
68 1067
68 1068
68 1069
68 1070
68 1071
69 1072
69 1073
69 1074
69 1075
69 1076
69 1077
69 1078
69 1079
69 1080
70 1081
70 1082
70 1083
70 1084
70 1085
70 1086
70 1087
70 1088
70 1089
71 1090
71 1091
71 1092
71 1093
71 1094
71 1095
71 1096
71 1097
71 1098
72 1099
72 1100
72 1101
72 1102
72 1103
72 1104
72 1105
72 1106
72 1107
73 1108
73 1109
73 1110
73 1111
73 1112
73 1113
73 1114
73 1115
73 1116
74 1117
74 1118
74 1119
74 1120
74 1121
74 1122
74 1123
74 1124
74 1125
75 1126
75 1127
75 1128
75 1129
75 1130
75 1131
75 1132
75 1133
75 1134
76 1135
76 1136
76 1137
76 1138
76 1139
76 1140
76 1141
76 1142
76 1143
77 1144
77 1145
77 1146
77 1147
77 1148
77 1149
77 1150
77 1151
77 1152
78 1153
78 1154
78 1155
78 1156
78 1157
78 1158
78 1159
78 1160
78 1161
79 1162
79 1163
79 1164
79 1165
79 1166
79 1167
79 1168
79 1169
79 1170
80 1171
80 1172
80 1173
80 1174
80 1175
80 1176
80 1177
80 1178
80 1179
81 1180
81 1181
81 1182
81 1183
81 1184
81 1185
81 1186
81 1187
81 1188
82 1189
82 1190
82 1191
82 1192
82 1193
82 1194
82 1195
82 1196
82 1197
83 1198
83 1199
83 1200
83 1201
83 1202
83 1203
83 1204
83 1205
83 1206
84 1207
84 1208
84 1209
84 1210
84 1211
84 1212
84 1213
84 1214
84 1215
85 1216
85 1217
85 1218
85 1219
85 1220
85 1221
85 1222
85 1223
85 1224
86 1225
86 1226
86 1227
86 1228
86 1229
86 1230
86 1231
86 1232
86 1233
87 1234
87 1235
87 1236
87 1237
87 1238
87 1239
87 1240
87 1241
87 1242
88 1243
88 1244
88 1245
88 1246
88 1247
88 1248
88 1249
88 1250
88 1251
89 1252
89 1253
89 1254
89 1255
89 1256
89 1257
89 1258
89 1259
89 1260
90 1261
90 1262
90 1263
90 1264
90 1265
90 1266
90 1267
90 1268
90 1269
91 1270
91 1271
91 1272
91 1273
91 1274
91 1275
91 1276
91 1277
91 1278
92 1279
92 1280
92 1281
92 1282
92 1283
92 1284
92 1285
92 1286
92 1287
93 1288
93 1289
93 1290
93 1291
93 1292
93 1293
93 1294
93 1295
93 1296
94 1297
94 1298
94 1299
94 1300
94 1301
94 1302
94 1303
94 1304
94 1305
95 1306
95 1307
95 1308
95 1309
95 1310
95 1311
95 1312
95 1313
95 1314
96 1315
96 1316
96 1317
96 1318
96 1319
96 1320
96 1321
96 1322
96 1323
97 1324
97 1325
97 1326
97 1327
97 1328
97 1329
97 1330
97 1331
97 1332
98 1333
98 1334
98 1335
98 1336
98 1337
98 1338
98 1339
98 1340
98 1341
99 1342
99 1343
99 1344
99 1345
99 1346
99 1347
99 1348
99 1349
99 1350
100 1351
100 1352
100 1353
100 1354
100 1355
100 1356
100 1357
100 1358
100 1359
101 1360
101 1361
101 1362
101 1363
101 1364
101 1365
101 1366
101 1367
101 1368
102 1369
102 1370
102 1371
102 1372
102 1373
102 1374
102 1375
102 1376
102 1377
103 1378
103 1379
103 1380
103 1381
103 1382
103 1383
103 1384
103 1385
103 1386
104 1387
104 1388
104 1389
104 1390
104 1391
104 1392
104 1393
104 1394
104 1395
105 1396
105 1397
105 1398
105 1399
105 1400
105 1401
105 1402
105 1403
105 1404
106 1405
106 1406
106 1407
106 1408
106 1409
106 1410
106 1411
106 1412
106 1413
107 1414
107 1415
107 1416
107 1417
107 1418
107 1419
107 1420
107 1421
107 1422
108 1423
108 1424
108 1425
108 1426
108 1427
108 1428
108 1429
108 1430
108 1431
109 1432
109 1433
109 1434
109 1435
109 1436
109 1437
109 1438
109 1439
109 1440
110 1441
110 1442
110 1443
110 1444
110 1445
110 1446
110 1447
110 1448
110 1449
111 1450
111 1451
111 1452
111 1453
111 1454
111 1455
111 1456
111 1457
111 1458
112 1459
112 1460
112 1461
112 1462
112 1463
112 1464
112 1465
112 1466
112 1467
113 1468
113 1469
113 1470
113 1471
113 1472
113 1473
113 1474
113 1475
113 1476
114 1477
114 1478
114 1479
114 1480
114 1481
114 1482
114 1483
114 1484
114 1485
115 1486
115 1487
115 1488
115 1489
115 1490
115 1491
115 1492
115 1493
115 1494
116 1495
116 1496
116 1497
116 1498
116 1499
116 1500
116 1501
116 1502
116 1503
117 1504
117 1505
117 1506
117 1507
117 1508
117 1509
117 1510
117 1511
117 1512
118 1513
118 1514
118 1515
118 1516
118 1517
118 1518
118 1519
118 1520
118 1521
119 1522
119 1523
119 1524
119 1525
119 1526
119 1527
119 1528
119 1529
119 1530
120 1531
120 1532
120 1533
120 1534
120 1535
120 1536
120 1537
120 1538
120 1539
121 1540
121 1541
121 1542
121 1543
121 1544
121 1545
121 1546
121 1547
121 1548
122 1549
122 1550
122 1551
122 1552
122 1553
122 1554
122 1555
122 1556
122 1557
123 1558
123 1559
123 1560
123 1561
123 1562
123 1563
123 1564
123 1565
123 1566
124 1567
124 1568
124 1569
124 1570
124 1571
124 1572
124 1573
124 1574
124 1575
125 1576
125 1577
125 1578
125 1579
125 1580
125 1581
125 1582
125 1583
125 1584
126 1585
126 1586
126 1587
126 1588
126 1589
126 1590
126 1591
126 1592
126 1593
127 1594
127 1595
127 1596
127 1597
127 1598
127 1599
127 1600
127 1601
127 1602
128 1603
128 1604
128 1605
128 1606
128 1607
128 1608
128 1609
128 1610
128 1611
129 1612
129 1613
129 1614
129 1615
129 1616
129 1617
129 1618
129 1619
129 1620
130 1621
130 1622
130 1623
130 1624
130 1625
130 1626
130 1627
130 1628
130 1629
131 1630
131 1631
131 1632
131 1633
131 1634
131 1635
131 1636
131 1637
131 1638
132 1639
132 1640
132 1641
132 1642
132 1643
132 1644
132 1645
132 1646
132 1647
133 1648
133 1649
133 1650
133 1651
133 1652
133 1653
133 1654
133 1655
133 1656
134 1657
134 1658
134 1659
134 1660
134 1661
134 1662
134 1663
134 1664
134 1665
135 1666
135 1667
135 1668
135 1669
135 1670
135 1671
135 1672
135 1673
135 1674
136 1675
136 1676
136 1677
136 1678
136 1679
136 1680
136 1681
136 1682
136 1683
137 1684
137 1685
137 1686
137 1687
137 1688
137 1689
137 1690
137 1691
137 1692
138 1693
138 1694
138 1695
138 1696
138 1697
138 1698
138 1699
138 1700
138 1701
139 1702
139 1703
139 1704
139 1705
139 1706
139 1707
139 1708
139 1709
139 1710
140 1711
140 1712
140 1713
140 1714
140 1715
140 1716
140 1717
140 1718
140 1719
141 1720
141 1721
141 1722
141 1723
141 1724
141 1725
141 1726
141 1727
141 1728
142 1729
142 1730
142 1731
142 1732
142 1733
142 1734
142 1735
142 1736
142 1737
143 1738
143 1739
143 1740
143 1741
143 1742
143 1743
143 1744
143 1745
143 1746
144 1747
144 1748
144 1749
144 1750
144 1751
144 1752
144 1753
144 1754
144 1755
145 1756
145 1757
145 1758
145 1759
145 1760
145 1761
145 1762
145 1763
145 1764
146 1765
146 1766
146 1767
146 1768
146 1769
146 1770
146 1771
146 1772
146 1773
147 1774
147 1775
147 1776
147 1777
147 1778
147 1779
147 1780
147 1781
147 1782
148 1783
148 1784
148 1785
148 1786
148 1787
148 1788
148 1789
148 1790
148 1791
149 1792
149 1793
149 1794
149 1795
149 1796
149 1797
149 1798
149 1799
149 1800
150 1801
150 1802
150 1803
150 1804
150 1805
150 1806
150 1807
150 1808
150 1809
151 1810
151 1811
151 1812
151 1813
151 1814
151 1815
151 1816
151 1817
151 1818
152 1819
152 1820
152 1821
152 1822
152 1823
152 1824
152 1825
152 1826
152 1827
153 1828
153 1829
153 1830
153 1831
153 1832
153 1833
153 1834
153 1835
153 1836
154 1837
154 1838
154 1839
154 1840
154 1841
154 1842
154 1843
154 1844
154 1845
155 1846
155 1847
155 1848
155 1849
155 1850
155 1851
155 1852
155 1853
155 1854
156 1855
156 1856
156 1857
156 1858
156 1859
156 1860
156 1861
156 1862
156 1863
157 1864
157 1865
157 1866
157 1867
157 1868
157 1869
157 1870
157 1871
157 1872
158 1873
158 1874
158 1875
158 1876
158 1877
158 1878
158 1879
158 1880
158 1881
159 1882
159 1883
159 1884
159 1885
159 1886
159 1887
159 1888
159 1889
159 1890
160 1891
160 1892
160 1893
160 1894
160 1895
160 1896
160 1897
160 1898
160 1899
161 1900
161 1901
161 1902
161 1903
161 1904
161 1905
161 1906
161 1907
161 1908
162 1909
162 1910
162 1911
162 1912
162 1913
162 1914
162 1915
162 1916
162 1917
163 1918
163 1919
163 1920
163 1921
163 1922
163 1923
163 1924
163 1925
163 1926
164 1927
164 1928
164 1929
164 1930
164 1931
164 1932
164 1933
164 1934
164 1935
165 1936
165 1937
165 1938
165 1939
165 1940
165 1941
165 1942
165 1943
165 1944
166 1945
166 1946
166 1947
166 1948
166 1949
166 1950
166 1951
166 1952
166 1953
167 1954
167 1955
167 1956
167 1957
167 1958
167 1959
167 1960
167 1961
167 1962
168 1963
168 1964
168 1965
168 1966
168 1967
168 1968
168 1969
168 1970
168 1971
169 1972
169 1973
169 1974
169 1975
169 1976
169 1977
169 1978
169 1979
169 1980
170 1981
170 1982
170 1983
170 1984
170 1985
170 1986
170 1987
170 1988
170 1989
171 1990
171 1991
171 1992
171 1993
171 1994
171 1995
171 1996
171 1997
171 1998
172 1999
172 2000
172 2001
172 2002
172 2003
172 2004
172 2005
172 2006
172 2007
173 2008
173 2009
173 2010
173 2011
173 2012
173 2013
173 2014
173 2015
173 2016
174 2017
174 2018
174 2019
174 2020
174 2021
174 2022
174 2023
174 2024
174 2025
175 2026
175 2027
175 2028
175 2029
175 2030
175 2031
175 2032
175 2033
175 2034
176 2035
176 2036
176 2037
176 2038
176 2039
176 2040
176 2041
176 2042
176 2043
177 2044
177 2045
177 2046
177 2047
177 2048
177 2049
177 2050
177 2051
177 2052
178 2053
178 2054
178 2055
178 2056
178 2057
178 2058
178 2059
178 2060
178 2061
179 2062
179 2063
179 2064
179 2065
179 2066
179 2067
179 2068
179 2069
179 2070
180 2071
180 2072
180 2073
180 2074
180 2075
180 2076
180 2077
180 2078
180 2079
181 2080
181 2081
181 2082
181 2083
181 2084
181 2085
181 2086
181 2087
181 2088
182 2089
182 2090
182 2091
182 2092
182 2093
182 2094
182 2095
182 2096
182 2097
183 2098
183 2099
183 2100
183 2101
183 2102
183 2103
183 2104
183 2105
183 2106
184 2107
184 2108
184 2109
184 2110
184 2111
184 2112
184 2113
184 2114
184 2115
185 2116
185 2117
185 2118
185 2119
185 2120
185 2121
185 2122
185 2123
185 2124
186 2125
186 2126
186 2127
186 2128
186 2129
186 2130
186 2131
186 2132
186 2133
187 2134
187 2135
187 2136
187 2137
187 2138
187 2139
187 2140
187 2141
187 2142
188 2143
188 2144
188 2145
188 2146
188 2147
188 2148
188 2149
188 2150
188 2151
189 2152
189 2153
189 2154
189 2155
189 2156
189 2157
189 2158
189 2159
189 2160
190 2161
190 2162
190 2163
190 2164
190 2165
190 2166
190 2167
190 2168
190 2169
191 2170
191 2171
191 2172
191 2173
191 2174
191 2175
191 2176
191 2177
191 2178
192 2179
192 2180
192 2181
192 2182
192 2183
192 2184
192 2185
192 2186
192 2187
193 2188
193 2189
193 2190
193 2191
193 2192
193 2193
193 2194
193 2195
193 2196
194 2197
194 2198
194 2199
194 2200
194 2201
194 2202
194 2203
194 2204
194 2205
195 2206
195 2207
195 2208
195 2209
195 2210
195 2211
195 2212
195 2213
195 2214
196 2215
196 2216
196 2217
196 2218
196 2219
196 2220
196 2221
196 2222
196 2223
197 2224
197 2225
197 2226
197 2227
197 2228
197 2229
197 2230
197 2231
197 2232
198 2233
198 2234
198 2235
198 2236
198 2237
198 2238
198 2239
198 2240
198 2241
199 2242
199 2243
199 2244
199 2245
199 2246
199 2247
199 2248
199 2249
199 2250
200 2251
200 2252
200 2253
200 2254
200 2255
200 2256
200 2257
200 2258
200 2259
201 2260
201 2261
201 2262
201 2263
201 2264
201 2265
201 2266
201 2267
201 2268
202 2269
202 2270
202 2271
202 2272
202 2273
202 2274
202 2275
202 2276
202 2277
203 2278
203 2279
203 2280
203 2281
203 2282
203 2283
203 2284
203 2285
203 2286
204 2287
204 2288
204 2289
204 2290
204 2291
204 2292
204 2293
204 2294
204 2295
205 2296
205 2297
205 2298
205 2299
205 2300
205 2301
205 2302
205 2303
205 2304
206 2305
206 2306
206 2307
206 2308
206 2309
206 2310
206 2311
206 2312
206 2313
207 2314
207 2315
207 2316
207 2317
207 2318
207 2319
207 2320
207 2321
207 2322
208 2323
208 2324
208 2325
208 2326
208 2327
208 2328
208 2329
208 2330
208 2331
209 2332
209 2333
209 2334
209 2335
209 2336
209 2337
209 2338
209 2339
209 2340
210 2341
210 2342
210 2343
210 2344
210 2345
210 2346
210 2347
210 2348
210 2349
211 2350
211 2351
211 2352
211 2353
211 2354
211 2355
211 2356
211 2357
211 2358
212 2359
212 2360
212 2361
212 2362
212 2363
212 2364
212 2365
212 2366
212 2367
213 2368
213 2369
213 2370
213 2371
213 2372
213 2373
213 2374
213 2375
213 2376
214 2377
214 2378
214 2379
214 2380
214 2381
214 2382
214 2383
214 2384
214 2385
215 2386
215 2387
215 2388
215 2389
215 2390
215 2391
215 2392
215 2393
215 2394
216 2395
216 2396
216 2397
216 2398
216 2399
216 2400
216 2401
216 2402
216 2403
217 2404
217 2405
217 2406
217 2407
217 2408
217 2409
217 2410
217 2411
217 2412
218 2413
218 2414
218 2415
218 2416
218 2417
218 2418
218 2419
218 2420
218 2421
219 2422
219 2423
219 2424
219 2425
219 2426
219 2427
219 2428
219 2429
219 2430
220 2431
220 2432
220 2433
220 2434
220 2435
220 2436
220 2437
220 2438
220 2439
221 2440
221 2441
221 2442
221 2443
221 2444
221 2445
221 2446
221 2447
221 2448
222 2449
222 2450
222 2451
222 2452
222 2453
222 2454
222 2455
222 2456
222 2457
223 2458
223 2459
223 2460
223 2461
223 2462
223 2463
223 2464
223 2465
223 2466
224 2467
224 2468
224 2469
224 2470
224 2471
224 2472
224 2473
224 2474
224 2475
225 2476
225 2477
225 2478
225 2479
225 2480
225 2481
225 2482
225 2483
225 2484
226 2485
226 2486
226 2487
226 2488
226 2489
226 2490
226 2491
226 2492
226 2493
227 2494
227 2495
227 2496
227 2497
227 2498
227 2499
227 2500
227 2501
227 2502
228 2503
228 2504
228 2505
228 2506
228 2507
228 2508
228 2509
228 2510
228 2511
229 2512
229 2513
229 2514
229 2515
229 2516
229 2517
229 2518
229 2519
229 2520
230 2521
230 2522
230 2523
230 2524
230 2525
230 2526
230 2527
230 2528
230 2529
231 2530
231 2531
231 2532
231 2533
231 2534
231 2535
231 2536
231 2537
231 2538
232 2539
232 2540
232 2541
232 2542
232 2543
232 2544
232 2545
232 2546
232 2547
233 2548
233 2549
233 2550
233 2551
233 2552
233 2553
233 2554
233 2555
233 2556
234 2557
234 2558
234 2559
234 2560
234 2561
234 2562
234 2563
234 2564
234 2565
235 2566
235 2567
235 2568
235 2569
235 2570
235 2571
235 2572
235 2573
235 2574
236 2575
236 2576
236 2577
236 2578
236 2579
236 2580
236 2581
236 2582
236 2583
237 2584
237 2585
237 2586
237 2587
237 2588
237 2589
237 2590
237 2591
237 2592
238 2593
238 2594
238 2595
238 2596
238 2597
238 2598
238 2599
238 2600
238 2601
239 2602
239 2603
239 2604
239 2605
239 2606
239 2607
239 2608
239 2609
239 2610
240 2611
240 2612
240 2613
240 2614
240 2615
240 2616
240 2617
240 2618
240 2619
241 2620
241 2621
241 2622
241 2623
241 2624
241 2625
241 2626
241 2627
241 2628
242 2629
242 2630
242 2631
242 2632
242 2633
242 2634
242 2635
242 2636
242 2637
243 2638
243 2639
243 2640
243 2641
243 2642
243 2643
243 2644
243 2645
243 2646
244 2647
244 2648
244 2649
244 2650
244 2651
244 2652
244 2653
244 2654
244 2655
245 2656
245 2657
245 2658
245 2659
245 2660
245 2661
245 2662
245 2663
245 2664
246 2665
246 2666
246 2667
246 2668
246 2669
246 2670
246 2671
246 2672
246 2673
247 2674
247 2675
247 2676
247 2677
247 2678
247 2679
247 2680
247 2681
247 2682
248 2683
248 2684
248 2685
248 2686
248 2687
248 2688
248 2689
248 2690
248 2691
249 2692
249 2693
249 2694
249 2695
249 2696
249 2697
249 2698
249 2699
249 2700
250 2701
250 2702
250 2703
250 2704
250 2705
250 2706
250 2707
250 2708
250 2709
251 2710
251 2711
251 2712
251 2713
251 2714
251 2715
251 2716
251 2717
251 2718
252 2719
252 2720
252 2721
252 2722
252 2723
252 2724
252 2725
252 2726
252 2727
253 2728
253 2729
253 2730
253 2731
253 2732
253 2733
253 2734
253 2735
253 2736
254 2737
254 2738
254 2739
254 2740
254 2741
254 2742
254 2743
254 2744
254 2745
255 2746
255 2747
255 2748
255 2749
255 2750
255 2751
255 2752
255 2753
255 2754
256 2755
256 2756
256 2757
256 2758
256 2759
256 2760
256 2761
256 2762
256 2763
257 2764
257 2765
257 2766
257 2767
257 2768
257 2769
257 2770
257 2771
257 2772
258 2773
258 2774
258 2775
258 2776
258 2777
258 2778
258 2779
258 2780
258 2781
259 2782
259 2783
259 2784
259 2785
259 2786
259 2787
259 2788
259 2789
259 2790
260 2791
260 2792
260 2793
260 2794
260 2795
260 2796
260 2797
260 2798
260 2799
261 2800
261 2801
261 2802
261 2803
261 2804
261 2805
261 2806
261 2807
261 2808
262 2809
262 2810
262 2811
262 2812
262 2813
262 2814
262 2815
262 2816
262 2817
263 2818
263 2819
263 2820
263 2821
263 2822
263 2823
263 2824
263 2825
263 2826
264 2827
264 2828
264 2829
264 2830
264 2831
264 2832
264 2833
264 2834
264 2835
265 2836
265 2837
265 2838
265 2839
265 2840
265 2841
265 2842
265 2843
265 2844
266 2845
266 2846
266 2847
266 2848
266 2849
266 2850
266 2851
266 2852
266 2853
267 2854
267 2855
267 2856
267 2857
267 2858
267 2859
267 2860
267 2861
267 2862
268 2863
268 2864
268 2865
268 2866
268 2867
268 2868
268 2869
268 2870
268 2871
269 2872
269 2873
269 2874
269 2875
269 2876
269 2877
269 2878
269 2879
269 2880
270 2881
270 2882
270 2883
270 2884
270 2885
270 2886
270 2887
270 2888
270 2889
271 2890
271 2891
271 2892
271 2893
271 2894
271 2895
271 2896
271 2897
271 2898
272 2899
272 2900
272 2901
272 2902
272 2903
272 2904
272 2905
272 2906
272 2907
273 2908
273 2909
273 2910
273 2911
273 2912
273 2913
273 2914
273 2915
273 2916
274 2917
274 2918
274 2919
274 2920
274 2921
274 2922
274 2923
274 2924
274 2925
275 2926
275 2927
275 2928
275 2929
275 2930
275 2931
275 2932
275 2933
275 2934
276 2935
276 2936
276 2937
276 2938
276 2939
276 2940
276 2941
276 2942
276 2943
277 2944
277 2945
277 2946
277 2947
277 2948
277 2949
277 2950
277 2951
277 2952
278 2953
278 2954
278 2955
278 2956
278 2957
278 2958
278 2959
278 2960
278 2961
279 2962
279 2963
279 2964
279 2965
279 2966
279 2967
279 2968
279 2969
279 2970
280 2971
280 2972
280 2973
280 2974
280 2975
280 2976
280 2977
280 2978
280 2979
281 2980
281 2981
281 2982
281 2983
281 2984
281 2985
281 2986
281 2987
281 2988
282 2989
282 2990
282 2991
282 2992
282 2993
282 2994
282 2995
282 2996
282 2997
283 2998
283 2999
283 3000
283 3001
283 3002
283 3003
283 3004
283 3005
283 3006
284 3007
284 3008
284 3009
284 3010
284 3011
284 3012
284 3013
284 3014
284 3015
285 3016
285 3017
285 3018
285 3019
285 3020
285 3021
285 3022
285 3023
285 3024
286 3025
286 3026
286 3027
286 3028
286 3029
286 3030
286 3031
286 3032
286 3033
287 3034
287 3035
287 3036
287 3037
287 3038
287 3039
287 3040
287 3041
287 3042
288 3043
288 3044
288 3045
288 3046
288 3047
288 3048
288 3049
288 3050
288 3051
289 3052
289 3053
289 3054
289 3055
289 3056
289 3057
289 3058
289 3059
289 3060
290 3061
290 3062
290 3063
290 3064
290 3065
290 3066
290 3067
290 3068
290 3069
291 3070
291 3071
291 3072
291 3073
291 3074
291 3075
291 3076
291 3077
291 3078
292 3079
292 3080
292 3081
292 3082
292 3083
292 3084
292 3085
292 3086
292 3087
293 3088
293 3089
293 3090
293 3091
293 3092
293 3093
293 3094
293 3095
293 3096
294 3097
294 3098
294 3099
294 3100
294 3101
294 3102
294 3103
294 3104
294 3105
295 3106
295 3107
295 3108
295 3109
295 3110
295 3111
295 3112
295 3113
295 3114
296 3115
296 3116
296 3117
296 3118
296 3119
296 3120
296 3121
296 3122
296 3123
297 3124
297 3125
297 3126
297 3127
297 3128
297 3129
297 3130
297 3131
297 3132
298 3133
298 3134
298 3135
298 3136
298 3137
298 3138
298 3139
298 3140
298 3141
299 3142
299 3143
299 3144
299 3145
299 3146
299 3147
299 3148
299 3149
299 3150
300 3151
300 3152
300 3153
300 3154
300 3155
300 3156
300 3157
300 3158
300 3159
301 3160
301 3161
301 3162
301 3163
301 3164
301 3165
301 3166
301 3167
301 3168
302 3169
302 3170
302 3171
302 3172
302 3173
302 3174
302 3175
302 3176
302 3177
303 3178
303 3179
303 3180
303 3181
303 3182
303 3183
303 3184
303 3185
303 3186
304 3187
304 3188
304 3189
304 3190
304 3191
304 3192
304 3193
304 3194
304 3195
305 3196
305 3197
305 3198
305 3199
305 3200
305 3201
305 3202
305 3203
305 3204
306 3205
306 3206
306 3207
306 3208
306 3209
306 3210
306 3211
306 3212
306 3213
307 3214
307 3215
307 3216
307 3217
307 3218
307 3219
307 3220
307 3221
307 3222
308 3223
308 3224
308 3225
308 3226
308 3227
308 3228
308 3229
308 3230
308 3231
309 3232
309 3233
309 3234
309 3235
309 3236
309 3237
309 3238
309 3239
309 3240
310 3241
310 3242
310 3243
310 3244
310 3245
310 3246
310 3247
310 3248
310 3249
311 3250
311 3251
311 3252
311 3253
311 3254
311 3255
311 3256
311 3257
311 3258
312 3259
312 3260
312 3261
312 3262
312 3263
312 3264
312 3265
312 3266
312 3267
313 3268
313 3269
313 3270
313 3271
313 3272
313 3273
313 3274
313 3275
313 3276
314 3277
314 3278
314 3279
314 3280
314 3281
314 3282
314 3283
314 3284
314 3285
315 3286
315 3287
315 3288
315 3289
315 3290
315 3291
315 3292
315 3293
315 3294
316 3295
316 3296
316 3297
316 3298
316 3299
316 3300
316 3301
316 3302
316 3303
317 3304
317 3305
317 3306
317 3307
317 3308
317 3309
317 3310
317 3311
317 3312
318 3313
318 3314
318 3315
318 3316
318 3317
318 3318
318 3319
318 3320
318 3321
319 3322
319 3323
319 3324
319 3325
319 3326
319 3327
319 3328
319 3329
319 3330
320 3331
320 3332
320 3333
320 3334
320 3335
320 3336
320 3337
320 3338
320 3339
321 3340
321 3341
321 3342
321 3343
321 3344
321 3345
321 3346
321 3347
321 3348
322 3349
322 3350
322 3351
322 3352
322 3353
322 3354
322 3355
322 3356
322 3357
323 3358
323 3359
323 3360
323 3361
323 3362
323 3363
323 3364
323 3365
323 3366
324 3367
324 3368
324 3369
324 3370
324 3371
324 3372
324 3373
324 3374
324 3375
325 3376
325 3377
325 3378
325 3379
325 3380
325 3381
325 3382
325 3383
325 3384
326 3385
326 3386
326 3387
326 3388
326 3389
326 3390
326 3391
326 3392
326 3393
327 3394
327 3395
327 3396
327 3397
327 3398
327 3399
327 3400
327 3401
327 3402
328 3403
328 3404
328 3405
328 3406
328 3407
328 3408
328 3409
328 3410
328 3411
329 3412
329 3413
329 3414
329 3415
329 3416
329 3417
329 3418
329 3419
329 3420
330 3421
330 3422
330 3423
330 3424
330 3425
330 3426
330 3427
330 3428
330 3429
331 3430
331 3431
331 3432
331 3433
331 3434
331 3435
331 3436
331 3437
331 3438
332 3439
332 3440
332 3441
332 3442
332 3443
332 3444
332 3445
332 3446
332 3447
333 3448
333 3449
333 3450
333 3451
333 3452
333 3453
333 3454
333 3455
333 3456
334 3457
334 3458
334 3459
334 3460
334 3461
334 3462
334 3463
334 3464
334 3465
335 3466
335 3467
335 3468
335 3469
335 3470
335 3471
335 3472
335 3473
335 3474
336 3475
336 3476
336 3477
336 3478
336 3479
336 3480
336 3481
336 3482
336 3483
337 3484
337 3485
337 3486
337 3487
337 3488
337 3489
337 3490
337 3491
337 3492
338 3493
338 3494
338 3495
338 3496
338 3497
338 3498
338 3499
338 3500
338 3501
339 3502
339 3503
339 3504
339 3505
339 3506
339 3507
339 3508
339 3509
339 3510
340 3511
340 3512
340 3513
340 3514
340 3515
340 3516
340 3517
340 3518
340 3519
341 3520
341 3521
341 3522
341 3523
341 3524
341 3525
341 3526
341 3527
341 3528
342 3529
342 3530
342 3531
342 3532
342 3533
342 3534
342 3535
342 3536
342 3537
343 3538
343 3539
343 3540
343 3541
343 3542
343 3543
343 3544
343 3545
343 3546
344 3547
344 3548
344 3549
344 3550
344 3551
344 3552
344 3553
344 3554
344 3555
345 3556
345 3557
345 3558
345 3559
345 3560
345 3561
345 3562
345 3563
345 3564
346 3565
346 3566
346 3567
346 3568
346 3569
346 3570
346 3571
346 3572
346 3573
347 3574
347 3575
347 3576
347 3577
347 3578
347 3579
347 3580
347 3581
347 3582
348 3583
348 3584
348 3585
348 3586
348 3587
348 3588
348 3589
348 3590
348 3591
349 3592
349 3593
349 3594
349 3595
349 3596
349 3597
349 3598
349 3599
349 3600
350 3601
350 3602
350 3603
350 3604
350 3605
350 3606
350 3607
350 3608
350 3609
351 3610
351 3611
351 3612
351 3613
351 3614
351 3615
351 3616
351 3617
351 3618
352 3619
352 3620
352 3621
352 3622
352 3623
352 3624
352 3625
352 3626
352 3627
353 3628
353 3629
353 3630
353 3631
353 3632
353 3633
353 3634
353 3635
353 3636
354 3637
354 3638
354 3639
354 3640
354 3641
354 3642
354 3643
354 3644
354 3645
355 3646
355 3647
355 3648
355 3649
355 3650
355 3651
355 3652
355 3653
355 3654
356 3655
356 3656
356 3657
356 3658
356 3659
356 3660
356 3661
356 3662
356 3663
357 3664
357 3665
357 3666
357 3667
357 3668
357 3669
357 3670
357 3671
357 3672
358 3673
358 3674
358 3675
358 3676
358 3677
358 3678
358 3679
358 3680
358 3681
359 3682
359 3683
359 3684
359 3685
359 3686
359 3687
359 3688
359 3689
359 3690
360 3691
360 3692
360 3693
360 3694
360 3695
360 3696
360 3697
360 3698
360 3699
361 3700
361 3701
361 3702
361 3703
361 3704
361 3705
361 3706
361 3707
361 3708
362 3709
362 3710
362 3711
362 3712
362 3713
362 3714
362 3715
362 3716
362 3717
363 3718
363 3719
363 3720
363 3721
363 3722
363 3723
363 3724
363 3725
363 3726
364 3727
364 3728
364 3729
364 3730
364 3731
364 3732
364 3733
364 3734
364 3735
365 3736
365 3737
365 3738
365 3739
365 3740
365 3741
365 3742
365 3743
365 3744
366 3745
366 3746
366 3747
366 3748
366 3749
366 3750
366 3751
366 3752
366 3753
367 3754
367 3755
367 3756
367 3757
367 3758
367 3759
367 3760
367 3761
367 3762
368 3763
368 3764
368 3765
368 3766
368 3767
368 3768
368 3769
368 3770
368 3771
369 3772
369 3773
369 3774
369 3775
369 3776
369 3777
369 3778
369 3779
369 3780
370 3781
370 3782
370 3783
370 3784
370 3785
370 3786
370 3787
370 3788
370 3789
371 3790
371 3791
371 3792
371 3793
371 3794
371 3795
371 3796
371 3797
371 3798
372 3799
372 3800
372 3801
372 3802
372 3803
372 3804
372 3805
372 3806
372 3807
373 3808
373 3809
373 3810
373 3811
373 3812
373 3813
373 3814
373 3815
373 3816
374 3817
374 3818
374 3819
374 3820
374 3821
374 3822
374 3823
374 3824
374 3825
375 3826
375 3827
375 3828
375 3829
375 3830
375 3831
375 3832
375 3833
375 3834
376 3835
376 3836
376 3837
376 3838
376 3839
376 3840
376 3841
376 3842
376 3843
377 3844
377 3845
377 3846
377 3847
377 3848
377 3849
377 3850
377 3851
377 3852
378 3853
378 3854
378 3855
378 3856
378 3857
378 3858
378 3859
378 3860
378 3861
379 3862
379 3863
379 3864
379 3865
379 3866
379 3867
379 3868
379 3869
379 3870
380 3871
380 3872
380 3873
380 3874
380 3875
380 3876
380 3877
380 3878
380 3879
381 3880
381 3881
381 3882
381 3883
381 3884
381 3885
381 3886
381 3887
381 3888
382 3889
382 3890
382 3891
382 3892
382 3893
382 3894
382 3895
382 3896
382 3897
383 3898
383 3899
383 3900
383 3901
383 3902
383 3903
383 3904
383 3905
383 3906
384 3907
384 3908
384 3909
384 3910
384 3911
384 3912
384 3913
384 3914
384 3915
385 3916
385 3917
385 3918
385 3919
385 3920
385 3921
385 3922
385 3923
385 3924
386 3925
386 3926
386 3927
386 3928
386 3929
386 3930
386 3931
386 3932
386 3933
387 3934
387 3935
387 3936
387 3937
387 3938
387 3939
387 3940
387 3941
387 3942
388 3943
388 3944
388 3945
388 3946
388 3947
388 3948
388 3949
388 3950
388 3951
389 3952
389 3953
389 3954
389 3955
389 3956
389 3957
389 3958
389 3959
389 3960
390 3961
390 3962
390 3963
390 3964
390 3965
390 3966
390 3967
390 3968
390 3969
391 3970
391 3971
391 3972
391 3973
391 3974
391 3975
391 3976
391 3977
391 3978
392 3979
392 3980
392 3981
392 3982
392 3983
392 3984
392 3985
392 3986
392 3987
393 3988
393 3989
393 3990
393 3991
393 3992
393 3993
393 3994
393 3995
393 3996
394 3997
394 3998
394 3999
394 4000
394 4001
394 4002
394 4003
394 4004
394 4005
395 4006
395 4007
395 4008
395 4009
395 4010
395 4011
395 4012
395 4013
395 4014
396 4015
396 4016
396 4017
396 4018
396 4019
396 4020
396 4021
396 4022
396 4023
397 4024
397 4025
397 4026
397 4027
397 4028
397 4029
397 4030
397 4031
397 4032
398 4033
398 4034
398 4035
398 4036
398 4037
398 4038
398 4039
398 4040
398 4041
399 4042
399 4043
399 4044
399 4045
399 4046
399 4047
399 4048
399 4049
399 4050
400 4051
400 4052
400 4053
400 4054
400 4055
400 4056
400 4057
400 4058
400 4059
401 4060
401 4061
401 4062
401 4063
401 4064
401 4065
401 4066
401 4067
401 4068
402 4069
402 4070
402 4071
402 4072
402 4073
402 4074
402 4075
402 4076
402 4077
403 4078
403 4079
403 4080
403 4081
403 4082
403 4083
403 4084
403 4085
403 4086
404 4087
404 4088
404 4089
404 4090
404 4091
404 4092
404 4093
404 4094
404 4095
405 4096
405 4097
405 4098
405 4099
405 4100
405 4101
405 4102
405 4103
405 4104
406 4105
406 4106
406 4107
406 4108
406 4109
406 4110
406 4111
406 4112
406 4113
407 4114
407 4115
407 4116
407 4117
407 4118
407 4119
407 4120
407 4121
407 4122
408 4123
408 4124
408 4125
408 4126
408 4127
408 4128
408 4129
408 4130
408 4131
409 4132
409 4133
409 4134
409 4135
409 4136
409 4137
409 4138
409 4139
409 4140
410 4141
410 4142
410 4143
410 4144
410 4145
410 4146
410 4147
410 4148
410 4149
411 4150
411 4151
411 4152
411 4153
411 4154
411 4155
411 4156
411 4157
411 4158
412 4159
412 4160
412 4161
412 4162
412 4163
412 4164
412 4165
412 4166
412 4167
413 4168
413 4169
413 4170
413 4171
413 4172
413 4173
413 4174
413 4175
413 4176
414 4177
414 4178
414 4179
414 4180
414 4181
414 4182
414 4183
414 4184
414 4185
415 4186
415 4187
415 4188
415 4189
415 4190
415 4191
415 4192
415 4193
415 4194
416 4195
416 4196
416 4197
416 4198
416 4199
416 4200
416 4201
416 4202
416 4203
417 4204
417 4205
417 4206
417 4207
417 4208
417 4209
417 4210
417 4211
417 4212
418 4213
418 4214
418 4215
418 4216
418 4217
418 4218
418 4219
418 4220
418 4221
419 4222
419 4223
419 4224
419 4225
419 4226
419 4227
419 4228
419 4229
419 4230
420 4231
420 4232
420 4233
420 4234
420 4235
420 4236
420 4237
420 4238
420 4239
421 4240
421 4241
421 4242
421 4243
421 4244
421 4245
421 4246
421 4247
421 4248
422 4249
422 4250
422 4251
422 4252
422 4253
422 4254
422 4255
422 4256
422 4257
423 4258
423 4259
423 4260
423 4261
423 4262
423 4263
423 4264
423 4265
423 4266
424 4267
424 4268
424 4269
424 4270
424 4271
424 4272
424 4273
424 4274
424 4275
425 4276
425 4277
425 4278
425 4279
425 4280
425 4281
425 4282
425 4283
425 4284
426 4285
426 4286
426 4287
426 4288
426 4289
426 4290
426 4291
426 4292
426 4293
427 4294
427 4295
427 4296
427 4297
427 4298
427 4299
427 4300
427 4301
427 4302
428 4303
428 4304
428 4305
428 4306
428 4307
428 4308
428 4309
428 4310
428 4311
429 4312
429 4313
429 4314
429 4315
429 4316
429 4317
429 4318
429 4319
429 4320
430 4321
430 4322
430 4323
430 4324
430 4325
430 4326
430 4327
430 4328
430 4329
431 4330
431 4331
431 4332
431 4333
431 4334
431 4335
431 4336
431 4337
431 4338
432 4339
432 4340
432 4341
432 4342
432 4343
432 4344
432 4345
432 4346
432 4347
433 4348
433 4349
433 4350
433 4351
433 4352
433 4353
433 4354
433 4355
433 4356
434 4357
434 4358
434 4359
434 4360
434 4361
434 4362
434 4363
434 4364
434 4365
435 4366
435 4367
435 4368
435 4369
435 4370
435 4371
435 4372
435 4373
435 4374
436 4375
436 4376
436 4377
436 4378
436 4379
436 4380
436 4381
436 4382
436 4383
437 4384
437 4385
437 4386
437 4387
437 4388
437 4389
437 4390
437 4391
437 4392
438 4393
438 4394
438 4395
438 4396
438 4397
438 4398
438 4399
438 4400
438 4401
439 4402
439 4403
439 4404
439 4405
439 4406
439 4407
439 4408
439 4409
439 4410
440 4411
440 4412
440 4413
440 4414
440 4415
440 4416
440 4417
440 4418
440 4419
441 4420
441 4421
441 4422
441 4423
441 4424
441 4425
441 4426
441 4427
441 4428
442 4429
442 4430
442 4431
442 4432
442 4433
442 4434
442 4435
442 4436
442 4437
443 4438
443 4439
443 4440
443 4441
443 4442
443 4443
443 4444
443 4445
443 4446
444 4447
444 4448
444 4449
444 4450
444 4451
444 4452
444 4453
444 4454
444 4455
445 4456
445 4457
445 4458
445 4459
445 4460
445 4461
445 4462
445 4463
445 4464
446 4465
446 4466
446 4467
446 4468
446 4469
446 4470
446 4471
446 4472
446 4473
447 4474
447 4475
447 4476
447 4477
447 4478
447 4479
447 4480
447 4481
447 4482
448 4483
448 4484
448 4485
448 4486
448 4487
448 4488
448 4489
448 4490
448 4491
449 4492
449 4493
449 4494
449 4495
449 4496
449 4497
449 4498
449 4499
449 4500
450 4501
450 4502
450 4503
450 4504
450 4505
450 4506
450 4507
450 4508
450 4509
