0 144
0 309
0 39
0 216
0 185
0 378
0 11
0 28
0 253
0 245
1 133
1 85
1 245
1 215
1 233
1 363
1 76
1 237
1 142
1 287
2 241
2 387
2 356
2 361
2 249
2 154
2 215
2 284
2 45
2 382
3 272
3 177
3 147
3 131
3 310
3 184
3 316
3 172
3 248
3 264
4 305
4 178
4 75
4 37
4 377
4 250
4 251
4 221
4 334
4 143
5 99
5 33
5 370
5 347
5 163
5 39
5 154
5 331
5 237
5 231
6 32
6 196
6 22
6 216
6 372
6 250
6 284
6 186
6 350
6 255
7 401
7 305
7 34
7 179
7 358
7 231
7 89
7 217
7 375
7 220
8 97
8 370
8 245
8 73
8 231
8 297
8 207
8 341
8 318
8 63
9 178
9 166
9 86
9 311
9 204
9 330
9 103
9 140
9 301
9 383
10 369
10 228
10 150
10 182
10 23
10 72
10 235
10 268
10 365
10 142
11 147
11 372
11 53
11 215
11 152
11 233
11 63
11 204
11 271
12 304
12 225
12 131
12 269
12 374
12 231
12 283
12 61
12 199
12 287
13 161
13 323
13 244
13 181
13 231
13 40
13 227
13 157
13 158
13 213
14 241
14 132
14 261
14 225
14 56
14 377
14 218
14 335
14 184
14 223
15 258
15 347
15 229
15 71
15 264
15 53
15 394
15 191
15 157
15 303
16 177
16 372
16 100
16 119
16 328
16 329
16 347
16 253
16 161
16 93
17 145
17 322
17 282
17 337
17 138
17 187
17 332
17 90
17 321
17 141
18 288
18 161
18 402
18 148
18 37
18 214
18 217
18 156
18 36
18 111
19 352
19 130
19 147
19 36
19 293
19 260
19 265
19 309
19 75
19 239
20 123
20 315
20 116
20 57
20 104
20 68
20 346
20 107
20 253
20 189
21 42
21 146
21 307
21 100
21 166
21 54
21 311
21 122
21 317
21 335
22 128
22 289
22 245
22 391
22 170
22 235
22 254
22 142
22 230
23 368
23 196
23 37
23 310
23 215
23 184
23 84
23 92
23 282
24 400
24 226
24 105
24 100
24 181
24 102
24 183
24 313
24 202
24 332
25 224
25 385
25 66
25 391
25 232
25 105
25 60
25 301
25 366
25 221
26 237
26 65
26 371
26 87
26 200
26 346
26 103
26 285
26 158
26 287
27 352
27 179
27 307
27 213
27 214
27 327
27 297
27 90
27 30
27 368
28 384
28 243
28 131
28 341
28 339
28 74
28 76
28 202
28 317
29 64
29 227
29 261
29 284
29 281
29 154
29 267
29 156
29 189
29 109
30 248
30 363
30 134
30 118
30 81
30 283
30 73
30 347
30 365
31 240
31 299
31 165
31 167
31 216
31 41
31 207
31 60
31 285
31 117
32 256
32 50
32 115
32 36
32 52
32 346
32 91
32 252
32 356
33 384
33 149
33 227
33 86
33 198
33 393
33 346
33 316
33 319
34 376
34 219
34 193
34 312
34 153
34 74
34 331
34 273
34 143
35 92
35 258
35 235
35 197
35 199
35 393
35 202
35 255
35 265
35 79
36 213
36 40
36 185
36 306
36 301
36 371
36 37
37 180
37 130
37 247
37 55
37 93
37 159
38 97
38 89
38 169
38 129
38 108
38 186
38 71
38 140
38 318
38 361
39 322
39 323
39 147
39 54
39 151
39 152
39 91
39 78
40 112
40 303
40 148
40 391
40 104
40 170
40 155
40 239
41 289
41 307
41 260
41 145
41 76
41 202
41 139
41 268
41 285
42 49
42 402
42 259
42 164
42 249
42 171
42 66
42 366
42 117
43 224
43 176
43 187
43 132
43 46
43 327
43 371
43 297
43 155
43 62
44 339
44 84
44 373
44 360
44 313
44 171
44 396
44 221
44 302
44 127
45 179
45 372
45 389
45 103
45 391
45 156
45 247
45 222
45 351
46 210
46 51
46 164
46 390
46 376
46 361
46 290
46 356
46 287
47 224
47 101
47 280
47 396
47 362
47 331
47 76
47 394
47 207
47 293
48 129
48 210
48 259
48 84
48 150
48 289
48 120
48 297
48 156
48 141
49 80
49 401
49 307
49 244
49 229
49 390
49 153
49 192
49 234
50 163
50 132
50 158
50 295
50 392
50 153
50 202
50 219
50 350
51 400
51 242
51 116
51 158
51 134
51 296
51 73
51 122
51 93
52 59
52 171
52 212
52 165
52 218
52 267
52 330
52 58
52 271
53 65
53 98
53 99
53 404
53 278
53 360
53 356
53 403
54 296
54 210
54 195
54 59
54 200
54 121
54 151
54 380
55 320
55 323
55 149
55 87
55 105
55 327
55 316
55 173
55 169
56 222
56 64
56 194
56 275
56 69
56 178
56 361
56 270
56 146
57 384
57 242
57 325
57 294
57 359
57 248
57 75
57 237
57 174
58 192
58 337
58 67
58 100
58 246
58 71
58 275
58 268
58 127
59 353
59 228
59 117
59 91
59 316
59 301
59 302
59 271
60 210
60 381
60 149
60 326
60 343
60 106
60 301
60 133
61 254
61 162
61 98
61 284
61 120
61 73
61 338
61 286
61 125
62 114
62 147
62 134
62 278
62 315
62 202
62 354
62 142
62 293
63 395
63 276
63 134
63 394
63 91
63 396
63 170
63 206
64 112
64 320
64 338
64 307
64 132
64 195
64 128
64 267
65 176
65 162
65 186
65 134
65 375
65 117
65 381
65 397
66 352
66 371
66 227
66 247
66 137
66 263
66 396
66 159
67 209
67 114
67 219
67 155
67 183
67 379
67 123
67 330
67 173
68 162
68 403
68 276
68 326
68 404
68 91
68 220
68 370
68 126
69 384
69 177
69 178
69 86
69 295
69 89
69 218
69 190
69 175
70 229
70 291
70 350
70 163
70 310
70 361
70 123
70 189
70 78
70 303
71 290
71 371
71 228
71 182
71 262
71 282
71 195
72 336
72 312
72 132
72 317
72 184
72 191
72 92
72 205
72 127
73 99
73 161
73 308
73 307
73 313
73 266
74 241
74 84
74 277
74 246
74 217
74 344
74 265
74 113
75 300
75 89
75 297
75 219
75 92
75 203
75 271
76 352
76 226
76 308
76 213
76 207
76 125
77 210
77 237
77 116
77 373
77 325
77 391
77 314
77 108
77 90
77 383
78 225
78 278
78 310
78 341
78 335
78 255
78 230
78 389
79 320
79 210
79 84
79 302
79 214
79 106
79 236
79 318
79 341
80 354
80 373
80 333
80 103
80 281
80 234
80 378
80 190
80 399
81 312
81 162
81 339
81 215
81 371
81 298
81 235
81 151
81 141
82 336
82 385
82 130
82 291
82 404
82 134
82 392
82 226
82 173
82 174
83 401
83 370
83 277
83 257
83 184
83 186
83 399
83 354
83 366
83 127
84 162
84 197
84 295
84 143
84 167
85 240
85 368
85 178
85 275
85 198
85 401
85 137
85 187
85 290
86 211
86 244
86 102
86 241
86 248
86 395
86 399
87 272
87 306
87 323
87 229
87 120
87 92
87 349
87 351
88 240
88 257
88 163
88 214
88 359
88 248
88 313
88 268
88 381
88 303
89 273
89 306
89 379
89 181
89 151
89 177
90 195
90 184
90 265
90 314
90 268
90 234
90 189
91 322
91 245
91 135
91 377
91 157
92 288
92 296
92 130
92 135
92 94
93 276
93 310
93 331
93 203
93 316
93 102
93 303
94 338
94 404
94 181
94 377
94 105
94 202
94 283
94 381
94 109
95 99
95 353
95 98
95 371
95 121
95 153
95 330
95 215
95 236
95 174
96 263
96 385
96 299
96 357
96 295
96 376
96 363
96 220
96 302
96 351
97 128
97 160
97 364
97 135
97 348
97 249
97 332
97 110
98 384
98 225
98 289
98 337
98 301
98 300
98 253
99 304
99 226
99 182
99 199
99 156
99 270
100 328
100 106
100 294
100 393
100 282
100 357
101 272
101 257
101 311
101 168
101 121
101 127
101 188
101 141
101 286
102 192
102 145
102 196
102 273
102 356
102 285
102 206
103 336
103 161
103 293
103 166
103 265
103 188
104 336
104 259
104 293
104 135
104 248
104 122
104 270
104 239
105 263
105 270
105 260
105 230
105 119
105 206
106 307
106 260
106 118
106 297
106 346
106 239
106 319
107 384
107 243
107 163
107 151
107 324
107 361
107 186
107 187
107 254
108 288
108 237
108 402
108 291
108 277
108 381
108 192
108 127
109 224
109 160
109 261
109 183
109 360
109 151
109 380
109 223
110 320
110 242
110 163
110 389
110 294
110 343
110 249
110 170
110 398
111 148
111 135
111 218
111 329
111 378
111 167
111 380
111 205
111 185
112 240
112 114
112 373
112 142
112 249
112 395
112 238
112 181
113 290
113 227
113 180
113 149
113 151
113 378
113 173
113 190
113 271
114 144
114 258
114 277
114 200
114 154
114 140
114 216
115 258
115 308
115 277
115 118
115 392
115 313
115 298
115 139
115 397
116 142
116 373
116 137
116 154
116 187
116 190
116 239
117 275
117 213
117 165
117 199
117 250
117 286
118 269
118 166
118 247
118 328
118 124
118 205
118 157
119 401
119 243
119 278
119 313
119 346
119 283
119 236
119 205
120 264
120 210
120 310
120 152
120 267
120 321
120 173
121 290
121 403
121 388
121 246
121 377
121 203
121 195
122 212
122 198
122 247
122 158
122 371
122 286
122 223
123 375
123 248
123 377
123 298
123 231
123 188
123 382
124 208
124 371
124 164
124 198
124 227
124 248
124 363
124 143
124 383
125 131
125 345
125 181
125 297
125 393
125 253
125 398
125 287
126 320
126 245
126 260
126 217
126 356
126 138
126 380
126 302
126 190
127 352
127 306
127 345
127 251
128 144
128 324
128 278
128 215
128 236
128 157
128 367
129 160
129 171
129 358
129 327
129 331
129 203
129 381
129 319
130 160
130 358
130 376
130 236
130 382
130 211
131 309
131 278
131 299
131 344
131 283
131 270
132 146
132 183
132 392
132 348
132 300
133 178
133 147
133 325
133 305
133 169
133 146
133 398
133 319
134 148
134 280
134 324
134 271
135 306
135 326
135 327
135 136
135 335
136 160
136 224
136 356
136 142
136 378
136 263
136 204
136 205
136 398
137 321
137 227
137 279
137 168
137 377
137 274
137 165
138 344
138 257
138 386
138 360
138 200
138 329
138 204
138 271
139 160
139 194
139 212
139 341
139 230
139 344
139 394
139 318
140 368
140 321
140 171
140 292
140 266
140 379
140 250
141 274
141 343
141 328
141 265
141 159
141 175
142 274
142 222
142 155
143 304
143 317
143 279
143 152
143 269
143 397
144 392
144 322
144 147
144 198
144 263
144 328
144 267
145 176
145 209
145 386
145 169
145 375
145 274
145 261
146 211
146 244
146 228
146 246
146 348
146 383
147 388
147 293
147 359
148 320
148 163
148 229
148 379
148 156
148 269
149 400
149 352
149 228
149 376
149 345
149 314
150 368
150 337
150 209
150 351
150 284
150 186
150 238
150 175
151 256
151 339
151 169
152 208
152 384
152 308
152 399
152 164
152 349
153 208
153 189
153 276
153 261
153 194
153 349
154 179
154 372
154 274
154 283
154 334
155 347
155 226
155 355
155 373
155 186
155 266
156 164
156 196
156 219
156 318
157 369
157 258
157 340
157 230
157 356
158 324
158 284
158 300
158 396
158 366
159 339
159 246
159 343
159 344
159 345
159 355
159 397
160 166
160 345
160 238
160 349
161 306
161 389
161 266
161 343
161 350
162 208
162 373
162 183
162 345
162 225
163 369
163 182
163 378
164 193
164 222
164 171
164 282
164 197
165 227
165 328
165 361
165 394
165 363
165 380
166 273
166 370
166 211
166 254
166 369
167 241
167 379
167 261
167 262
167 344
167 364
167 253
168 195
168 324
168 279
168 313
168 234
168 220
168 365
168 191
169 299
169 214
169 199
169 201
169 285
170 288
170 225
170 270
170 334
170 313
170 358
171 275
171 398
171 246
171 364
172 176
172 327
172 340
172 251
172 376
172 315
172 220
172 334
172 223
173 306
173 323
173 268
173 295
173 364
174 241
174 340
174 300
174 375
174 367
174 396
174 189
175 209
175 402
175 198
175 194
175 282
175 238
175 322
176 242
176 323
176 374
176 195
176 233
176 217
177 305
177 277
177 289
177 330
177 387
177 197
178 209
178 291
178 211
178 330
179 352
179 209
179 388
179 399
179 350
179 223
180 263
180 257
180 259
180 345
180 339
180 327
180 397
180 365
181 388
181 341
181 343
181 286
182 285
182 211
182 377
182 268
182 269
182 335
183 400
183 369
183 279
183 376
183 347
184 228
184 302
184 199
184 314
185 321
185 273
185 330
185 375
185 208
185 269
185 207
186 256
186 314
186 316
187 229
187 388
187 221
187 222
187 261
188 335
188 260
188 198
188 231
188 333
188 302
188 191
189 368
189 308
189 277
189 383
190 246
190 227
190 310
190 204
190 221
191 328
191 226
191 267
191 341
191 296
191 265
192 224
192 242
192 254
192 397
192 398
192 245
193 339
193 390
193 278
193 199
193 392
193 359
193 365
193 203
194 257
194 355
194 389
194 342
194 231
194 365
195 307
195 372
195 235
196 288
196 334
196 343
196 250
196 270
196 255
197 370
197 262
197 310
197 279
197 322
197 253
198 309
198 326
198 346
199 224
199 332
199 264
200 404
200 325
200 279
200 234
200 318
200 293
201 304
201 291
201 228
201 373
201 262
201 243
201 299
201 350
201 383
202 311
202 312
202 298
203 256
203 367
203 294
203 232
203 239
204 354
204 258
204 342
204 361
204 330
205 338
205 357
205 389
205 394
205 367
206 305
206 386
206 228
206 362
206 287
206 286
206 383
207 305
207 226
207 245
207 290
207 334
208 274
208 259
208 324
208 390
208 242
209 247
209 355
209 279
209 289
210 272
210 359
210 393
211 368
211 355
211 348
211 390
212 289
212 243
212 295
212 252
212 333
212 398
212 271
213 264
213 376
213 292
213 314
213 366
214 228
214 309
214 280
214 251
214 220
215 319
215 290
215 272
216 356
216 281
216 312
216 348
216 234
216 284
217 224
217 385
217 244
217 356
217 331
218 338
218 350
218 374
218 380
218 317
218 286
219 383
219 252
219 363
219 366
219 399
220 336
220 264
220 233
220 282
221 257
221 338
221 273
221 349
221 319
222 240
222 323
222 326
222 329
222 396
223 385
223 306
223 311
223 286
223 255
224 261
224 357
225 358
225 262
225 263
225 360
226 367
226 278
226 329
227 249
228 241
229 267
229 325
229 294
229 387
230 272
230 242
230 403
230 377
230 300
231 232
231 266
232 385
232 258
232 262
232 360
232 234
232 305
232 367
233 392
233 390
233 327
233 344
233 321
233 351
234 400
234 291
234 267
235 385
235 338
235 246
235 394
235 302
236 403
236 327
236 259
236 387
236 255
237 342
237 379
237 364
237 382
238 288
238 353
238 242
238 276
238 248
238 378
239 289
239 387
239 365
239 299
240 338
240 325
240 247
240 249
240 362
241 342
241 324
241 383
242 369
242 343
243 292
243 398
243 279
243 333
243 270
244 336
244 289
244 294
244 331
244 380
245 280
245 315
246 306
246 264
247 322
247 380
247 365
248 296
249 261
249 363
249 365
250 336
250 262
250 298
250 317
250 357
251 323
251 359
251 363
251 298
251 255
251 287
252 274
252 293
252 359
252 354
252 348
252 349
252 382
253 317
253 288
253 255
254 272
254 354
254 374
254 297
254 270
255 274
255 341
256 258
256 275
256 360
256 281
256 364
256 301
257 400
257 380
257 364
258 344
258 347
259 360
259 388
259 399
259 304
260 273
260 374
260 391
260 349
261 275
262 391
262 378
262 398
263 387
263 280
263 380
264 385
264 306
264 292
265 337
265 345
265 281
266 403
266 285
266 391
266 397
266 303
267 349
267 353
268 337
268 342
268 325
269 324
269 375
269 327
269 395
270 358
271 280
271 298
272 288
272 286
272 333
273 355
273 328
273 301
274 320
274 314
275 318
275 278
275 359
276 353
276 386
276 374
276 328
276 283
277 403
277 281
277 335
278 280
279 326
279 314
280 326
280 362
280 348
281 355
281 314
281 283
281 332
282 316
282 374
282 362
283 300
283 340
284 373
284 362
284 332
285 309
285 394
285 366
286 304
287 326
287 312
287 341
288 297
288 298
289 370
290 370
290 332
290 335
291 401
291 402
291 377
291 364
292 304
292 392
292 338
292 340
292 326
292 319
293 307
293 389
294 353
294 357
294 315
294 395
295 305
295 401
295 299
295 332
296 401
296 344
296 329
296 331
296 350
297 357
298 300
298 321
299 389
299 314
299 378
300 339
300 325
301 364
301 318
302 343
302 397
303 368
303 386
303 398
303 351
304 385
304 329
304 381
305 369
305 337
307 360
308 321
308 401
308 331
308 348
308 317
309 368
309 375
309 328
309 319
310 402
310 342
311 386
311 387
311 359
311 319
311 396
312 384
312 355
312 345
312 382
313 350
313 381
315 400
315 370
315 342
315 393
315 351
316 340
316 344
316 396
317 374
317 376
318 321
318 387
319 390
320 388
320 376
320 378
321 358
322 375
322 348
322 399
323 384
323 404
324 338
324 372
325 355
325 389
326 346
329 347
329 395
329 367
330 343
330 391
331 353
332 366
332 361
333 369
333 354
333 340
333 400
333 386
334 401
334 385
334 358
334 393
335 392
335 347
336 402
336 339
336 379
337 357
337 351
337 367
339 382
340 381
340 394
340 350
341 346
342 404
342 358
342 386
345 402
346 351
347 384
348 399
349 387
349 379
351 373
352 368
352 353
352 404
353 393
353 364
354 374
354 375
354 390
355 372
357 393
357 397
358 366
359 366
360 383
361 390
362 386
362 395
362 379
362 381
363 400
363 367
365 369
367 395
369 388
370 394
371 382
372 374
372 388
379 382
382 389
386 403
387 393
388 404
390 395
391 402
392 403
395 400
396 403
397 402
399 404
0 405
0 406
0 407
0 408
0 409
0 410
0 411
0 412
1 413
1 414
1 415
1 416
1 417
1 418
1 419
1 420
2 421
2 422
2 423
2 424
2 425
2 426
2 427
2 428
3 429
3 430
3 431
3 432
3 433
3 434
3 435
3 436
4 437
4 438
4 439
4 440
4 441
4 442
4 443
4 444
5 445
5 446
5 447
5 448
5 449
5 450
5 451
5 452
6 453
6 454
6 455
6 456
6 457
6 458
6 459
6 460
7 461
7 462
7 463
7 464
7 465
7 466
7 467
7 468
8 469
8 470
8 471
8 472
8 473
8 474
8 475
8 476
9 477
9 478
9 479
9 480
9 481
9 482
9 483
9 484
10 485
10 486
10 487
10 488
10 489
10 490
10 491
10 492
11 493
11 494
11 495
11 496
11 497
11 498
11 499
11 500
12 501
12 502
12 503
12 504
12 505
12 506
12 507
12 508
13 509
13 510
13 511
13 512
13 513
13 514
13 515
13 516
14 517
14 518
14 519
14 520
14 521
14 522
14 523
14 524
15 525
15 526
15 527
15 528
15 529
15 530
15 531
15 532
16 533
16 534
16 535
16 536
16 537
16 538
16 539
16 540
17 541
17 542
17 543
17 544
17 545
17 546
17 547
17 548
18 549
18 550
18 551
18 552
18 553
18 554
18 555
18 556
19 557
19 558
19 559
19 560
19 561
19 562
19 563
19 564
20 565
20 566
20 567
20 568
20 569
20 570
20 571
20 572
21 573
21 574
21 575
21 576
21 577
21 578
21 579
21 580
22 581
22 582
22 583
22 584
22 585
22 586
22 587
22 588
23 589
23 590
23 591
23 592
23 593
23 594
23 595
23 596
24 597
24 598
24 599
24 600
24 601
24 602
24 603
24 604
25 605
25 606
25 607
25 608
25 609
25 610
25 611
25 612
26 613
26 614
26 615
26 616
26 617
26 618
26 619
26 620
27 621
27 622
27 623
27 624
27 625
27 626
27 627
27 628
28 629
28 630
28 631
28 632
28 633
28 634
28 635
28 636
29 637
29 638
29 639
29 640
29 641
29 642
29 643
29 644
30 645
30 646
30 647
30 648
30 649
30 650
30 651
30 652
31 653
31 654
31 655
31 656
31 657
31 658
31 659
31 660
32 661
32 662
32 663
32 664
32 665
32 666
32 667
32 668
33 669
33 670
33 671
33 672
33 673
33 674
33 675
33 676
34 677
34 678
34 679
34 680
34 681
34 682
34 683
34 684
35 685
35 686
35 687
35 688
35 689
35 690
35 691
35 692
36 693
36 694
36 695
36 696
36 697
36 698
36 699
36 700
37 701
37 702
37 703
37 704
37 705
37 706
37 707
37 708
38 709
38 710
38 711
38 712
38 713
38 714
38 715
38 716
39 717
39 718
39 719
39 720
39 721
39 722
39 723
39 724
40 725
40 726
40 727
40 728
40 729
40 730
40 731
40 732
41 733
41 734
41 735
41 736
41 737
41 738
41 739
41 740
42 741
42 742
42 743
42 744
42 745
42 746
42 747
42 748
43 749
43 750
43 751
43 752
43 753
43 754
43 755
43 756
44 757
44 758
44 759
44 760
44 761
44 762
44 763
44 764
45 765
45 766
45 767
45 768
45 769
45 770
45 771
45 772
46 773
46 774
46 775
46 776
46 777
46 778
46 779
46 780
47 781
47 782
47 783
47 784
47 785
47 786
47 787
47 788
48 789
48 790
48 791
48 792
48 793
48 794
48 795
48 796
49 797
49 798
49 799
49 800
49 801
49 802
49 803
49 804
50 805
50 806
50 807
50 808
50 809
50 810
50 811
50 812
51 813
51 814
51 815
51 816
51 817
51 818
51 819
51 820
52 821
52 822
52 823
52 824
52 825
52 826
52 827
52 828
53 829
53 830
53 831
53 832
53 833
53 834
53 835
53 836
54 837
54 838
54 839
54 840
54 841
54 842
54 843
54 844
55 845
55 846
55 847
55 848
55 849
55 850
55 851
55 852
56 853
56 854
56 855
56 856
56 857
56 858
56 859
56 860
57 861
57 862
57 863
57 864
57 865
57 866
57 867
57 868
58 869
58 870
58 871
58 872
58 873
58 874
58 875
58 876
59 877
59 878
59 879
59 880
59 881
59 882
59 883
59 884
60 885
60 886
60 887
60 888
60 889
60 890
60 891
60 892
61 893
61 894
61 895
61 896
61 897
61 898
61 899
61 900
62 901
62 902
62 903
62 904
62 905
62 906
62 907
62 908
63 909
63 910
63 911
63 912
63 913
63 914
63 915
63 916
64 917
64 918
64 919
64 920
64 921
64 922
64 923
64 924
65 925
65 926
65 927
65 928
65 929
65 930
65 931
65 932
66 933
66 934
66 935
66 936
66 937
66 938
66 939
66 940
67 941
67 942
67 943
67 944
67 945
67 946
67 947
67 948
68 949
68 950
68 951
68 952
68 953
68 954
68 955
68 956
69 957
69 958
69 959
69 960
69 961
69 962
69 963
69 964
70 965
70 966
70 967
70 968
70 969
70 970
70 971
70 972
71 973
71 974
71 975
71 976
71 977
71 978
71 979
71 980
72 981
72 982
72 983
72 984
72 985
72 986
72 987
72 988
73 989
73 990
73 991
73 992
73 993
73 994
73 995
73 996
74 997
74 998
74 999
74 1000
74 1001
74 1002
74 1003
74 1004
75 1005
75 1006
75 1007
75 1008
75 1009
75 1010
75 1011
75 1012
76 1013
76 1014
76 1015
76 1016
76 1017
76 1018
76 1019
76 1020
77 1021
77 1022
77 1023
77 1024
77 1025
77 1026
77 1027
77 1028
78 1029
78 1030
78 1031
78 1032
78 1033
78 1034
78 1035
78 1036
79 1037
79 1038
79 1039
79 1040
79 1041
79 1042
79 1043
79 1044
80 1045
80 1046
80 1047
80 1048
80 1049
80 1050
80 1051
80 1052
81 1053
81 1054
81 1055
81 1056
81 1057
81 1058
81 1059
81 1060
82 1061
82 1062
82 1063
82 1064
82 1065
82 1066
82 1067
82 1068
83 1069
83 1070
83 1071
83 1072
83 1073
83 1074
83 1075
83 1076
84 1077
84 1078
84 1079
84 1080
84 1081
84 1082
84 1083
84 1084
85 1085
85 1086
85 1087
85 1088
85 1089
85 1090
85 1091
85 1092
86 1093
86 1094
86 1095
86 1096
86 1097
86 1098
86 1099
86 1100
87 1101
87 1102
87 1103
87 1104
87 1105
87 1106
87 1107
87 1108
88 1109
88 1110
88 1111
88 1112
88 1113
88 1114
88 1115
88 1116
89 1117
89 1118
89 1119
89 1120
89 1121
89 1122
89 1123
89 1124
90 1125
90 1126
90 1127
90 1128
90 1129
90 1130
90 1131
90 1132
91 1133
91 1134
91 1135
91 1136
91 1137
91 1138
91 1139
91 1140
92 1141
92 1142
92 1143
92 1144
92 1145
92 1146
92 1147
92 1148
93 1149
93 1150
93 1151
93 1152
93 1153
93 1154
93 1155
93 1156
94 1157
94 1158
94 1159
94 1160
94 1161
94 1162
94 1163
94 1164
95 1165
95 1166
95 1167
95 1168
95 1169
95 1170
95 1171
95 1172
96 1173
96 1174
96 1175
96 1176
96 1177
96 1178
96 1179
96 1180
97 1181
97 1182
97 1183
97 1184
97 1185
97 1186
97 1187
97 1188
98 1189
98 1190
98 1191
98 1192
98 1193
98 1194
98 1195
98 1196
99 1197
99 1198
99 1199
99 1200
99 1201
99 1202
99 1203
99 1204
100 1205
100 1206
100 1207
100 1208
100 1209
100 1210
100 1211
100 1212
101 1213
101 1214
101 1215
101 1216
101 1217
101 1218
101 1219
101 1220
102 1221
102 1222
102 1223
102 1224
102 1225
102 1226
102 1227
102 1228
103 1229
103 1230
103 1231
103 1232
103 1233
103 1234
103 1235
103 1236
104 1237
104 1238
104 1239
104 1240
104 1241
104 1242
104 1243
104 1244
105 1245
105 1246
105 1247
105 1248
105 1249
105 1250
105 1251
105 1252
106 1253
106 1254
106 1255
106 1256
106 1257
106 1258
106 1259
106 1260
107 1261
107 1262
107 1263
107 1264
107 1265
107 1266
107 1267
107 1268
108 1269
108 1270
108 1271
108 1272
108 1273
108 1274
108 1275
108 1276
109 1277
109 1278
109 1279
109 1280
109 1281
109 1282
109 1283
109 1284
110 1285
110 1286
110 1287
110 1288
110 1289
110 1290
110 1291
110 1292
111 1293
111 1294
111 1295
111 1296
111 1297
111 1298
111 1299
111 1300
112 1301
112 1302
112 1303
112 1304
112 1305
112 1306
112 1307
112 1308
113 1309
113 1310
113 1311
113 1312
113 1313
113 1314
113 1315
113 1316
114 1317
114 1318
114 1319
114 1320
114 1321
114 1322
114 1323
114 1324
115 1325
115 1326
115 1327
115 1328
115 1329
115 1330
115 1331
115 1332
116 1333
116 1334
116 1335
116 1336
116 1337
116 1338
116 1339
116 1340
117 1341
117 1342
117 1343
117 1344
117 1345
117 1346
117 1347
117 1348
118 1349
118 1350
118 1351
118 1352
118 1353
118 1354
118 1355
118 1356
119 1357
119 1358
119 1359
119 1360
119 1361
119 1362
119 1363
119 1364
120 1365
120 1366
120 1367
120 1368
120 1369
120 1370
120 1371
120 1372
121 1373
121 1374
121 1375
121 1376
121 1377
121 1378
121 1379
121 1380
122 1381
122 1382
122 1383
122 1384
122 1385
122 1386
122 1387
122 1388
123 1389
123 1390
123 1391
123 1392
123 1393
123 1394
123 1395
123 1396
124 1397
124 1398
124 1399
124 1400
124 1401
124 1402
124 1403
124 1404
125 1405
125 1406
125 1407
125 1408
125 1409
125 1410
125 1411
125 1412
126 1413
126 1414
126 1415
126 1416
126 1417
126 1418
126 1419
126 1420
127 1421
127 1422
127 1423
127 1424
127 1425
127 1426
127 1427
127 1428
128 1429
128 1430
128 1431
128 1432
128 1433
128 1434
128 1435
128 1436
129 1437
129 1438
129 1439
129 1440
129 1441
129 1442
129 1443
129 1444
130 1445
130 1446
130 1447
130 1448
130 1449
130 1450
130 1451
130 1452
131 1453
131 1454
131 1455
131 1456
131 1457
131 1458
131 1459
131 1460
132 1461
132 1462
132 1463
132 1464
132 1465
132 1466
132 1467
132 1468
133 1469
133 1470
133 1471
133 1472
133 1473
133 1474
133 1475
133 1476
134 1477
134 1478
134 1479
134 1480
134 1481
134 1482
134 1483
134 1484
135 1485
135 1486
135 1487
135 1488
135 1489
135 1490
135 1491
135 1492
136 1493
136 1494
136 1495
136 1496
136 1497
136 1498
136 1499
136 1500
137 1501
137 1502
137 1503
137 1504
137 1505
137 1506
137 1507
137 1508
138 1509
138 1510
138 1511
138 1512
138 1513
138 1514
138 1515
138 1516
139 1517
139 1518
139 1519
139 1520
139 1521
139 1522
139 1523
139 1524
140 1525
140 1526
140 1527
140 1528
140 1529
140 1530
140 1531
140 1532
141 1533
141 1534
141 1535
141 1536
141 1537
141 1538
141 1539
141 1540
142 1541
142 1542
142 1543
142 1544
142 1545
142 1546
142 1547
142 1548
143 1549
143 1550
143 1551
143 1552
143 1553
143 1554
143 1555
143 1556
144 1557
144 1558
144 1559
144 1560
144 1561
144 1562
144 1563
144 1564
145 1565
145 1566
145 1567
145 1568
145 1569
145 1570
145 1571
145 1572
146 1573
146 1574
146 1575
146 1576
146 1577
146 1578
146 1579
146 1580
147 1581
147 1582
147 1583
147 1584
147 1585
147 1586
147 1587
147 1588
148 1589
148 1590
148 1591
148 1592
148 1593
148 1594
148 1595
148 1596
149 1597
149 1598
149 1599
149 1600
149 1601
149 1602
149 1603
149 1604
150 1605
150 1606
150 1607
150 1608
150 1609
150 1610
150 1611
150 1612
151 1613
151 1614
151 1615
151 1616
151 1617
151 1618
151 1619
151 1620
152 1621
152 1622
152 1623
152 1624
152 1625
152 1626
152 1627
152 1628
153 1629
153 1630
153 1631
153 1632
153 1633
153 1634
153 1635
153 1636
154 1637
154 1638
154 1639
154 1640
154 1641
154 1642
154 1643
154 1644
155 1645
155 1646
155 1647
155 1648
155 1649
155 1650
155 1651
155 1652
156 1653
156 1654
156 1655
156 1656
156 1657
156 1658
156 1659
156 1660
157 1661
157 1662
157 1663
157 1664
157 1665
157 1666
157 1667
157 1668
158 1669
158 1670
158 1671
158 1672
158 1673
158 1674
158 1675
158 1676
159 1677
159 1678
159 1679
159 1680
159 1681
159 1682
159 1683
159 1684
160 1685
160 1686
160 1687
160 1688
160 1689
160 1690
160 1691
160 1692
161 1693
161 1694
161 1695
161 1696
161 1697
161 1698
161 1699
161 1700
162 1701
162 1702
162 1703
162 1704
162 1705
162 1706
162 1707
162 1708
163 1709
163 1710
163 1711
163 1712
163 1713
163 1714
163 1715
163 1716
164 1717
164 1718
164 1719
164 1720
164 1721
164 1722
164 1723
164 1724
165 1725
165 1726
165 1727
165 1728
165 1729
165 1730
165 1731
165 1732
166 1733
166 1734
166 1735
166 1736
166 1737
166 1738
166 1739
166 1740
167 1741
167 1742
167 1743
167 1744
167 1745
167 1746
167 1747
167 1748
168 1749
168 1750
168 1751
168 1752
168 1753
168 1754
168 1755
168 1756
169 1757
169 1758
169 1759
169 1760
169 1761
169 1762
169 1763
169 1764
170 1765
170 1766
170 1767
170 1768
170 1769
170 1770
170 1771
170 1772
171 1773
171 1774
171 1775
171 1776
171 1777
171 1778
171 1779
171 1780
172 1781
172 1782
172 1783
172 1784
172 1785
172 1786
172 1787
172 1788
173 1789
173 1790
173 1791
173 1792
173 1793
173 1794
173 1795
173 1796
174 1797
174 1798
174 1799
174 1800
174 1801
174 1802
174 1803
174 1804
175 1805
175 1806
175 1807
175 1808
175 1809
175 1810
175 1811
175 1812
176 1813
176 1814
176 1815
176 1816
176 1817
176 1818
176 1819
176 1820
177 1821
177 1822
177 1823
177 1824
177 1825
177 1826
177 1827
177 1828
178 1829
178 1830
178 1831
178 1832
178 1833
178 1834
178 1835
178 1836
179 1837
179 1838
179 1839
179 1840
179 1841
179 1842
179 1843
179 1844
180 1845
180 1846
180 1847
180 1848
180 1849
180 1850
180 1851
180 1852
181 1853
181 1854
181 1855
181 1856
181 1857
181 1858
181 1859
181 1860
182 1861
182 1862
182 1863
182 1864
182 1865
182 1866
182 1867
182 1868
183 1869
183 1870
183 1871
183 1872
183 1873
183 1874
183 1875
183 1876
184 1877
184 1878
184 1879
184 1880
184 1881
184 1882
184 1883
184 1884
185 1885
185 1886
185 1887
185 1888
185 1889
185 1890
185 1891
185 1892
186 1893
186 1894
186 1895
186 1896
186 1897
186 1898
186 1899
186 1900
187 1901
187 1902
187 1903
187 1904
187 1905
187 1906
187 1907
187 1908
188 1909
188 1910
188 1911
188 1912
188 1913
188 1914
188 1915
188 1916
189 1917
189 1918
189 1919
189 1920
189 1921
189 1922
189 1923
189 1924
190 1925
190 1926
190 1927
190 1928
190 1929
190 1930
190 1931
190 1932
191 1933
191 1934
191 1935
191 1936
191 1937
191 1938
191 1939
191 1940
192 1941
192 1942
192 1943
192 1944
192 1945
192 1946
192 1947
192 1948
193 1949
193 1950
193 1951
193 1952
193 1953
193 1954
193 1955
193 1956
194 1957
194 1958
194 1959
194 1960
194 1961
194 1962
194 1963
194 1964
195 1965
195 1966
195 1967
195 1968
195 1969
195 1970
195 1971
195 1972
196 1973
196 1974
196 1975
196 1976
196 1977
196 1978
196 1979
196 1980
197 1981
197 1982
197 1983
197 1984
197 1985
197 1986
197 1987
197 1988
198 1989
198 1990
198 1991
198 1992
198 1993
198 1994
198 1995
198 1996
199 1997
199 1998
199 1999
199 2000
199 2001
199 2002
199 2003
199 2004
200 2005
200 2006
200 2007
200 2008
200 2009
200 2010
200 2011
200 2012
201 2013
201 2014
201 2015
201 2016
201 2017
201 2018
201 2019
201 2020
202 2021
202 2022
202 2023
202 2024
202 2025
202 2026
202 2027
202 2028
203 2029
203 2030
203 2031
203 2032
203 2033
203 2034
203 2035
203 2036
204 2037
204 2038
204 2039
204 2040
204 2041
204 2042
204 2043
204 2044
205 2045
205 2046
205 2047
205 2048
205 2049
205 2050
205 2051
205 2052
206 2053
206 2054
206 2055
206 2056
206 2057
206 2058
206 2059
206 2060
207 2061
207 2062
207 2063
207 2064
207 2065
207 2066
207 2067
207 2068
208 2069
208 2070
208 2071
208 2072
208 2073
208 2074
208 2075
208 2076
209 2077
209 2078
209 2079
209 2080
209 2081
209 2082
209 2083
209 2084
210 2085
210 2086
210 2087
210 2088
210 2089
210 2090
210 2091
210 2092
211 2093
211 2094
211 2095
211 2096
211 2097
211 2098
211 2099
211 2100
212 2101
212 2102
212 2103
212 2104
212 2105
212 2106
212 2107
212 2108
213 2109
213 2110
213 2111
213 2112
213 2113
213 2114
213 2115
213 2116
214 2117
214 2118
214 2119
214 2120
214 2121
214 2122
214 2123
214 2124
215 2125
215 2126
215 2127
215 2128
215 2129
215 2130
215 2131
215 2132
216 2133
216 2134
216 2135
216 2136
216 2137
216 2138
216 2139
216 2140
217 2141
217 2142
217 2143
217 2144
217 2145
217 2146
217 2147
217 2148
218 2149
218 2150
218 2151
218 2152
218 2153
218 2154
218 2155
218 2156
219 2157
219 2158
219 2159
219 2160
219 2161
219 2162
219 2163
219 2164
220 2165
220 2166
220 2167
220 2168
220 2169
220 2170
220 2171
220 2172
221 2173
221 2174
221 2175
221 2176
221 2177
221 2178
221 2179
221 2180
222 2181
222 2182
222 2183
222 2184
222 2185
222 2186
222 2187
222 2188
223 2189
223 2190
223 2191
223 2192
223 2193
223 2194
223 2195
223 2196
224 2197
224 2198
224 2199
224 2200
224 2201
224 2202
224 2203
224 2204
225 2205
225 2206
225 2207
225 2208
225 2209
225 2210
225 2211
225 2212
226 2213
226 2214
226 2215
226 2216
226 2217
226 2218
226 2219
226 2220
227 2221
227 2222
227 2223
227 2224
227 2225
227 2226
227 2227
227 2228
228 2229
228 2230
228 2231
228 2232
228 2233
228 2234
228 2235
228 2236
229 2237
229 2238
229 2239
229 2240
229 2241
229 2242
229 2243
229 2244
230 2245
230 2246
230 2247
230 2248
230 2249
230 2250
230 2251
230 2252
231 2253
231 2254
231 2255
231 2256
231 2257
231 2258
231 2259
231 2260
232 2261
232 2262
232 2263
232 2264
232 2265
232 2266
232 2267
232 2268
233 2269
233 2270
233 2271
233 2272
233 2273
233 2274
233 2275
233 2276
234 2277
234 2278
234 2279
234 2280
234 2281
234 2282
234 2283
234 2284
235 2285
235 2286
235 2287
235 2288
235 2289
235 2290
235 2291
235 2292
236 2293
236 2294
236 2295
236 2296
236 2297
236 2298
236 2299
236 2300
237 2301
237 2302
237 2303
237 2304
237 2305
237 2306
237 2307
237 2308
238 2309
238 2310
238 2311
238 2312
238 2313
238 2314
238 2315
238 2316
239 2317
239 2318
239 2319
239 2320
239 2321
239 2322
239 2323
239 2324
240 2325
240 2326
240 2327
240 2328
240 2329
240 2330
240 2331
240 2332
241 2333
241 2334
241 2335
241 2336
241 2337
241 2338
241 2339
241 2340
242 2341
242 2342
242 2343
242 2344
242 2345
242 2346
242 2347
242 2348
243 2349
243 2350
243 2351
243 2352
243 2353
243 2354
243 2355
243 2356
244 2357
244 2358
244 2359
244 2360
244 2361
244 2362
244 2363
244 2364
245 2365
245 2366
245 2367
245 2368
245 2369
245 2370
245 2371
245 2372
246 2373
246 2374
246 2375
246 2376
246 2377
246 2378
246 2379
246 2380
247 2381
247 2382
247 2383
247 2384
247 2385
247 2386
247 2387
247 2388
248 2389
248 2390
248 2391
248 2392
248 2393
248 2394
248 2395
248 2396
249 2397
249 2398
249 2399
249 2400
249 2401
249 2402
249 2403
249 2404
250 2405
250 2406
250 2407
250 2408
250 2409
250 2410
250 2411
250 2412
251 2413
251 2414
251 2415
251 2416
251 2417
251 2418
251 2419
251 2420
252 2421
252 2422
252 2423
252 2424
252 2425
252 2426
252 2427
252 2428
253 2429
253 2430
253 2431
253 2432
253 2433
253 2434
253 2435
253 2436
254 2437
254 2438
254 2439
254 2440
254 2441
254 2442
254 2443
254 2444
255 2445
255 2446
255 2447
255 2448
255 2449
255 2450
255 2451
255 2452
256 2453
256 2454
256 2455
256 2456
256 2457
256 2458
256 2459
256 2460
257 2461
257 2462
257 2463
257 2464
257 2465
257 2466
257 2467
257 2468
258 2469
258 2470
258 2471
258 2472
258 2473
258 2474
258 2475
258 2476
259 2477
259 2478
259 2479
259 2480
259 2481
259 2482
259 2483
259 2484
260 2485
260 2486
260 2487
260 2488
260 2489
260 2490
260 2491
260 2492
261 2493
261 2494
261 2495
261 2496
261 2497
261 2498
261 2499
261 2500
262 2501
262 2502
262 2503
262 2504
262 2505
262 2506
262 2507
262 2508
263 2509
263 2510
263 2511
263 2512
263 2513
263 2514
263 2515
263 2516
264 2517
264 2518
264 2519
264 2520
264 2521
264 2522
264 2523
264 2524
265 2525
265 2526
265 2527
265 2528
265 2529
265 2530
265 2531
265 2532
266 2533
266 2534
266 2535
266 2536
266 2537
266 2538
266 2539
266 2540
267 2541
267 2542
267 2543
267 2544
267 2545
267 2546
267 2547
267 2548
268 2549
268 2550
268 2551
268 2552
268 2553
268 2554
268 2555
268 2556
269 2557
269 2558
269 2559
269 2560
269 2561
269 2562
269 2563
269 2564
270 2565
270 2566
270 2567
270 2568
270 2569
270 2570
270 2571
270 2572
271 2573
271 2574
271 2575
271 2576
271 2577
271 2578
271 2579
271 2580
272 2581
272 2582
272 2583
272 2584
272 2585
272 2586
272 2587
272 2588
273 2589
273 2590
273 2591
273 2592
273 2593
273 2594
273 2595
273 2596
274 2597
274 2598
274 2599
274 2600
274 2601
274 2602
274 2603
274 2604
275 2605
275 2606
275 2607
275 2608
275 2609
275 2610
275 2611
275 2612
276 2613
276 2614
276 2615
276 2616
276 2617
276 2618
276 2619
276 2620
277 2621
277 2622
277 2623
277 2624
277 2625
277 2626
277 2627
277 2628
278 2629
278 2630
278 2631
278 2632
278 2633
278 2634
278 2635
278 2636
279 2637
279 2638
279 2639
279 2640
279 2641
279 2642
279 2643
279 2644
280 2645
280 2646
280 2647
280 2648
280 2649
280 2650
280 2651
280 2652
281 2653
281 2654
281 2655
281 2656
281 2657
281 2658
281 2659
281 2660
282 2661
282 2662
282 2663
282 2664
282 2665
282 2666
282 2667
282 2668
283 2669
283 2670
283 2671
283 2672
283 2673
283 2674
283 2675
283 2676
284 2677
284 2678
284 2679
284 2680
284 2681
284 2682
284 2683
284 2684
285 2685
285 2686
285 2687
285 2688
285 2689
285 2690
285 2691
285 2692
286 2693
286 2694
286 2695
286 2696
286 2697
286 2698
286 2699
286 2700
287 2701
287 2702
287 2703
287 2704
287 2705
287 2706
287 2707
287 2708
288 2709
288 2710
288 2711
288 2712
288 2713
288 2714
288 2715
288 2716
289 2717
289 2718
289 2719
289 2720
289 2721
289 2722
289 2723
289 2724
290 2725
290 2726
290 2727
290 2728
290 2729
290 2730
290 2731
290 2732
291 2733
291 2734
291 2735
291 2736
291 2737
291 2738
291 2739
291 2740
292 2741
292 2742
292 2743
292 2744
292 2745
292 2746
292 2747
292 2748
293 2749
293 2750
293 2751
293 2752
293 2753
293 2754
293 2755
293 2756
294 2757
294 2758
294 2759
294 2760
294 2761
294 2762
294 2763
294 2764
295 2765
295 2766
295 2767
295 2768
295 2769
295 2770
295 2771
295 2772
296 2773
296 2774
296 2775
296 2776
296 2777
296 2778
296 2779
296 2780
297 2781
297 2782
297 2783
297 2784
297 2785
297 2786
297 2787
297 2788
298 2789
298 2790
298 2791
298 2792
298 2793
298 2794
298 2795
298 2796
299 2797
299 2798
299 2799
299 2800
299 2801
299 2802
299 2803
299 2804
300 2805
300 2806
300 2807
300 2808
300 2809
300 2810
300 2811
300 2812
301 2813
301 2814
301 2815
301 2816
301 2817
301 2818
301 2819
301 2820
302 2821
302 2822
302 2823
302 2824
302 2825
302 2826
302 2827
302 2828
303 2829
303 2830
303 2831
303 2832
303 2833
303 2834
303 2835
303 2836
304 2837
304 2838
304 2839
304 2840
304 2841
304 2842
304 2843
304 2844
305 2845
305 2846
305 2847
305 2848
305 2849
305 2850
305 2851
305 2852
306 2853
306 2854
306 2855
306 2856
306 2857
306 2858
306 2859
306 2860
307 2861
307 2862
307 2863
307 2864
307 2865
307 2866
307 2867
307 2868
308 2869
308 2870
308 2871
308 2872
308 2873
308 2874
308 2875
308 2876
309 2877
309 2878
309 2879
309 2880
309 2881
309 2882
309 2883
309 2884
310 2885
310 2886
310 2887
310 2888
310 2889
310 2890
310 2891
310 2892
311 2893
311 2894
311 2895
311 2896
311 2897
311 2898
311 2899
311 2900
312 2901
312 2902
312 2903
312 2904
312 2905
312 2906
312 2907
312 2908
313 2909
313 2910
313 2911
313 2912
313 2913
313 2914
313 2915
313 2916
314 2917
314 2918
314 2919
314 2920
314 2921
314 2922
314 2923
314 2924
315 2925
315 2926
315 2927
315 2928
315 2929
315 2930
315 2931
315 2932
316 2933
316 2934
316 2935
316 2936
316 2937
316 2938
316 2939
316 2940
317 2941
317 2942
317 2943
317 2944
317 2945
317 2946
317 2947
317 2948
318 2949
318 2950
318 2951
318 2952
318 2953
318 2954
318 2955
318 2956
319 2957
319 2958
319 2959
319 2960
319 2961
319 2962
319 2963
319 2964
320 2965
320 2966
320 2967
320 2968
320 2969
320 2970
320 2971
320 2972
321 2973
321 2974
321 2975
321 2976
321 2977
321 2978
321 2979
321 2980
322 2981
322 2982
322 2983
322 2984
322 2985
322 2986
322 2987
322 2988
323 2989
323 2990
323 2991
323 2992
323 2993
323 2994
323 2995
323 2996
324 2997
324 2998
324 2999
324 3000
324 3001
324 3002
324 3003
324 3004
325 3005
325 3006
325 3007
325 3008
325 3009
325 3010
325 3011
325 3012
326 3013
326 3014
326 3015
326 3016
326 3017
326 3018
326 3019
326 3020
327 3021
327 3022
327 3023
327 3024
327 3025
327 3026
327 3027
327 3028
328 3029
328 3030
328 3031
328 3032
328 3033
328 3034
328 3035
328 3036
329 3037
329 3038
329 3039
329 3040
329 3041
329 3042
329 3043
329 3044
330 3045
330 3046
330 3047
330 3048
330 3049
330 3050
330 3051
330 3052
331 3053
331 3054
331 3055
331 3056
331 3057
331 3058
331 3059
331 3060
332 3061
332 3062
332 3063
332 3064
332 3065
332 3066
332 3067
332 3068
333 3069
333 3070
333 3071
333 3072
333 3073
333 3074
333 3075
333 3076
334 3077
334 3078
334 3079
334 3080
334 3081
334 3082
334 3083
334 3084
335 3085
335 3086
335 3087
335 3088
335 3089
335 3090
335 3091
335 3092
336 3093
336 3094
336 3095
336 3096
336 3097
336 3098
336 3099
336 3100
337 3101
337 3102
337 3103
337 3104
337 3105
337 3106
337 3107
337 3108
338 3109
338 3110
338 3111
338 3112
338 3113
338 3114
338 3115
338 3116
339 3117
339 3118
339 3119
339 3120
339 3121
339 3122
339 3123
339 3124
340 3125
340 3126
340 3127
340 3128
340 3129
340 3130
340 3131
340 3132
341 3133
341 3134
341 3135
341 3136
341 3137
341 3138
341 3139
341 3140
342 3141
342 3142
342 3143
342 3144
342 3145
342 3146
342 3147
342 3148
343 3149
343 3150
343 3151
343 3152
343 3153
343 3154
343 3155
343 3156
344 3157
344 3158
344 3159
344 3160
344 3161
344 3162
344 3163
344 3164
345 3165
345 3166
345 3167
345 3168
345 3169
345 3170
345 3171
345 3172
346 3173
346 3174
346 3175
346 3176
346 3177
346 3178
346 3179
346 3180
347 3181
347 3182
347 3183
347 3184
347 3185
347 3186
347 3187
347 3188
348 3189
348 3190
348 3191
348 3192
348 3193
348 3194
348 3195
348 3196
349 3197
349 3198
349 3199
349 3200
349 3201
349 3202
349 3203
349 3204
350 3205
350 3206
350 3207
350 3208
350 3209
350 3210
350 3211
350 3212
351 3213
351 3214
351 3215
351 3216
351 3217
351 3218
351 3219
351 3220
352 3221
352 3222
352 3223
352 3224
352 3225
352 3226
352 3227
352 3228
353 3229
353 3230
353 3231
353 3232
353 3233
353 3234
353 3235
353 3236
354 3237
354 3238
354 3239
354 3240
354 3241
354 3242
354 3243
354 3244
355 3245
355 3246
355 3247
355 3248
355 3249
355 3250
355 3251
355 3252
356 3253
356 3254
356 3255
356 3256
356 3257
356 3258
356 3259
356 3260
357 3261
357 3262
357 3263
357 3264
357 3265
357 3266
357 3267
357 3268
358 3269
358 3270
358 3271
358 3272
358 3273
358 3274
358 3275
358 3276
359 3277
359 3278
359 3279
359 3280
359 3281
359 3282
359 3283
359 3284
360 3285
360 3286
360 3287
360 3288
360 3289
360 3290
360 3291
360 3292
361 3293
361 3294
361 3295
361 3296
361 3297
361 3298
361 3299
361 3300
362 3301
362 3302
362 3303
362 3304
362 3305
362 3306
362 3307
362 3308
363 3309
363 3310
363 3311
363 3312
363 3313
363 3314
363 3315
363 3316
364 3317
364 3318
364 3319
364 3320
364 3321
364 3322
364 3323
364 3324
365 3325
365 3326
365 3327
365 3328
365 3329
365 3330
365 3331
365 3332
366 3333
366 3334
366 3335
366 3336
366 3337
366 3338
366 3339
366 3340
367 3341
367 3342
367 3343
367 3344
367 3345
367 3346
367 3347
367 3348
368 3349
368 3350
368 3351
368 3352
368 3353
368 3354
368 3355
368 3356
369 3357
369 3358
369 3359
369 3360
369 3361
369 3362
369 3363
369 3364
370 3365
370 3366
370 3367
370 3368
370 3369
370 3370
370 3371
370 3372
371 3373
371 3374
371 3375
371 3376
371 3377
371 3378
371 3379
371 3380
372 3381
372 3382
372 3383
372 3384
372 3385
372 3386
372 3387
372 3388
373 3389
373 3390
373 3391
373 3392
373 3393
373 3394
373 3395
373 3396
374 3397
374 3398
374 3399
374 3400
374 3401
374 3402
374 3403
374 3404
375 3405
375 3406
375 3407
375 3408
375 3409
375 3410
375 3411
375 3412
376 3413
376 3414
376 3415
376 3416
376 3417
376 3418
376 3419
376 3420
377 3421
377 3422
377 3423
377 3424
377 3425
377 3426
377 3427
377 3428
378 3429
378 3430
378 3431
378 3432
378 3433
378 3434
378 3435
378 3436
379 3437
379 3438
379 3439
379 3440
379 3441
379 3442
379 3443
379 3444
380 3445
380 3446
380 3447
380 3448
380 3449
380 3450
380 3451
380 3452
381 3453
381 3454
381 3455
381 3456
381 3457
381 3458
381 3459
381 3460
382 3461
382 3462
382 3463
382 3464
382 3465
382 3466
382 3467
382 3468
383 3469
383 3470
383 3471
383 3472
383 3473
383 3474
383 3475
383 3476
384 3477
384 3478
384 3479
384 3480
384 3481
384 3482
384 3483
384 3484
385 3485
385 3486
385 3487
385 3488
385 3489
385 3490
385 3491
385 3492
386 3493
386 3494
386 3495
386 3496
386 3497
386 3498
386 3499
386 3500
387 3501
387 3502
387 3503
387 3504
387 3505
387 3506
387 3507
387 3508
388 3509
388 3510
388 3511
388 3512
388 3513
388 3514
388 3515
388 3516
389 3517
389 3518
389 3519
389 3520
389 3521
389 3522
389 3523
389 3524
390 3525
390 3526
390 3527
390 3528
390 3529
390 3530
390 3531
390 3532
391 3533
391 3534
391 3535
391 3536
391 3537
391 3538
391 3539
391 3540
392 3541
392 3542
392 3543
392 3544
392 3545
392 3546
392 3547
392 3548
393 3549
393 3550
393 3551
393 3552
393 3553
393 3554
393 3555
393 3556
394 3557
394 3558
394 3559
394 3560
394 3561
394 3562
394 3563
394 3564
395 3565
395 3566
395 3567
395 3568
395 3569
395 3570
395 3571
395 3572
396 3573
396 3574
396 3575
396 3576
396 3577
396 3578
396 3579
396 3580
397 3581
397 3582
397 3583
397 3584
397 3585
397 3586
397 3587
397 3588
398 3589
398 3590
398 3591
398 3592
398 3593
398 3594
398 3595
398 3596
399 3597
399 3598
399 3599
399 3600
399 3601
399 3602
399 3603
399 3604
400 3605
400 3606
400 3607
400 3608
400 3609
400 3610
400 3611
400 3612
401 3613
401 3614
401 3615
401 3616
401 3617
401 3618
401 3619
401 3620
402 3621
402 3622
402 3623
402 3624
402 3625
402 3626
402 3627
402 3628
403 3629
403 3630
403 3631
403 3632
403 3633
403 3634
403 3635
403 3636
404 3637
404 3638
404 3639
404 3640
404 3641
404 3642
404 3643
404 3644
