0 48
0 21
0 164
0 5
0 263
0 8
0 28
0 45
0 190
0 85
1 240
1 192
1 146
1 3
1 20
1 21
1 186
1 59
1 252
1 226
2 273
2 227
2 36
2 269
2 102
2 59
2 92
2 61
2 222
2 191
3 176
3 17
3 67
3 6
3 225
3 170
3 139
3 220
3 144
4 112
4 274
4 212
4 278
4 264
4 201
4 122
4 146
4 29
4 207
5 176
5 258
5 180
5 52
5 264
5 217
5 271
5 158
5 143
6 81
6 244
6 229
6 119
6 153
6 121
6 39
6 189
6 52
7 64
7 114
7 195
7 147
7 70
7 246
7 169
7 266
7 91
7 61
8 160
8 210
8 215
8 105
8 138
8 103
8 204
8 141
8 206
9 193
9 226
9 251
9 227
9 22
9 17
9 267
9 169
9 263
9 142
10 275
10 243
10 163
10 118
10 233
10 249
10 235
10 45
10 223
10 159
11 257
11 115
11 179
11 87
11 200
11 57
11 218
11 75
11 92
11 231
12 248
12 98
12 163
12 228
12 117
12 118
12 152
12 25
12 42
12 62
13 149
13 72
13 115
13 165
13 246
13 104
13 43
13 182
13 29
13 95
14 82
14 87
14 21
14 230
14 23
14 278
14 202
14 151
14 239
14 207
15 272
15 256
15 275
15 100
15 278
15 86
15 200
15 201
15 59
15 223
16 96
16 104
16 131
16 84
16 181
16 22
16 73
16 184
16 89
16 47
17 120
17 164
17 101
17 56
17 185
17 42
17 125
17 109
18 87
18 107
18 260
18 245
18 103
18 152
18 227
18 59
18 157
18 239
19 144
19 129
19 116
19 198
19 70
19 23
19 263
19 156
19 173
19 127
20 144
20 64
20 219
20 21
20 119
20 136
20 36
20 247
20 103
21 123
21 80
21 76
21 155
21 108
21 159
22 48
22 196
22 257
22 248
22 89
22 156
22 189
22 222
23 273
23 56
23 276
23 39
23 184
23 169
23 106
23 255
24 128
24 208
24 34
24 244
24 149
24 72
24 159
24 172
24 190
24 127
25 128
25 131
25 276
25 181
25 151
25 158
25 183
25 46
25 111
26 176
26 272
26 66
26 37
26 40
26 217
26 144
26 236
26 109
26 205
27 161
27 131
27 158
27 35
27 227
27 108
27 218
27 76
27 189
27 110
28 129
28 45
28 84
28 232
28 96
28 31
28 204
28 253
28 111
29 139
29 134
29 223
29 188
29 171
29 237
29 62
29 143
30 194
30 52
30 229
30 214
30 185
30 226
30 154
30 82
30 126
30 127
31 152
31 191
31 183
31 120
31 221
31 42
31 135
31 141
31 125
32 76
32 221
32 68
32 85
32 199
32 265
32 42
32 268
32 77
32 207
33 225
33 98
33 214
33 232
33 41
33 202
33 187
33 269
33 78
33 189
34 201
34 196
34 38
34 247
34 137
34 58
34 123
34 221
34 270
35 68
35 148
35 107
35 132
35 247
35 73
35 91
35 92
35 62
36 65
36 163
36 37
36 162
36 280
36 113
36 258
36 269
37 160
37 190
37 38
37 39
37 105
37 135
37 138
37 110
38 261
38 213
38 246
38 69
38 249
38 172
38 158
38 182
39 160
39 48
39 262
39 55
39 41
39 267
39 221
40 81
40 114
40 83
40 132
40 51
40 121
40 73
40 199
40 236
41 244
41 69
41 93
41 145
41 223
41 173
41 206
41 239
42 71
42 156
42 58
42 237
42 238
42 143
43 256
43 65
43 210
43 163
43 73
43 267
43 137
43 203
43 254
44 240
44 242
44 115
44 196
44 197
44 249
44 170
44 127
44 189
44 45
45 252
45 227
45 52
45 197
45 214
45 238
46 257
46 212
46 276
46 278
46 118
46 202
46 219
46 222
46 175
47 279
47 258
47 134
47 71
47 56
47 201
47 251
47 205
47 270
48 150
48 137
48 202
48 203
48 60
48 234
48 271
49 160
49 161
49 51
49 230
49 182
49 64
49 144
49 107
49 69
49 128
50 128
50 51
50 133
50 70
50 265
50 185
50 266
50 239
50 60
50 143
51 105
51 113
51 273
51 280
51 177
51 106
51 251
52 209
52 198
52 231
52 236
52 266
52 188
53 240
53 96
53 187
53 118
53 279
53 217
53 202
53 155
53 108
53 94
54 160
54 257
54 273
54 83
54 261
54 230
54 81
54 264
54 156
54 77
55 146
55 197
55 166
55 156
55 186
55 59
55 220
55 253
55 158
56 239
56 107
56 90
56 234
56 123
56 220
56 221
57 192
57 80
57 83
57 165
57 168
57 275
57 107
57 92
57 280
58 176
58 226
58 229
58 118
58 108
58 140
58 156
58 175
59 133
59 263
59 107
59 188
59 223
60 152
60 68
60 146
60 167
60 120
60 225
60 205
60 63
61 144
61 108
61 155
61 195
61 121
61 187
61 156
61 95
62 211
62 260
62 213
62 92
62 255
62 93
62 239
63 211
63 84
63 126
63 70
63 151
63 68
63 142
63 254
63 159
64 229
64 150
64 241
64 249
64 212
64 159
64 79
65 192
65 243
65 102
65 246
65 279
65 68
65 186
65 172
66 232
66 98
66 245
66 215
66 72
66 250
66 172
66 114
66 94
67 132
67 187
67 262
67 88
67 275
67 203
67 102
67 222
67 237
68 80
68 167
68 74
68 75
68 109
69 179
69 270
69 214
69 243
69 87
69 139
69 254
70 177
70 85
70 231
70 168
70 151
70 220
71 232
71 253
71 213
71 102
71 104
71 73
71 218
71 255
72 264
72 99
72 149
72 134
72 199
72 215
72 78
73 225
73 146
73 279
73 251
73 183
74 131
74 98
74 147
74 180
74 229
74 106
74 203
74 154
74 157
75 208
75 200
75 83
75 277
75 219
75 88
75 259
75 112
76 96
76 277
76 102
76 248
76 153
76 140
76 190
77 272
77 91
77 131
77 230
77 263
77 122
77 171
77 266
78 194
78 83
78 102
78 262
78 88
78 219
78 124
78 141
79 97
79 258
79 261
79 168
79 170
79 204
79 253
79 142
79 157
80 160
80 145
80 99
80 104
80 139
80 252
80 189
81 192
81 245
81 198
81 137
81 121
81 172
81 173
82 241
82 114
82 196
82 86
82 278
82 217
82 254
82 191
83 97
83 266
83 106
83 154
83 237
84 130
84 133
84 150
84 136
84 170
84 188
84 90
85 180
85 198
85 200
85 91
85 236
85 134
85 175
86 256
86 184
86 180
86 135
86 264
86 170
86 239
86 210
87 232
87 181
87 167
87 136
87 217
87 190
88 273
88 194
88 165
88 189
88 268
88 226
88 223
89 275
89 174
89 200
89 265
89 90
89 236
89 109
89 142
90 176
90 209
90 168
90 103
90 251
90 110
90 223
91 256
91 128
91 192
91 216
91 124
91 173
92 231
92 169
92 140
92 141
92 191
93 209
93 116
93 245
93 151
93 232
93 136
93 172
93 173
94 224
94 256
94 275
94 216
94 233
94 122
94 143
94 95
95 112
95 273
95 178
95 254
95 246
95 168
95 218
96 178
96 205
96 122
96 123
96 221
96 157
97 129
97 274
97 164
97 151
97 194
97 234
97 188
97 226
98 261
98 150
98 119
98 184
98 236
98 205
99 257
99 224
99 276
99 204
99 154
99 140
99 173
99 207
100 192
100 209
100 132
100 245
100 103
100 136
100 108
100 235
100 172
101 176
101 224
101 162
101 243
101 158
101 211
101 130
101 190
101 239
102 145
102 155
102 125
102 247
103 134
103 119
103 183
103 155
103 250
104 211
104 148
104 163
104 230
104 121
104 269
105 136
105 163
105 149
105 119
105 193
105 252
105 110
106 274
106 181
106 262
106 242
106 194
106 215
107 119
107 185
107 248
107 127
108 114
108 217
108 143
108 188
109 187
109 230
109 151
109 200
109 267
109 143
110 161
110 251
110 233
110 173
110 270
110 157
111 161
111 275
111 142
111 198
111 186
111 255
111 270
111 127
112 272
112 258
112 195
112 149
112 185
112 138
112 156
113 192
113 193
113 197
113 263
113 167
113 235
113 135
113 279
114 273
114 180
114 213
114 145
114 234
115 192
115 144
115 188
115 245
115 201
115 221
115 206
116 195
116 166
116 214
116 199
116 137
116 268
116 158
116 159
117 192
117 216
117 162
117 163
117 132
117 197
117 118
117 184
117 277
118 188
118 147
118 220
118 255
119 128
119 194
119 214
119 124
120 225
120 178
120 150
120 246
120 177
120 139
120 223
121 240
121 278
121 218
121 171
121 141
122 177
122 166
122 230
122 257
122 248
122 132
123 200
123 254
123 184
123 140
123 206
123 165
124 209
124 243
124 260
124 217
124 186
124 169
124 271
125 259
125 248
125 153
125 236
125 269
125 168
125 143
126 129
126 195
126 244
126 257
126 138
126 172
126 173
126 174
127 155
127 235
127 275
127 174
128 208
128 224
128 218
128 274
129 131
129 231
129 233
129 141
129 238
129 255
130 257
130 262
130 249
130 137
130 171
130 140
130 141
130 206
131 179
131 265
131 186
131 267
132 152
132 177
132 279
132 203
133 152
133 242
133 267
133 277
133 150
133 263
133 232
134 177
134 221
134 228
134 166
134 219
135 198
135 203
135 229
135 231
135 154
135 253
136 229
136 154
136 206
136 269
137 174
137 270
137 254
137 191
138 256
138 178
138 196
138 199
138 140
138 223
139 196
139 185
139 266
139 235
139 140
140 209
140 216
141 240
141 179
141 264
142 184
142 265
142 237
142 254
142 191
143 272
143 273
144 154
144 204
144 270
145 224
145 147
145 247
145 248
145 263
145 253
146 224
146 151
146 280
146 241
146 207
147 272
147 215
147 177
147 155
147 233
147 159
148 204
148 276
148 181
148 268
148 265
148 250
148 220
148 277
149 276
149 151
149 188
149 174
149 239
150 232
150 162
150 225
150 255
151 273
152 245
152 182
152 279
152 207
153 258
153 178
153 277
153 231
153 265
153 185
153 267
154 230
154 185
154 174
155 193
155 180
155 170
156 226
156 259
157 240
157 165
157 249
157 250
157 205
158 235
158 220
158 181
159 208
159 203
159 186
160 240
160 168
160 251
160 279
161 272
161 171
161 271
161 249
161 186
161 191
162 208
162 230
162 274
162 259
162 247
162 276
163 212
163 182
163 205
164 256
164 209
164 228
164 233
164 171
164 268
164 175
165 253
165 277
165 262
165 222
165 175
166 258
166 276
166 232
166 252
166 220
166 191
167 243
167 260
167 212
167 266
167 265
167 257
168 240
168 219
168 268
169 194
169 181
169 202
169 217
169 237
170 242
170 261
170 172
170 173
171 194
171 211
171 207
171 189
172 258
173 238
174 208
174 243
174 199
174 265
175 179
175 275
175 182
175 235
175 204
176 241
176 205
176 228
176 179
177 184
177 266
177 238
178 272
178 278
178 279
178 250
178 254
179 242
179 259
179 183
179 203
180 196
180 231
180 252
180 206
181 195
181 216
181 239
182 224
182 257
182 185
182 234
183 272
183 197
183 246
183 271
183 253
184 215
184 266
185 195
186 278
186 249
187 247
187 215
187 280
187 267
187 220
188 262
189 240
189 211
190 256
190 268
190 252
190 255
191 195
191 214
192 210
193 213
193 259
193 246
193 198
193 233
193 219
194 213
194 277
195 228
195 271
196 216
196 267
196 270
197 260
197 201
197 228
197 236
198 259
198 249
198 225
199 232
199 260
199 230
199 279
200 237
200 225
200 217
201 224
201 274
201 252
201 210
202 277
202 216
202 205
202 237
203 224
203 231
204 256
204 229
204 238
205 238
206 251
206 211
206 234
207 238
207 220
207 237
208 227
208 244
208 216
208 233
209 242
209 244
209 277
210 211
210 276
210 251
210 280
210 252
211 262
211 245
212 262
212 216
212 236
212 221
212 222
213 241
213 227
213 273
213 249
214 242
214 261
214 253
215 241
215 247
215 268
216 248
217 248
218 235
218 250
218 253
218 238
219 224
219 274
219 276
221 226
222 225
222 243
222 227
222 264
223 263
225 271
226 244
226 238
227 244
227 261
228 245
228 264
228 233
228 269
229 242
229 246
231 261
233 251
234 246
234 241
234 267
234 252
235 271
235 280
236 269
237 280
240 271
241 274
241 250
241 269
242 263
242 255
243 259
243 254
244 270
244 268
245 259
247 262
247 268
248 270
250 261
250 264
250 266
255 260
256 261
258 274
258 265
259 264
260 278
260 280
260 271
269 272
274 278
275 280
0 281
0 282
0 283
0 284
0 285
1 286
1 287
1 288
1 289
1 290
2 291
2 292
2 293
2 294
2 295
3 296
3 297
3 298
3 299
3 300
4 301
4 302
4 303
4 304
4 305
5 306
5 307
5 308
5 309
5 310
6 311
6 312
6 313
6 314
6 315
7 316
7 317
7 318
7 319
7 320
8 321
8 322
8 323
8 324
8 325
9 326
9 327
9 328
9 329
9 330
10 331
10 332
10 333
10 334
10 335
11 336
11 337
11 338
11 339
11 340
12 341
12 342
12 343
12 344
12 345
13 346
13 347
13 348
13 349
13 350
14 351
14 352
14 353
14 354
14 355
15 356
15 357
15 358
15 359
15 360
16 361
16 362
16 363
16 364
16 365
17 366
17 367
17 368
17 369
17 370
18 371
18 372
18 373
18 374
18 375
19 376
19 377
19 378
19 379
19 380
20 381
20 382
20 383
20 384
20 385
21 386
21 387
21 388
21 389
21 390
22 391
22 392
22 393
22 394
22 395
23 396
23 397
23 398
23 399
23 400
24 401
24 402
24 403
24 404
24 405
25 406
25 407
25 408
25 409
25 410
26 411
26 412
26 413
26 414
26 415
27 416
27 417
27 418
27 419
27 420
28 421
28 422
28 423
28 424
28 425
29 426
29 427
29 428
29 429
29 430
30 431
30 432
30 433
30 434
30 435
31 436
31 437
31 438
31 439
31 440
32 441
32 442
32 443
32 444
32 445
33 446
33 447
33 448
33 449
33 450
34 451
34 452
34 453
34 454
34 455
35 456
35 457
35 458
35 459
35 460
36 461
36 462
36 463
36 464
36 465
37 466
37 467
37 468
37 469
37 470
38 471
38 472
38 473
38 474
38 475
39 476
39 477
39 478
39 479
39 480
40 481
40 482
40 483
40 484
40 485
41 486
41 487
41 488
41 489
41 490
42 491
42 492
42 493
42 494
42 495
43 496
43 497
43 498
43 499
43 500
44 501
44 502
44 503
44 504
44 505
45 506
45 507
45 508
45 509
45 510
46 511
46 512
46 513
46 514
46 515
47 516
47 517
47 518
47 519
47 520
48 521
48 522
48 523
48 524
48 525
49 526
49 527
49 528
49 529
49 530
50 531
50 532
50 533
50 534
50 535
51 536
51 537
51 538
51 539
51 540
52 541
52 542
52 543
52 544
52 545
53 546
53 547
53 548
53 549
53 550
54 551
54 552
54 553
54 554
54 555
55 556
55 557
55 558
55 559
55 560
56 561
56 562
56 563
56 564
56 565
57 566
57 567
57 568
57 569
57 570
58 571
58 572
58 573
58 574
58 575
59 576
59 577
59 578
59 579
59 580
60 581
60 582
60 583
60 584
60 585
61 586
61 587
61 588
61 589
61 590
62 591
62 592
62 593
62 594
62 595
63 596
63 597
63 598
63 599
63 600
64 601
64 602
64 603
64 604
64 605
65 606
65 607
65 608
65 609
65 610
66 611
66 612
66 613
66 614
66 615
67 616
67 617
67 618
67 619
67 620
68 621
68 622
68 623
68 624
68 625
69 626
69 627
69 628
69 629
69 630
70 631
70 632
70 633
70 634
70 635
71 636
71 637
71 638
71 639
71 640
72 641
72 642
72 643
72 644
72 645
73 646
73 647
73 648
73 649
73 650
74 651
74 652
74 653
74 654
74 655
75 656
75 657
75 658
75 659
75 660
76 661
76 662
76 663
76 664
76 665
77 666
77 667
77 668
77 669
77 670
78 671
78 672
78 673
78 674
78 675
79 676
79 677
79 678
79 679
79 680
80 681
80 682
80 683
80 684
80 685
81 686
81 687
81 688
81 689
81 690
82 691
82 692
82 693
82 694
82 695
83 696
83 697
83 698
83 699
83 700
84 701
84 702
84 703
84 704
84 705
85 706
85 707
85 708
85 709
85 710
86 711
86 712
86 713
86 714
86 715
87 716
87 717
87 718
87 719
87 720
88 721
88 722
88 723
88 724
88 725
89 726
89 727
89 728
89 729
89 730
90 731
90 732
90 733
90 734
90 735
91 736
91 737
91 738
91 739
91 740
92 741
92 742
92 743
92 744
92 745
93 746
93 747
93 748
93 749
93 750
94 751
94 752
94 753
94 754
94 755
95 756
95 757
95 758
95 759
95 760
96 761
96 762
96 763
96 764
96 765
97 766
97 767
97 768
97 769
97 770
98 771
98 772
98 773
98 774
98 775
99 776
99 777
99 778
99 779
99 780
100 781
100 782
100 783
100 784
100 785
101 786
101 787
101 788
101 789
101 790
102 791
102 792
102 793
102 794
102 795
103 796
103 797
103 798
103 799
103 800
104 801
104 802
104 803
104 804
104 805
105 806
105 807
105 808
105 809
105 810
106 811
106 812
106 813
106 814
106 815
107 816
107 817
107 818
107 819
107 820
108 821
108 822
108 823
108 824
108 825
109 826
109 827
109 828
109 829
109 830
110 831
110 832
110 833
110 834
110 835
111 836
111 837
111 838
111 839
111 840
112 841
112 842
112 843
112 844
112 845
113 846
113 847
113 848
113 849
113 850
114 851
114 852
114 853
114 854
114 855
115 856
115 857
115 858
115 859
115 860
116 861
116 862
116 863
116 864
116 865
117 866
117 867
117 868
117 869
117 870
118 871
118 872
118 873
118 874
118 875
119 876
119 877
119 878
119 879
119 880
120 881
120 882
120 883
120 884
120 885
121 886
121 887
121 888
121 889
121 890
122 891
122 892
122 893
122 894
122 895
123 896
123 897
123 898
123 899
123 900
124 901
124 902
124 903
124 904
124 905
125 906
125 907
125 908
125 909
125 910
126 911
126 912
126 913
126 914
126 915
127 916
127 917
127 918
127 919
127 920
128 921
128 922
128 923
128 924
128 925
129 926
129 927
129 928
129 929
129 930
130 931
130 932
130 933
130 934
130 935
131 936
131 937
131 938
131 939
131 940
132 941
132 942
132 943
132 944
132 945
133 946
133 947
133 948
133 949
133 950
134 951
134 952
134 953
134 954
134 955
135 956
135 957
135 958
135 959
135 960
136 961
136 962
136 963
136 964
136 965
137 966
137 967
137 968
137 969
137 970
138 971
138 972
138 973
138 974
138 975
139 976
139 977
139 978
139 979
139 980
140 981
140 982
140 983
140 984
140 985
141 986
141 987
141 988
141 989
141 990
142 991
142 992
142 993
142 994
142 995
143 996
143 997
143 998
143 999
143 1000
144 1001
144 1002
144 1003
144 1004
144 1005
145 1006
145 1007
145 1008
145 1009
145 1010
146 1011
146 1012
146 1013
146 1014
146 1015
147 1016
147 1017
147 1018
147 1019
147 1020
148 1021
148 1022
148 1023
148 1024
148 1025
149 1026
149 1027
149 1028
149 1029
149 1030
150 1031
150 1032
150 1033
150 1034
150 1035
151 1036
151 1037
151 1038
151 1039
151 1040
152 1041
152 1042
152 1043
152 1044
152 1045
153 1046
153 1047
153 1048
153 1049
153 1050
154 1051
154 1052
154 1053
154 1054
154 1055
155 1056
155 1057
155 1058
155 1059
155 1060
156 1061
156 1062
156 1063
156 1064
156 1065
157 1066
157 1067
157 1068
157 1069
157 1070
158 1071
158 1072
158 1073
158 1074
158 1075
159 1076
159 1077
159 1078
159 1079
159 1080
160 1081
160 1082
160 1083
160 1084
160 1085
161 1086
161 1087
161 1088
161 1089
161 1090
162 1091
162 1092
162 1093
162 1094
162 1095
163 1096
163 1097
163 1098
163 1099
163 1100
164 1101
164 1102
164 1103
164 1104
164 1105
165 1106
165 1107
165 1108
165 1109
165 1110
166 1111
166 1112
166 1113
166 1114
166 1115
167 1116
167 1117
167 1118
167 1119
167 1120
168 1121
168 1122
168 1123
168 1124
168 1125
169 1126
169 1127
169 1128
169 1129
169 1130
170 1131
170 1132
170 1133
170 1134
170 1135
171 1136
171 1137
171 1138
171 1139
171 1140
172 1141
172 1142
172 1143
172 1144
172 1145
173 1146
173 1147
173 1148
173 1149
173 1150
174 1151
174 1152
174 1153
174 1154
174 1155
175 1156
175 1157
175 1158
175 1159
175 1160
176 1161
176 1162
176 1163
176 1164
176 1165
177 1166
177 1167
177 1168
177 1169
177 1170
178 1171
178 1172
178 1173
178 1174
178 1175
179 1176
179 1177
179 1178
179 1179
179 1180
180 1181
180 1182
180 1183
180 1184
180 1185
181 1186
181 1187
181 1188
181 1189
181 1190
182 1191
182 1192
182 1193
182 1194
182 1195
183 1196
183 1197
183 1198
183 1199
183 1200
184 1201
184 1202
184 1203
184 1204
184 1205
185 1206
185 1207
185 1208
185 1209
185 1210
186 1211
186 1212
186 1213
186 1214
186 1215
187 1216
187 1217
187 1218
187 1219
187 1220
188 1221
188 1222
188 1223
188 1224
188 1225
189 1226
189 1227
189 1228
189 1229
189 1230
190 1231
190 1232
190 1233
190 1234
190 1235
191 1236
191 1237
191 1238
191 1239
191 1240
192 1241
192 1242
192 1243
192 1244
192 1245
193 1246
193 1247
193 1248
193 1249
193 1250
194 1251
194 1252
194 1253
194 1254
194 1255
195 1256
195 1257
195 1258
195 1259
195 1260
196 1261
196 1262
196 1263
196 1264
196 1265
197 1266
197 1267
197 1268
197 1269
197 1270
198 1271
198 1272
198 1273
198 1274
198 1275
199 1276
199 1277
199 1278
199 1279
199 1280
200 1281
200 1282
200 1283
200 1284
200 1285
201 1286
201 1287
201 1288
201 1289
201 1290
202 1291
202 1292
202 1293
202 1294
202 1295
203 1296
203 1297
203 1298
203 1299
203 1300
204 1301
204 1302
204 1303
204 1304
204 1305
205 1306
205 1307
205 1308
205 1309
205 1310
206 1311
206 1312
206 1313
206 1314
206 1315
207 1316
207 1317
207 1318
207 1319
207 1320
208 1321
208 1322
208 1323
208 1324
208 1325
209 1326
209 1327
209 1328
209 1329
209 1330
210 1331
210 1332
210 1333
210 1334
210 1335
211 1336
211 1337
211 1338
211 1339
211 1340
212 1341
212 1342
212 1343
212 1344
212 1345
213 1346
213 1347
213 1348
213 1349
213 1350
214 1351
214 1352
214 1353
214 1354
214 1355
215 1356
215 1357
215 1358
215 1359
215 1360
216 1361
216 1362
216 1363
216 1364
216 1365
217 1366
217 1367
217 1368
217 1369
217 1370
218 1371
218 1372
218 1373
218 1374
218 1375
219 1376
219 1377
219 1378
219 1379
219 1380
220 1381
220 1382
220 1383
220 1384
220 1385
221 1386
221 1387
221 1388
221 1389
221 1390
222 1391
222 1392
222 1393
222 1394
222 1395
223 1396
223 1397
223 1398
223 1399
223 1400
224 1401
224 1402
224 1403
224 1404
224 1405
225 1406
225 1407
225 1408
225 1409
225 1410
226 1411
226 1412
226 1413
226 1414
226 1415
227 1416
227 1417
227 1418
227 1419
227 1420
228 1421
228 1422
228 1423
228 1424
228 1425
229 1426
229 1427
229 1428
229 1429
229 1430
230 1431
230 1432
230 1433
230 1434
230 1435
231 1436
231 1437
231 1438
231 1439
231 1440
232 1441
232 1442
232 1443
232 1444
232 1445
233 1446
233 1447
233 1448
233 1449
233 1450
234 1451
234 1452
234 1453
234 1454
234 1455
235 1456
235 1457
235 1458
235 1459
235 1460
236 1461
236 1462
236 1463
236 1464
236 1465
237 1466
237 1467
237 1468
237 1469
237 1470
238 1471
238 1472
238 1473
238 1474
238 1475
239 1476
239 1477
239 1478
239 1479
239 1480
240 1481
240 1482
240 1483
240 1484
240 1485
241 1486
241 1487
241 1488
241 1489
241 1490
242 1491
242 1492
242 1493
242 1494
242 1495
243 1496
243 1497
243 1498
243 1499
243 1500
244 1501
244 1502
244 1503
244 1504
244 1505
245 1506
245 1507
245 1508
245 1509
245 1510
246 1511
246 1512
246 1513
246 1514
246 1515
247 1516
247 1517
247 1518
247 1519
247 1520
248 1521
248 1522
248 1523
248 1524
248 1525
249 1526
249 1527
249 1528
249 1529
249 1530
250 1531
250 1532
250 1533
250 1534
250 1535
251 1536
251 1537
251 1538
251 1539
251 1540
252 1541
252 1542
252 1543
252 1544
252 1545
253 1546
253 1547
253 1548
253 1549
253 1550
254 1551
254 1552
254 1553
254 1554
254 1555
255 1556
255 1557
255 1558
255 1559
255 1560
256 1561
256 1562
256 1563
256 1564
256 1565
257 1566
257 1567
257 1568
257 1569
257 1570
258 1571
258 1572
258 1573
258 1574
258 1575
259 1576
259 1577
259 1578
259 1579
259 1580
260 1581
260 1582
260 1583
260 1584
260 1585
261 1586
261 1587
261 1588
261 1589
261 1590
262 1591
262 1592
262 1593
262 1594
262 1595
263 1596
263 1597
263 1598
263 1599
263 1600
264 1601
264 1602
264 1603
264 1604
264 1605
265 1606
265 1607
265 1608
265 1609
265 1610
266 1611
266 1612
266 1613
266 1614
266 1615
267 1616
267 1617
267 1618
267 1619
267 1620
268 1621
268 1622
268 1623
268 1624
268 1625
269 1626
269 1627
269 1628
269 1629
269 1630
270 1631
270 1632
270 1633
270 1634
270 1635
271 1636
271 1637
271 1638
271 1639
271 1640
272 1641
272 1642
272 1643
272 1644
272 1645
273 1646
273 1647
273 1648
273 1649
273 1650
274 1651
274 1652
274 1653
274 1654
274 1655
275 1656
275 1657
275 1658
275 1659
275 1660
276 1661
276 1662
276 1663
276 1664
276 1665
277 1666
277 1667
277 1668
277 1669
277 1670
278 1671
278 1672
278 1673
278 1674
278 1675
279 1676
279 1677
279 1678
279 1679
279 1680
280 1681
280 1682
280 1683
280 1684
280 1685
