0 128
0 140
0 38
0 55
0 60
0 59
0 92
0 109
1 50
1 139
1 133
1 71
1 122
1 87
1 26
1 78
2 16
2 70
2 35
2 85
2 118
2 12
2 61
2 143
3 65
3 50
3 84
3 6
3 87
3 132
3 11
3 77
4 96
4 64
4 115
4 70
4 72
4 9
4 26
4 78
5 64
5 129
5 132
5 149
5 23
5 73
5 52
5 143
6 96
6 120
6 24
6 136
6 112
6 95
6 47
7 32
7 129
7 52
7 118
7 90
7 27
7 76
7 14
8 48
8 112
8 130
8 56
8 96
8 106
8 44
8 82
9 112
9 98
9 134
9 55
9 59
9 140
9 15
10 141
10 102
10 103
10 138
10 43
10 124
10 109
10 95
11 51
11 147
11 39
11 124
11 76
11 126
11 60
12 17
12 36
12 145
12 24
12 107
12 29
12 30
13 80
13 84
13 21
13 118
13 103
13 40
13 59
13 124
14 64
14 98
14 99
14 87
14 136
14 45
14 95
15 144
15 146
15 147
15 84
15 139
15 60
15 28
16 145
16 19
16 52
16 35
16 42
16 76
16 111
17 20
17 117
17 135
17 89
17 138
17 36
17 143
18 92
18 50
18 131
18 84
18 71
18 88
18 140
18 124
19 65
19 116
19 133
19 24
19 136
19 61
19 94
20 98
20 68
20 37
20 39
20 40
20 148
20 59
21 129
21 34
21 148
21 149
21 40
21 124
21 37
22 144
22 83
22 115
22 147
22 53
22 58
22 123
22 44
23 72
23 51
23 52
23 24
23 120
23 106
23 58
24 87
24 90
24 43
24 29
25 81
25 114
25 68
25 54
25 89
25 139
25 100
25 31
26 131
26 101
26 51
26 111
26 63
26 79
27 66
27 68
27 69
27 86
27 135
27 101
27 143
28 147
28 57
28 74
28 111
28 93
28 46
28 31
29 128
29 53
29 55
29 57
29 126
29 117
30 51
30 139
30 53
30 120
30 47
30 45
30 31
31 150
31 38
31 119
31 120
31 77
32 67
32 132
32 85
32 87
32 79
32 76
32 111
33 50
33 59
33 68
33 73
33 122
33 139
33 93
33 143
34 64
34 68
34 70
34 40
34 36
34 125
34 94
35 48
35 139
35 104
35 47
35 61
35 111
36 66
36 71
36 119
36 62
36 47
37 80
37 81
37 49
37 45
37 46
37 133
38 82
38 67
38 118
38 88
38 58
38 91
39 115
39 103
39 105
39 108
39 63
39 47
40 128
40 49
40 107
40 125
41 129
41 52
41 54
41 71
41 105
41 87
41 45
41 143
42 128
42 50
42 101
42 54
42 124
42 125
42 95
43 97
43 122
43 123
43 125
43 138
43 149
44 144
44 81
44 67
44 68
44 135
44 77
45 145
45 102
45 76
45 79
46 103
46 105
46 58
46 87
46 61
46 47
47 99
47 96
48 112
48 145
48 114
48 133
48 123
48 63
49 50
49 66
49 54
49 75
49 76
49 146
50 70
50 88
51 65
51 83
51 138
51 141
52 120
52 137
52 123
53 128
53 66
53 137
53 127
53 141
54 144
54 80
54 102
54 124
55 98
55 66
55 88
55 138
55 91
56 129
56 148
56 94
56 137
56 89
56 76
56 110
57 67
57 116
57 69
57 73
57 62
57 111
58 128
58 146
58 74
58 66
59 87
59 80
59 95
60 113
60 100
60 105
60 116
60 79
61 96
61 100
61 126
61 140
62 96
62 97
62 114
62 117
62 89
62 65
63 113
63 114
63 115
63 80
63 66
64 131
64 104
64 93
64 95
65 115
65 90
65 110
65 143
66 147
67 115
67 101
67 119
67 72
68 103
68 126
69 136
69 75
69 97
69 88
69 94
69 95
70 98
70 86
70 121
70 90
71 100
71 86
71 138
71 141
72 81
72 108
72 123
72 140
72 94
73 128
73 114
73 117
73 118
73 78
74 113
74 82
74 85
74 106
74 107
74 130
75 144
75 82
75 133
75 150
75 137
75 126
76 120
77 98
77 99
77 119
77 125
77 78
78 81
78 121
78 126
78 111
79 132
79 86
79 148
79 122
80 130
80 137
80 109
81 142
81 104
81 122
82 132
82 101
82 137
82 93
83 130
83 131
83 85
83 122
83 91
83 117
84 149
84 142
84 123
84 110
85 102
85 86
85 98
85 125
86 107
86 149
86 136
88 114
88 100
88 121
89 150
89 134
89 145
89 110
90 112
90 150
90 135
90 127
91 99
91 104
91 140
91 125
91 110
92 98
92 100
92 120
92 124
92 108
92 109
93 115
93 116
93 113
93 119
94 104
94 106
94 109
95 136
96 135
96 116
97 149
97 102
97 142
97 136
97 106
99 130
99 110
99 150
99 127
100 104
100 103
101 117
101 134
101 127
102 144
102 137
102 143
103 147
103 142
104 113
104 126
105 121
105 133
105 138
105 111
106 113
106 119
106 142
107 130
107 120
107 125
107 127
108 115
108 131
108 134
108 148
108 141
109 126
109 135
109 128
110 134
110 135
112 145
112 118
112 144
113 147
113 138
114 121
114 133
116 133
116 137
116 141
117 131
117 121
118 149
118 127
119 136
119 121
121 134
122 130
122 146
123 132
123 142
127 129
127 134
129 145
129 149
130 139
131 148
131 150
132 146
132 142
134 148
135 150
139 145
140 148
140 146
141 144
141 142
146 147
146 150
0 151
0 152
0 153
1 154
1 155
1 156
2 157
2 158
2 159
3 160
3 161
3 162
4 163
4 164
4 165
5 166
5 167
5 168
6 169
6 170
6 171
7 172
7 173
7 174
8 175
8 176
8 177
9 178
9 179
9 180
10 181
10 182
10 183
11 184
11 185
11 186
12 187
12 188
12 189
13 190
13 191
13 192
14 193
14 194
14 195
15 196
15 197
15 198
16 199
16 200
16 201
17 202
17 203
17 204
18 205
18 206
18 207
19 208
19 209
19 210
20 211
20 212
20 213
21 214
21 215
21 216
22 217
22 218
22 219
23 220
23 221
23 222
24 223
24 224
24 225
25 226
25 227
25 228
26 229
26 230
26 231
27 232
27 233
27 234
28 235
28 236
28 237
29 238
29 239
29 240
30 241
30 242
30 243
31 244
31 245
31 246
32 247
32 248
32 249
33 250
33 251
33 252
34 253
34 254
34 255
35 256
35 257
35 258
36 259
36 260
36 261
37 262
37 263
37 264
38 265
38 266
38 267
39 268
39 269
39 270
40 271
40 272
40 273
41 274
41 275
41 276
42 277
42 278
42 279
43 280
43 281
43 282
44 283
44 284
44 285
45 286
45 287
45 288
46 289
46 290
46 291
47 292
47 293
47 294
48 295
48 296
48 297
49 298
49 299
49 300
50 301
50 302
50 303
51 304
51 305
51 306
52 307
52 308
52 309
53 310
53 311
53 312
54 313
54 314
54 315
55 316
55 317
55 318
56 319
56 320
56 321
57 322
57 323
57 324
58 325
58 326
58 327
59 328
59 329
59 330
60 331
60 332
60 333
61 334
61 335
61 336
62 337
62 338
62 339
63 340
63 341
63 342
64 343
64 344
64 345
65 346
65 347
65 348
66 349
66 350
66 351
67 352
67 353
67 354
68 355
68 356
68 357
69 358
69 359
69 360
70 361
70 362
70 363
71 364
71 365
71 366
72 367
72 368
72 369
73 370
73 371
73 372
74 373
74 374
74 375
75 376
75 377
75 378
76 379
76 380
76 381
77 382
77 383
77 384
78 385
78 386
78 387
79 388
79 389
79 390
80 391
80 392
80 393
81 394
81 395
81 396
82 397
82 398
82 399
83 400
83 401
83 402
84 403
84 404
84 405
85 406
85 407
85 408
86 409
86 410
86 411
87 412
87 413
87 414
88 415
88 416
88 417
89 418
89 419
89 420
90 421
90 422
90 423
91 424
91 425
91 426
92 427
92 428
92 429
93 430
93 431
93 432
94 433
94 434
94 435
95 436
95 437
95 438
96 439
96 440
96 441
97 442
97 443
97 444
98 445
98 446
98 447
99 448
99 449
99 450
100 451
100 452
100 453
101 454
101 455
101 456
102 457
102 458
102 459
103 460
103 461
103 462
104 463
104 464
104 465
105 466
105 467
105 468
106 469
106 470
106 471
107 472
107 473
107 474
108 475
108 476
108 477
109 478
109 479
109 480
110 481
110 482
110 483
111 484
111 485
111 486
112 487
112 488
112 489
113 490
113 491
113 492
114 493
114 494
114 495
115 496
115 497
115 498
116 499
116 500
116 501
117 502
117 503
117 504
118 505
118 506
118 507
119 508
119 509
119 510
120 511
120 512
120 513
121 514
121 515
121 516
122 517
122 518
122 519
123 520
123 521
123 522
124 523
124 524
124 525
125 526
125 527
125 528
126 529
126 530
126 531
127 532
127 533
127 534
128 535
128 536
128 537
129 538
129 539
129 540
130 541
130 542
130 543
131 544
131 545
131 546
132 547
132 548
132 549
133 550
133 551
133 552
134 553
134 554
134 555
135 556
135 557
135 558
136 559
136 560
136 561
137 562
137 563
137 564
138 565
138 566
138 567
139 568
139 569
139 570
140 571
140 572
140 573
141 574
141 575
141 576
142 577
142 578
142 579
143 580
143 581
143 582
144 583
144 584
144 585
145 586
145 587
145 588
146 589
146 590
146 591
147 592
147 593
147 594
148 595
148 596
148 597
149 598
149 599
149 600
150 601
150 602
150 603
