0 101
0 276
0 261
0 167
1 176
1 129
1 226
1 270
2 24
2 265
2 224
2 205
3 106
3 35
3 60
3 143
4 248
4 116
4 68
4 92
5 114
5 131
5 85
5 119
6 88
6 273
6 251
6 159
7 200
7 89
7 234
7 117
8 249
8 179
8 29
8 199
9 272
9 257
9 136
9 106
10 257
10 223
10 116
10 31
11 153
11 274
11 231
11 95
12 241
12 154
12 43
12 78
13 16
13 273
13 109
13 86
14 140
14 213
14 62
14 23
15 160
15 33
15 199
15 217
16 33
16 170
16 239
17 200
17 98
17 158
17 103
18 83
18 109
18 277
18 37
19 113
19 274
19 102
19 166
20 103
20 91
20 159
20 207
21 258
21 43
21 237
21 269
22 241
22 41
22 267
22 95
23 42
23 139
23 187
24 56
24 268
24 34
25 80
25 50
25 139
25 229
26 154
26 35
26 213
26 159
27 176
27 28
27 93
27 38
28 42
28 181
28 253
29 73
29 258
29 67
30 75
30 278
30 134
30 55
31 128
31 224
31 51
32 180
32 154
32 260
32 159
33 146
33 172
34 257
34 250
34 36
35 97
35 143
36 147
36 92
36 253
37 137
37 164
37 236
38 88
38 171
38 150
39 202
39 155
39 220
39 127
40 160
40 122
40 77
40 54
41 59
41 219
41 62
42 256
42 89
43 131
43 111
44 164
44 68
44 181
44 270
45 120
45 137
45 156
45 117
46 107
46 92
46 126
46 183
47 64
47 161
47 215
47 71
48 216
48 192
48 67
48 243
49 185
49 74
49 228
49 71
50 242
50 236
50 265
51 138
51 277
51 110
52 128
52 98
52 178
52 186
53 155
53 135
53 133
53 69
54 193
54 213
54 150
55 201
55 114
55 158
56 260
56 218
56 268
57 168
57 62
57 182
57 247
58 199
58 84
58 187
58 223
59 81
59 186
59 63
60 196
60 188
60 151
61 145
61 74
61 75
61 77
62 142
63 97
63 171
63 111
64 172
64 143
64 180
65 216
65 204
65 172
65 76
66 276
66 106
66 228
66 231
67 108
67 174
68 163
68 131
69 73
69 188
69 81
70 162
70 195
70 278
70 255
71 120
71 118
72 160
72 90
72 268
72 246
73 128
73 108
74 121
74 270
75 249
75 151
76 248
76 208
76 230
77 259
77 211
78 218
78 170
78 125
79 116
79 140
79 132
79 247
80 179
80 139
80 182
81 222
81 279
82 225
82 132
82 236
82 166
83 217
83 122
83 206
84 152
84 233
84 190
85 227
85 220
85 263
86 107
86 90
86 99
87 104
87 130
87 155
87 174
88 196
88 276
89 176
89 245
90 266
90 132
91 204
91 233
91 121
92 222
93 99
93 258
93 191
94 146
94 127
94 166
94 271
95 194
95 133
96 144
96 161
96 253
96 270
97 170
97 275
98 178
98 271
99 209
99 221
100 202
100 172
100 221
100 238
101 164
101 181
101 135
102 171
102 210
102 157
103 224
103 115
104 128
104 114
104 138
105 203
105 167
105 230
105 255
106 130
107 258
107 277
108 239
108 207
109 198
109 254
110 112
110 280
110 267
111 248
111 214
112 219
112 124
112 239
113 195
113 126
113 175
114 275
115 224
115 178
115 190
116 261
117 186
117 163
118 232
118 124
118 279
119 244
119 220
119 271
120 195
120 227
121 228
121 229
122 178
122 157
123 200
123 235
123 158
123 134
124 184
124 189
125 267
125 243
125 165
126 257
126 260
127 174
127 223
129 190
129 278
129 197
130 141
130 245
131 217
132 177
133 210
133 243
134 249
134 215
135 251
135 211
136 264
136 193
136 199
137 212
137 191
138 152
138 206
139 253
140 145
140 169
141 240
141 249
141 242
142 187
142 238
142 183
143 194
144 232
144 245
144 279
145 169
145 194
146 208
146 168
147 163
147 150
147 175
148 187
148 173
148 262
148 183
149 204
149 252
149 254
149 222
150 198
151 196
151 230
152 192
152 213
153 185
153 259
153 221
154 237
155 173
156 193
156 239
156 167
157 185
157 210
158 211
160 280
161 240
161 233
162 254
162 219
162 238
163 209
164 240
165 192
165 276
165 212
166 169
167 264
168 248
168 181
169 252
170 272
171 246
173 216
173 186
174 230
175 180
175 222
176 280
177 217
177 266
177 207
179 184
179 246
180 191
182 218
182 255
183 277
184 212
184 278
185 247
188 264
188 196
189 231
189 245
189 215
190 197
191 225
192 255
193 194
195 244
197 226
197 236
198 216
198 226
200 201
201 265
201 244
202 241
202 273
203 256
203 250
203 211
204 262
205 208
205 242
205 252
206 237
206 263
207 269
208 237
209 261
209 247
210 214
212 259
214 272
214 259
215 275
218 234
219 243
220 223
221 234
225 233
225 250
226 251
227 265
227 260
228 235
229 250
229 231
232 240
232 235
234 269
235 266
238 256
241 263
242 262
244 271
246 275
251 262
252 268
254 266
256 269
261 267
263 279
264 272
273 274
274 280
0 281
0 282
0 283
0 284
0 285
0 286
0 287
0 288
0 289
0 290
0 291
1 292
1 293
1 294
1 295
1 296
1 297
1 298
1 299
1 300
1 301
1 302
2 303
2 304
2 305
2 306
2 307
2 308
2 309
2 310
2 311
2 312
2 313
3 314
3 315
3 316
3 317
3 318
3 319
3 320
3 321
3 322
3 323
3 324
4 325
4 326
4 327
4 328
4 329
4 330
4 331
4 332
4 333
4 334
4 335
5 336
5 337
5 338
5 339
5 340
5 341
5 342
5 343
5 344
5 345
5 346
6 347
6 348
6 349
6 350
6 351
6 352
6 353
6 354
6 355
6 356
6 357
7 358
7 359
7 360
7 361
7 362
7 363
7 364
7 365
7 366
7 367
7 368
8 369
8 370
8 371
8 372
8 373
8 374
8 375
8 376
8 377
8 378
8 379
9 380
9 381
9 382
9 383
9 384
9 385
9 386
9 387
9 388
9 389
9 390
10 391
10 392
10 393
10 394
10 395
10 396
10 397
10 398
10 399
10 400
10 401
11 402
11 403
11 404
11 405
11 406
11 407
11 408
11 409
11 410
11 411
11 412
12 413
12 414
12 415
12 416
12 417
12 418
12 419
12 420
12 421
12 422
12 423
13 424
13 425
13 426
13 427
13 428
13 429
13 430
13 431
13 432
13 433
13 434
14 435
14 436
14 437
14 438
14 439
14 440
14 441
14 442
14 443
14 444
14 445
15 446
15 447
15 448
15 449
15 450
15 451
15 452
15 453
15 454
15 455
15 456
16 457
16 458
16 459
16 460
16 461
16 462
16 463
16 464
16 465
16 466
16 467
17 468
17 469
17 470
17 471
17 472
17 473
17 474
17 475
17 476
17 477
17 478
18 479
18 480
18 481
18 482
18 483
18 484
18 485
18 486
18 487
18 488
18 489
19 490
19 491
19 492
19 493
19 494
19 495
19 496
19 497
19 498
19 499
19 500
20 501
20 502
20 503
20 504
20 505
20 506
20 507
20 508
20 509
20 510
20 511
21 512
21 513
21 514
21 515
21 516
21 517
21 518
21 519
21 520
21 521
21 522
22 523
22 524
22 525
22 526
22 527
22 528
22 529
22 530
22 531
22 532
22 533
23 534
23 535
23 536
23 537
23 538
23 539
23 540
23 541
23 542
23 543
23 544
24 545
24 546
24 547
24 548
24 549
24 550
24 551
24 552
24 553
24 554
24 555
25 556
25 557
25 558
25 559
25 560
25 561
25 562
25 563
25 564
25 565
25 566
26 567
26 568
26 569
26 570
26 571
26 572
26 573
26 574
26 575
26 576
26 577
27 578
27 579
27 580
27 581
27 582
27 583
27 584
27 585
27 586
27 587
27 588
28 589
28 590
28 591
28 592
28 593
28 594
28 595
28 596
28 597
28 598
28 599
29 600
29 601
29 602
29 603
29 604
29 605
29 606
29 607
29 608
29 609
29 610
30 611
30 612
30 613
30 614
30 615
30 616
30 617
30 618
30 619
30 620
30 621
31 622
31 623
31 624
31 625
31 626
31 627
31 628
31 629
31 630
31 631
31 632
32 633
32 634
32 635
32 636
32 637
32 638
32 639
32 640
32 641
32 642
32 643
33 644
33 645
33 646
33 647
33 648
33 649
33 650
33 651
33 652
33 653
33 654
34 655
34 656
34 657
34 658
34 659
34 660
34 661
34 662
34 663
34 664
34 665
35 666
35 667
35 668
35 669
35 670
35 671
35 672
35 673
35 674
35 675
35 676
36 677
36 678
36 679
36 680
36 681
36 682
36 683
36 684
36 685
36 686
36 687
37 688
37 689
37 690
37 691
37 692
37 693
37 694
37 695
37 696
37 697
37 698
38 699
38 700
38 701
38 702
38 703
38 704
38 705
38 706
38 707
38 708
38 709
39 710
39 711
39 712
39 713
39 714
39 715
39 716
39 717
39 718
39 719
39 720
40 721
40 722
40 723
40 724
40 725
40 726
40 727
40 728
40 729
40 730
40 731
41 732
41 733
41 734
41 735
41 736
41 737
41 738
41 739
41 740
41 741
41 742
42 743
42 744
42 745
42 746
42 747
42 748
42 749
42 750
42 751
42 752
42 753
43 754
43 755
43 756
43 757
43 758
43 759
43 760
43 761
43 762
43 763
43 764
44 765
44 766
44 767
44 768
44 769
44 770
44 771
44 772
44 773
44 774
44 775
45 776
45 777
45 778
45 779
45 780
45 781
45 782
45 783
45 784
45 785
45 786
46 787
46 788
46 789
46 790
46 791
46 792
46 793
46 794
46 795
46 796
46 797
47 798
47 799
47 800
47 801
47 802
47 803
47 804
47 805
47 806
47 807
47 808
48 809
48 810
48 811
48 812
48 813
48 814
48 815
48 816
48 817
48 818
48 819
49 820
49 821
49 822
49 823
49 824
49 825
49 826
49 827
49 828
49 829
49 830
50 831
50 832
50 833
50 834
50 835
50 836
50 837
50 838
50 839
50 840
50 841
51 842
51 843
51 844
51 845
51 846
51 847
51 848
51 849
51 850
51 851
51 852
52 853
52 854
52 855
52 856
52 857
52 858
52 859
52 860
52 861
52 862
52 863
53 864
53 865
53 866
53 867
53 868
53 869
53 870
53 871
53 872
53 873
53 874
54 875
54 876
54 877
54 878
54 879
54 880
54 881
54 882
54 883
54 884
54 885
55 886
55 887
55 888
55 889
55 890
55 891
55 892
55 893
55 894
55 895
55 896
56 897
56 898
56 899
56 900
56 901
56 902
56 903
56 904
56 905
56 906
56 907
57 908
57 909
57 910
57 911
57 912
57 913
57 914
57 915
57 916
57 917
57 918
58 919
58 920
58 921
58 922
58 923
58 924
58 925
58 926
58 927
58 928
58 929
59 930
59 931
59 932
59 933
59 934
59 935
59 936
59 937
59 938
59 939
59 940
60 941
60 942
60 943
60 944
60 945
60 946
60 947
60 948
60 949
60 950
60 951
61 952
61 953
61 954
61 955
61 956
61 957
61 958
61 959
61 960
61 961
61 962
62 963
62 964
62 965
62 966
62 967
62 968
62 969
62 970
62 971
62 972
62 973
63 974
63 975
63 976
63 977
63 978
63 979
63 980
63 981
63 982
63 983
63 984
64 985
64 986
64 987
64 988
64 989
64 990
64 991
64 992
64 993
64 994
64 995
65 996
65 997
65 998
65 999
65 1000
65 1001
65 1002
65 1003
65 1004
65 1005
65 1006
66 1007
66 1008
66 1009
66 1010
66 1011
66 1012
66 1013
66 1014
66 1015
66 1016
66 1017
67 1018
67 1019
67 1020
67 1021
67 1022
67 1023
67 1024
67 1025
67 1026
67 1027
67 1028
68 1029
68 1030
68 1031
68 1032
68 1033
68 1034
68 1035
68 1036
68 1037
68 1038
68 1039
69 1040
69 1041
69 1042
69 1043
69 1044
69 1045
69 1046
69 1047
69 1048
69 1049
69 1050
70 1051
70 1052
70 1053
70 1054
70 1055
70 1056
70 1057
70 1058
70 1059
70 1060
70 1061
71 1062
71 1063
71 1064
71 1065
71 1066
71 1067
71 1068
71 1069
71 1070
71 1071
71 1072
72 1073
72 1074
72 1075
72 1076
72 1077
72 1078
72 1079
72 1080
72 1081
72 1082
72 1083
73 1084
73 1085
73 1086
73 1087
73 1088
73 1089
73 1090
73 1091
73 1092
73 1093
73 1094
74 1095
74 1096
74 1097
74 1098
74 1099
74 1100
74 1101
74 1102
74 1103
74 1104
74 1105
75 1106
75 1107
75 1108
75 1109
75 1110
75 1111
75 1112
75 1113
75 1114
75 1115
75 1116
76 1117
76 1118
76 1119
76 1120
76 1121
76 1122
76 1123
76 1124
76 1125
76 1126
76 1127
77 1128
77 1129
77 1130
77 1131
77 1132
77 1133
77 1134
77 1135
77 1136
77 1137
77 1138
78 1139
78 1140
78 1141
78 1142
78 1143
78 1144
78 1145
78 1146
78 1147
78 1148
78 1149
79 1150
79 1151
79 1152
79 1153
79 1154
79 1155
79 1156
79 1157
79 1158
79 1159
79 1160
80 1161
80 1162
80 1163
80 1164
80 1165
80 1166
80 1167
80 1168
80 1169
80 1170
80 1171
81 1172
81 1173
81 1174
81 1175
81 1176
81 1177
81 1178
81 1179
81 1180
81 1181
81 1182
82 1183
82 1184
82 1185
82 1186
82 1187
82 1188
82 1189
82 1190
82 1191
82 1192
82 1193
83 1194
83 1195
83 1196
83 1197
83 1198
83 1199
83 1200
83 1201
83 1202
83 1203
83 1204
84 1205
84 1206
84 1207
84 1208
84 1209
84 1210
84 1211
84 1212
84 1213
84 1214
84 1215
85 1216
85 1217
85 1218
85 1219
85 1220
85 1221
85 1222
85 1223
85 1224
85 1225
85 1226
86 1227
86 1228
86 1229
86 1230
86 1231
86 1232
86 1233
86 1234
86 1235
86 1236
86 1237
87 1238
87 1239
87 1240
87 1241
87 1242
87 1243
87 1244
87 1245
87 1246
87 1247
87 1248
88 1249
88 1250
88 1251
88 1252
88 1253
88 1254
88 1255
88 1256
88 1257
88 1258
88 1259
89 1260
89 1261
89 1262
89 1263
89 1264
89 1265
89 1266
89 1267
89 1268
89 1269
89 1270
90 1271
90 1272
90 1273
90 1274
90 1275
90 1276
90 1277
90 1278
90 1279
90 1280
90 1281
91 1282
91 1283
91 1284
91 1285
91 1286
91 1287
91 1288
91 1289
91 1290
91 1291
91 1292
92 1293
92 1294
92 1295
92 1296
92 1297
92 1298
92 1299
92 1300
92 1301
92 1302
92 1303
93 1304
93 1305
93 1306
93 1307
93 1308
93 1309
93 1310
93 1311
93 1312
93 1313
93 1314
94 1315
94 1316
94 1317
94 1318
94 1319
94 1320
94 1321
94 1322
94 1323
94 1324
94 1325
95 1326
95 1327
95 1328
95 1329
95 1330
95 1331
95 1332
95 1333
95 1334
95 1335
95 1336
96 1337
96 1338
96 1339
96 1340
96 1341
96 1342
96 1343
96 1344
96 1345
96 1346
96 1347
97 1348
97 1349
97 1350
97 1351
97 1352
97 1353
97 1354
97 1355
97 1356
97 1357
97 1358
98 1359
98 1360
98 1361
98 1362
98 1363
98 1364
98 1365
98 1366
98 1367
98 1368
98 1369
99 1370
99 1371
99 1372
99 1373
99 1374
99 1375
99 1376
99 1377
99 1378
99 1379
99 1380
100 1381
100 1382
100 1383
100 1384
100 1385
100 1386
100 1387
100 1388
100 1389
100 1390
100 1391
101 1392
101 1393
101 1394
101 1395
101 1396
101 1397
101 1398
101 1399
101 1400
101 1401
101 1402
102 1403
102 1404
102 1405
102 1406
102 1407
102 1408
102 1409
102 1410
102 1411
102 1412
102 1413
103 1414
103 1415
103 1416
103 1417
103 1418
103 1419
103 1420
103 1421
103 1422
103 1423
103 1424
104 1425
104 1426
104 1427
104 1428
104 1429
104 1430
104 1431
104 1432
104 1433
104 1434
104 1435
105 1436
105 1437
105 1438
105 1439
105 1440
105 1441
105 1442
105 1443
105 1444
105 1445
105 1446
106 1447
106 1448
106 1449
106 1450
106 1451
106 1452
106 1453
106 1454
106 1455
106 1456
106 1457
107 1458
107 1459
107 1460
107 1461
107 1462
107 1463
107 1464
107 1465
107 1466
107 1467
107 1468
108 1469
108 1470
108 1471
108 1472
108 1473
108 1474
108 1475
108 1476
108 1477
108 1478
108 1479
109 1480
109 1481
109 1482
109 1483
109 1484
109 1485
109 1486
109 1487
109 1488
109 1489
109 1490
110 1491
110 1492
110 1493
110 1494
110 1495
110 1496
110 1497
110 1498
110 1499
110 1500
110 1501
111 1502
111 1503
111 1504
111 1505
111 1506
111 1507
111 1508
111 1509
111 1510
111 1511
111 1512
112 1513
112 1514
112 1515
112 1516
112 1517
112 1518
112 1519
112 1520
112 1521
112 1522
112 1523
113 1524
113 1525
113 1526
113 1527
113 1528
113 1529
113 1530
113 1531
113 1532
113 1533
113 1534
114 1535
114 1536
114 1537
114 1538
114 1539
114 1540
114 1541
114 1542
114 1543
114 1544
114 1545
115 1546
115 1547
115 1548
115 1549
115 1550
115 1551
115 1552
115 1553
115 1554
115 1555
115 1556
116 1557
116 1558
116 1559
116 1560
116 1561
116 1562
116 1563
116 1564
116 1565
116 1566
116 1567
117 1568
117 1569
117 1570
117 1571
117 1572
117 1573
117 1574
117 1575
117 1576
117 1577
117 1578
118 1579
118 1580
118 1581
118 1582
118 1583
118 1584
118 1585
118 1586
118 1587
118 1588
118 1589
119 1590
119 1591
119 1592
119 1593
119 1594
119 1595
119 1596
119 1597
119 1598
119 1599
119 1600
120 1601
120 1602
120 1603
120 1604
120 1605
120 1606
120 1607
120 1608
120 1609
120 1610
120 1611
121 1612
121 1613
121 1614
121 1615
121 1616
121 1617
121 1618
121 1619
121 1620
121 1621
121 1622
122 1623
122 1624
122 1625
122 1626
122 1627
122 1628
122 1629
122 1630
122 1631
122 1632
122 1633
123 1634
123 1635
123 1636
123 1637
123 1638
123 1639
123 1640
123 1641
123 1642
123 1643
123 1644
124 1645
124 1646
124 1647
124 1648
124 1649
124 1650
124 1651
124 1652
124 1653
124 1654
124 1655
125 1656
125 1657
125 1658
125 1659
125 1660
125 1661
125 1662
125 1663
125 1664
125 1665
125 1666
126 1667
126 1668
126 1669
126 1670
126 1671
126 1672
126 1673
126 1674
126 1675
126 1676
126 1677
127 1678
127 1679
127 1680
127 1681
127 1682
127 1683
127 1684
127 1685
127 1686
127 1687
127 1688
128 1689
128 1690
128 1691
128 1692
128 1693
128 1694
128 1695
128 1696
128 1697
128 1698
128 1699
129 1700
129 1701
129 1702
129 1703
129 1704
129 1705
129 1706
129 1707
129 1708
129 1709
129 1710
130 1711
130 1712
130 1713
130 1714
130 1715
130 1716
130 1717
130 1718
130 1719
130 1720
130 1721
131 1722
131 1723
131 1724
131 1725
131 1726
131 1727
131 1728
131 1729
131 1730
131 1731
131 1732
132 1733
132 1734
132 1735
132 1736
132 1737
132 1738
132 1739
132 1740
132 1741
132 1742
132 1743
133 1744
133 1745
133 1746
133 1747
133 1748
133 1749
133 1750
133 1751
133 1752
133 1753
133 1754
134 1755
134 1756
134 1757
134 1758
134 1759
134 1760
134 1761
134 1762
134 1763
134 1764
134 1765
135 1766
135 1767
135 1768
135 1769
135 1770
135 1771
135 1772
135 1773
135 1774
135 1775
135 1776
136 1777
136 1778
136 1779
136 1780
136 1781
136 1782
136 1783
136 1784
136 1785
136 1786
136 1787
137 1788
137 1789
137 1790
137 1791
137 1792
137 1793
137 1794
137 1795
137 1796
137 1797
137 1798
138 1799
138 1800
138 1801
138 1802
138 1803
138 1804
138 1805
138 1806
138 1807
138 1808
138 1809
139 1810
139 1811
139 1812
139 1813
139 1814
139 1815
139 1816
139 1817
139 1818
139 1819
139 1820
140 1821
140 1822
140 1823
140 1824
140 1825
140 1826
140 1827
140 1828
140 1829
140 1830
140 1831
141 1832
141 1833
141 1834
141 1835
141 1836
141 1837
141 1838
141 1839
141 1840
141 1841
141 1842
142 1843
142 1844
142 1845
142 1846
142 1847
142 1848
142 1849
142 1850
142 1851
142 1852
142 1853
143 1854
143 1855
143 1856
143 1857
143 1858
143 1859
143 1860
143 1861
143 1862
143 1863
143 1864
144 1865
144 1866
144 1867
144 1868
144 1869
144 1870
144 1871
144 1872
144 1873
144 1874
144 1875
145 1876
145 1877
145 1878
145 1879
145 1880
145 1881
145 1882
145 1883
145 1884
145 1885
145 1886
146 1887
146 1888
146 1889
146 1890
146 1891
146 1892
146 1893
146 1894
146 1895
146 1896
146 1897
147 1898
147 1899
147 1900
147 1901
147 1902
147 1903
147 1904
147 1905
147 1906
147 1907
147 1908
148 1909
148 1910
148 1911
148 1912
148 1913
148 1914
148 1915
148 1916
148 1917
148 1918
148 1919
149 1920
149 1921
149 1922
149 1923
149 1924
149 1925
149 1926
149 1927
149 1928
149 1929
149 1930
150 1931
150 1932
150 1933
150 1934
150 1935
150 1936
150 1937
150 1938
150 1939
150 1940
150 1941
151 1942
151 1943
151 1944
151 1945
151 1946
151 1947
151 1948
151 1949
151 1950
151 1951
151 1952
152 1953
152 1954
152 1955
152 1956
152 1957
152 1958
152 1959
152 1960
152 1961
152 1962
152 1963
153 1964
153 1965
153 1966
153 1967
153 1968
153 1969
153 1970
153 1971
153 1972
153 1973
153 1974
154 1975
154 1976
154 1977
154 1978
154 1979
154 1980
154 1981
154 1982
154 1983
154 1984
154 1985
155 1986
155 1987
155 1988
155 1989
155 1990
155 1991
155 1992
155 1993
155 1994
155 1995
155 1996
156 1997
156 1998
156 1999
156 2000
156 2001
156 2002
156 2003
156 2004
156 2005
156 2006
156 2007
157 2008
157 2009
157 2010
157 2011
157 2012
157 2013
157 2014
157 2015
157 2016
157 2017
157 2018
158 2019
158 2020
158 2021
158 2022
158 2023
158 2024
158 2025
158 2026
158 2027
158 2028
158 2029
159 2030
159 2031
159 2032
159 2033
159 2034
159 2035
159 2036
159 2037
159 2038
159 2039
159 2040
160 2041
160 2042
160 2043
160 2044
160 2045
160 2046
160 2047
160 2048
160 2049
160 2050
160 2051
161 2052
161 2053
161 2054
161 2055
161 2056
161 2057
161 2058
161 2059
161 2060
161 2061
161 2062
162 2063
162 2064
162 2065
162 2066
162 2067
162 2068
162 2069
162 2070
162 2071
162 2072
162 2073
163 2074
163 2075
163 2076
163 2077
163 2078
163 2079
163 2080
163 2081
163 2082
163 2083
163 2084
164 2085
164 2086
164 2087
164 2088
164 2089
164 2090
164 2091
164 2092
164 2093
164 2094
164 2095
165 2096
165 2097
165 2098
165 2099
165 2100
165 2101
165 2102
165 2103
165 2104
165 2105
165 2106
166 2107
166 2108
166 2109
166 2110
166 2111
166 2112
166 2113
166 2114
166 2115
166 2116
166 2117
167 2118
167 2119
167 2120
167 2121
167 2122
167 2123
167 2124
167 2125
167 2126
167 2127
167 2128
168 2129
168 2130
168 2131
168 2132
168 2133
168 2134
168 2135
168 2136
168 2137
168 2138
168 2139
169 2140
169 2141
169 2142
169 2143
169 2144
169 2145
169 2146
169 2147
169 2148
169 2149
169 2150
170 2151
170 2152
170 2153
170 2154
170 2155
170 2156
170 2157
170 2158
170 2159
170 2160
170 2161
171 2162
171 2163
171 2164
171 2165
171 2166
171 2167
171 2168
171 2169
171 2170
171 2171
171 2172
172 2173
172 2174
172 2175
172 2176
172 2177
172 2178
172 2179
172 2180
172 2181
172 2182
172 2183
173 2184
173 2185
173 2186
173 2187
173 2188
173 2189
173 2190
173 2191
173 2192
173 2193
173 2194
174 2195
174 2196
174 2197
174 2198
174 2199
174 2200
174 2201
174 2202
174 2203
174 2204
174 2205
175 2206
175 2207
175 2208
175 2209
175 2210
175 2211
175 2212
175 2213
175 2214
175 2215
175 2216
176 2217
176 2218
176 2219
176 2220
176 2221
176 2222
176 2223
176 2224
176 2225
176 2226
176 2227
177 2228
177 2229
177 2230
177 2231
177 2232
177 2233
177 2234
177 2235
177 2236
177 2237
177 2238
178 2239
178 2240
178 2241
178 2242
178 2243
178 2244
178 2245
178 2246
178 2247
178 2248
178 2249
179 2250
179 2251
179 2252
179 2253
179 2254
179 2255
179 2256
179 2257
179 2258
179 2259
179 2260
180 2261
180 2262
180 2263
180 2264
180 2265
180 2266
180 2267
180 2268
180 2269
180 2270
180 2271
181 2272
181 2273
181 2274
181 2275
181 2276
181 2277
181 2278
181 2279
181 2280
181 2281
181 2282
182 2283
182 2284
182 2285
182 2286
182 2287
182 2288
182 2289
182 2290
182 2291
182 2292
182 2293
183 2294
183 2295
183 2296
183 2297
183 2298
183 2299
183 2300
183 2301
183 2302
183 2303
183 2304
184 2305
184 2306
184 2307
184 2308
184 2309
184 2310
184 2311
184 2312
184 2313
184 2314
184 2315
185 2316
185 2317
185 2318
185 2319
185 2320
185 2321
185 2322
185 2323
185 2324
185 2325
185 2326
186 2327
186 2328
186 2329
186 2330
186 2331
186 2332
186 2333
186 2334
186 2335
186 2336
186 2337
187 2338
187 2339
187 2340
187 2341
187 2342
187 2343
187 2344
187 2345
187 2346
187 2347
187 2348
188 2349
188 2350
188 2351
188 2352
188 2353
188 2354
188 2355
188 2356
188 2357
188 2358
188 2359
189 2360
189 2361
189 2362
189 2363
189 2364
189 2365
189 2366
189 2367
189 2368
189 2369
189 2370
190 2371
190 2372
190 2373
190 2374
190 2375
190 2376
190 2377
190 2378
190 2379
190 2380
190 2381
191 2382
191 2383
191 2384
191 2385
191 2386
191 2387
191 2388
191 2389
191 2390
191 2391
191 2392
192 2393
192 2394
192 2395
192 2396
192 2397
192 2398
192 2399
192 2400
192 2401
192 2402
192 2403
193 2404
193 2405
193 2406
193 2407
193 2408
193 2409
193 2410
193 2411
193 2412
193 2413
193 2414
194 2415
194 2416
194 2417
194 2418
194 2419
194 2420
194 2421
194 2422
194 2423
194 2424
194 2425
195 2426
195 2427
195 2428
195 2429
195 2430
195 2431
195 2432
195 2433
195 2434
195 2435
195 2436
196 2437
196 2438
196 2439
196 2440
196 2441
196 2442
196 2443
196 2444
196 2445
196 2446
196 2447
197 2448
197 2449
197 2450
197 2451
197 2452
197 2453
197 2454
197 2455
197 2456
197 2457
197 2458
198 2459
198 2460
198 2461
198 2462
198 2463
198 2464
198 2465
198 2466
198 2467
198 2468
198 2469
199 2470
199 2471
199 2472
199 2473
199 2474
199 2475
199 2476
199 2477
199 2478
199 2479
199 2480
200 2481
200 2482
200 2483
200 2484
200 2485
200 2486
200 2487
200 2488
200 2489
200 2490
200 2491
201 2492
201 2493
201 2494
201 2495
201 2496
201 2497
201 2498
201 2499
201 2500
201 2501
201 2502
202 2503
202 2504
202 2505
202 2506
202 2507
202 2508
202 2509
202 2510
202 2511
202 2512
202 2513
203 2514
203 2515
203 2516
203 2517
203 2518
203 2519
203 2520
203 2521
203 2522
203 2523
203 2524
204 2525
204 2526
204 2527
204 2528
204 2529
204 2530
204 2531
204 2532
204 2533
204 2534
204 2535
205 2536
205 2537
205 2538
205 2539
205 2540
205 2541
205 2542
205 2543
205 2544
205 2545
205 2546
206 2547
206 2548
206 2549
206 2550
206 2551
206 2552
206 2553
206 2554
206 2555
206 2556
206 2557
207 2558
207 2559
207 2560
207 2561
207 2562
207 2563
207 2564
207 2565
207 2566
207 2567
207 2568
208 2569
208 2570
208 2571
208 2572
208 2573
208 2574
208 2575
208 2576
208 2577
208 2578
208 2579
209 2580
209 2581
209 2582
209 2583
209 2584
209 2585
209 2586
209 2587
209 2588
209 2589
209 2590
210 2591
210 2592
210 2593
210 2594
210 2595
210 2596
210 2597
210 2598
210 2599
210 2600
210 2601
211 2602
211 2603
211 2604
211 2605
211 2606
211 2607
211 2608
211 2609
211 2610
211 2611
211 2612
212 2613
212 2614
212 2615
212 2616
212 2617
212 2618
212 2619
212 2620
212 2621
212 2622
212 2623
213 2624
213 2625
213 2626
213 2627
213 2628
213 2629
213 2630
213 2631
213 2632
213 2633
213 2634
214 2635
214 2636
214 2637
214 2638
214 2639
214 2640
214 2641
214 2642
214 2643
214 2644
214 2645
215 2646
215 2647
215 2648
215 2649
215 2650
215 2651
215 2652
215 2653
215 2654
215 2655
215 2656
216 2657
216 2658
216 2659
216 2660
216 2661
216 2662
216 2663
216 2664
216 2665
216 2666
216 2667
217 2668
217 2669
217 2670
217 2671
217 2672
217 2673
217 2674
217 2675
217 2676
217 2677
217 2678
218 2679
218 2680
218 2681
218 2682
218 2683
218 2684
218 2685
218 2686
218 2687
218 2688
218 2689
219 2690
219 2691
219 2692
219 2693
219 2694
219 2695
219 2696
219 2697
219 2698
219 2699
219 2700
220 2701
220 2702
220 2703
220 2704
220 2705
220 2706
220 2707
220 2708
220 2709
220 2710
220 2711
221 2712
221 2713
221 2714
221 2715
221 2716
221 2717
221 2718
221 2719
221 2720
221 2721
221 2722
222 2723
222 2724
222 2725
222 2726
222 2727
222 2728
222 2729
222 2730
222 2731
222 2732
222 2733
223 2734
223 2735
223 2736
223 2737
223 2738
223 2739
223 2740
223 2741
223 2742
223 2743
223 2744
224 2745
224 2746
224 2747
224 2748
224 2749
224 2750
224 2751
224 2752
224 2753
224 2754
224 2755
225 2756
225 2757
225 2758
225 2759
225 2760
225 2761
225 2762
225 2763
225 2764
225 2765
225 2766
226 2767
226 2768
226 2769
226 2770
226 2771
226 2772
226 2773
226 2774
226 2775
226 2776
226 2777
227 2778
227 2779
227 2780
227 2781
227 2782
227 2783
227 2784
227 2785
227 2786
227 2787
227 2788
228 2789
228 2790
228 2791
228 2792
228 2793
228 2794
228 2795
228 2796
228 2797
228 2798
228 2799
229 2800
229 2801
229 2802
229 2803
229 2804
229 2805
229 2806
229 2807
229 2808
229 2809
229 2810
230 2811
230 2812
230 2813
230 2814
230 2815
230 2816
230 2817
230 2818
230 2819
230 2820
230 2821
231 2822
231 2823
231 2824
231 2825
231 2826
231 2827
231 2828
231 2829
231 2830
231 2831
231 2832
232 2833
232 2834
232 2835
232 2836
232 2837
232 2838
232 2839
232 2840
232 2841
232 2842
232 2843
233 2844
233 2845
233 2846
233 2847
233 2848
233 2849
233 2850
233 2851
233 2852
233 2853
233 2854
234 2855
234 2856
234 2857
234 2858
234 2859
234 2860
234 2861
234 2862
234 2863
234 2864
234 2865
235 2866
235 2867
235 2868
235 2869
235 2870
235 2871
235 2872
235 2873
235 2874
235 2875
235 2876
236 2877
236 2878
236 2879
236 2880
236 2881
236 2882
236 2883
236 2884
236 2885
236 2886
236 2887
237 2888
237 2889
237 2890
237 2891
237 2892
237 2893
237 2894
237 2895
237 2896
237 2897
237 2898
238 2899
238 2900
238 2901
238 2902
238 2903
238 2904
238 2905
238 2906
238 2907
238 2908
238 2909
239 2910
239 2911
239 2912
239 2913
239 2914
239 2915
239 2916
239 2917
239 2918
239 2919
239 2920
240 2921
240 2922
240 2923
240 2924
240 2925
240 2926
240 2927
240 2928
240 2929
240 2930
240 2931
241 2932
241 2933
241 2934
241 2935
241 2936
241 2937
241 2938
241 2939
241 2940
241 2941
241 2942
242 2943
242 2944
242 2945
242 2946
242 2947
242 2948
242 2949
242 2950
242 2951
242 2952
242 2953
243 2954
243 2955
243 2956
243 2957
243 2958
243 2959
243 2960
243 2961
243 2962
243 2963
243 2964
244 2965
244 2966
244 2967
244 2968
244 2969
244 2970
244 2971
244 2972
244 2973
244 2974
244 2975
245 2976
245 2977
245 2978
245 2979
245 2980
245 2981
245 2982
245 2983
245 2984
245 2985
245 2986
246 2987
246 2988
246 2989
246 2990
246 2991
246 2992
246 2993
246 2994
246 2995
246 2996
246 2997
247 2998
247 2999
247 3000
247 3001
247 3002
247 3003
247 3004
247 3005
247 3006
247 3007
247 3008
248 3009
248 3010
248 3011
248 3012
248 3013
248 3014
248 3015
248 3016
248 3017
248 3018
248 3019
249 3020
249 3021
249 3022
249 3023
249 3024
249 3025
249 3026
249 3027
249 3028
249 3029
249 3030
250 3031
250 3032
250 3033
250 3034
250 3035
250 3036
250 3037
250 3038
250 3039
250 3040
250 3041
251 3042
251 3043
251 3044
251 3045
251 3046
251 3047
251 3048
251 3049
251 3050
251 3051
251 3052
252 3053
252 3054
252 3055
252 3056
252 3057
252 3058
252 3059
252 3060
252 3061
252 3062
252 3063
253 3064
253 3065
253 3066
253 3067
253 3068
253 3069
253 3070
253 3071
253 3072
253 3073
253 3074
254 3075
254 3076
254 3077
254 3078
254 3079
254 3080
254 3081
254 3082
254 3083
254 3084
254 3085
255 3086
255 3087
255 3088
255 3089
255 3090
255 3091
255 3092
255 3093
255 3094
255 3095
255 3096
256 3097
256 3098
256 3099
256 3100
256 3101
256 3102
256 3103
256 3104
256 3105
256 3106
256 3107
257 3108
257 3109
257 3110
257 3111
257 3112
257 3113
257 3114
257 3115
257 3116
257 3117
257 3118
258 3119
258 3120
258 3121
258 3122
258 3123
258 3124
258 3125
258 3126
258 3127
258 3128
258 3129
259 3130
259 3131
259 3132
259 3133
259 3134
259 3135
259 3136
259 3137
259 3138
259 3139
259 3140
260 3141
260 3142
260 3143
260 3144
260 3145
260 3146
260 3147
260 3148
260 3149
260 3150
260 3151
261 3152
261 3153
261 3154
261 3155
261 3156
261 3157
261 3158
261 3159
261 3160
261 3161
261 3162
262 3163
262 3164
262 3165
262 3166
262 3167
262 3168
262 3169
262 3170
262 3171
262 3172
262 3173
263 3174
263 3175
263 3176
263 3177
263 3178
263 3179
263 3180
263 3181
263 3182
263 3183
263 3184
264 3185
264 3186
264 3187
264 3188
264 3189
264 3190
264 3191
264 3192
264 3193
264 3194
264 3195
265 3196
265 3197
265 3198
265 3199
265 3200
265 3201
265 3202
265 3203
265 3204
265 3205
265 3206
266 3207
266 3208
266 3209
266 3210
266 3211
266 3212
266 3213
266 3214
266 3215
266 3216
266 3217
267 3218
267 3219
267 3220
267 3221
267 3222
267 3223
267 3224
267 3225
267 3226
267 3227
267 3228
268 3229
268 3230
268 3231
268 3232
268 3233
268 3234
268 3235
268 3236
268 3237
268 3238
268 3239
269 3240
269 3241
269 3242
269 3243
269 3244
269 3245
269 3246
269 3247
269 3248
269 3249
269 3250
270 3251
270 3252
270 3253
270 3254
270 3255
270 3256
270 3257
270 3258
270 3259
270 3260
270 3261
271 3262
271 3263
271 3264
271 3265
271 3266
271 3267
271 3268
271 3269
271 3270
271 3271
271 3272
272 3273
272 3274
272 3275
272 3276
272 3277
272 3278
272 3279
272 3280
272 3281
272 3282
272 3283
273 3284
273 3285
273 3286
273 3287
273 3288
273 3289
273 3290
273 3291
273 3292
273 3293
273 3294
274 3295
274 3296
274 3297
274 3298
274 3299
274 3300
274 3301
274 3302
274 3303
274 3304
274 3305
275 3306
275 3307
275 3308
275 3309
275 3310
275 3311
275 3312
275 3313
275 3314
275 3315
275 3316
276 3317
276 3318
276 3319
276 3320
276 3321
276 3322
276 3323
276 3324
276 3325
276 3326
276 3327
277 3328
277 3329
277 3330
277 3331
277 3332
277 3333
277 3334
277 3335
277 3336
277 3337
277 3338
278 3339
278 3340
278 3341
278 3342
278 3343
278 3344
278 3345
278 3346
278 3347
278 3348
278 3349
279 3350
279 3351
279 3352
279 3353
279 3354
279 3355
279 3356
279 3357
279 3358
279 3359
279 3360
280 3361
280 3362
280 3363
280 3364
280 3365
280 3366
280 3367
280 3368
280 3369
280 3370
280 3371
