0 8
0 34
0 59
0 159
1 120
1 32
1 14
1 79
2 50
2 159
2 20
2 71
3 146
3 35
3 155
3 173
4 80
4 179
4 37
4 55
5 132
5 44
5 37
5 175
6 128
6 82
6 101
6 142
7 114
7 52
7 10
7 47
8 169
8 68
8 118
9 98
9 82
9 178
9 150
10 137
10 79
10 71
11 65
11 51
11 13
11 78
12 83
12 141
12 134
12 63
13 147
13 37
13 45
14 17
14 177
14 102
15 121
15 59
15 135
15 159
16 57
16 156
16 118
16 23
17 43
17 36
17 86
18 176
18 50
18 91
18 29
19 72
19 88
19 75
19 103
20 162
20 139
20 124
21 97
21 123
21 100
21 167
22 105
22 119
22 53
22 135
23 68
23 164
23 102
24 92
24 173
24 158
24 149
25 115
25 69
25 94
25 31
26 88
26 138
26 155
26 77
27 138
27 107
27 84
27 119
28 137
28 131
28 94
28 151
29 90
29 101
29 111
30 114
30 171
30 53
30 77
31 104
31 123
31 107
32 64
32 147
32 76
33 145
33 171
33 177
33 95
34 179
34 92
34 86
35 115
35 52
35 93
36 153
36 179
36 65
37 79
38 80
38 172
38 70
38 47
39 106
39 155
39 92
39 178
40 104
40 49
40 164
40 76
41 72
41 51
41 43
41 172
42 48
42 97
42 99
42 59
43 129
43 111
44 168
44 145
44 166
45 58
45 108
45 127
46 177
46 178
46 75
46 167
47 81
47 110
48 148
48 164
48 157
49 169
49 109
49 61
50 163
50 116
51 107
51 90
52 111
52 175
53 71
53 63
54 56
54 137
54 130
54 125
55 170
55 83
55 151
56 120
56 81
56 124
57 146
57 143
57 103
58 72
58 112
58 124
59 113
60 107
60 140
60 61
60 102
61 122
61 165
62 160
62 144
62 157
62 65
63 89
63 157
64 81
64 140
64 125
65 105
66 130
66 67
66 174
66 142
67 84
67 73
67 100
68 72
68 85
69 82
69 75
69 70
70 116
70 173
71 99
73 136
73 138
73 135
74 112
74 171
74 101
74 143
75 175
76 163
76 168
77 80
77 131
78 153
78 124
78 117
79 133
80 177
81 117
82 121
83 147
83 103
84 157
84 178
85 100
85 174
85 95
86 156
86 125
87 112
87 152
87 131
87 149
88 139
88 143
89 163
89 158
89 142
90 96
90 127
91 98
91 110
91 134
92 154
93 137
93 117
93 165
94 136
94 173
95 172
95 121
96 144
96 129
96 145
97 144
97 113
98 138
98 165
99 176
99 140
100 152
101 132
102 134
103 170
104 139
104 158
105 168
105 153
106 151
106 108
106 134
108 170
108 179
109 162
109 148
109 110
110 167
111 113
112 119
113 133
114 171
114 133
115 168
115 161
116 150
116 175
117 146
118 122
118 170
119 150
120 122
120 158
121 131
122 132
123 130
123 149
125 169
126 162
126 143
126 141
126 127
127 149
128 160
128 161
128 162
129 154
129 148
130 167
132 147
133 160
135 136
136 139
140 176
141 156
141 142
144 153
145 174
146 176
148 154
150 169
151 161
152 172
152 166
154 174
155 166
156 159
160 163
161 166
164 165
0 180
0 181
0 182
0 183
0 184
0 185
0 186
0 187
1 188
1 189
1 190
1 191
1 192
1 193
1 194
1 195
2 196
2 197
2 198
2 199
2 200
2 201
2 202
2 203
3 204
3 205
3 206
3 207
3 208
3 209
3 210
3 211
4 212
4 213
4 214
4 215
4 216
4 217
4 218
4 219
5 220
5 221
5 222
5 223
5 224
5 225
5 226
5 227
6 228
6 229
6 230
6 231
6 232
6 233
6 234
6 235
7 236
7 237
7 238
7 239
7 240
7 241
7 242
7 243
8 244
8 245
8 246
8 247
8 248
8 249
8 250
8 251
9 252
9 253
9 254
9 255
9 256
9 257
9 258
9 259
10 260
10 261
10 262
10 263
10 264
10 265
10 266
10 267
11 268
11 269
11 270
11 271
11 272
11 273
11 274
11 275
12 276
12 277
12 278
12 279
12 280
12 281
12 282
12 283
13 284
13 285
13 286
13 287
13 288
13 289
13 290
13 291
14 292
14 293
14 294
14 295
14 296
14 297
14 298
14 299
15 300
15 301
15 302
15 303
15 304
15 305
15 306
15 307
16 308
16 309
16 310
16 311
16 312
16 313
16 314
16 315
17 316
17 317
17 318
17 319
17 320
17 321
17 322
17 323
18 324
18 325
18 326
18 327
18 328
18 329
18 330
18 331
19 332
19 333
19 334
19 335
19 336
19 337
19 338
19 339
20 340
20 341
20 342
20 343
20 344
20 345
20 346
20 347
21 348
21 349
21 350
21 351
21 352
21 353
21 354
21 355
22 356
22 357
22 358
22 359
22 360
22 361
22 362
22 363
23 364
23 365
23 366
23 367
23 368
23 369
23 370
23 371
24 372
24 373
24 374
24 375
24 376
24 377
24 378
24 379
25 380
25 381
25 382
25 383
25 384
25 385
25 386
25 387
26 388
26 389
26 390
26 391
26 392
26 393
26 394
26 395
27 396
27 397
27 398
27 399
27 400
27 401
27 402
27 403
28 404
28 405
28 406
28 407
28 408
28 409
28 410
28 411
29 412
29 413
29 414
29 415
29 416
29 417
29 418
29 419
30 420
30 421
30 422
30 423
30 424
30 425
30 426
30 427
31 428
31 429
31 430
31 431
31 432
31 433
31 434
31 435
32 436
32 437
32 438
32 439
32 440
32 441
32 442
32 443
33 444
33 445
33 446
33 447
33 448
33 449
33 450
33 451
34 452
34 453
34 454
34 455
34 456
34 457
34 458
34 459
35 460
35 461
35 462
35 463
35 464
35 465
35 466
35 467
36 468
36 469
36 470
36 471
36 472
36 473
36 474
36 475
37 476
37 477
37 478
37 479
37 480
37 481
37 482
37 483
38 484
38 485
38 486
38 487
38 488
38 489
38 490
38 491
39 492
39 493
39 494
39 495
39 496
39 497
39 498
39 499
40 500
40 501
40 502
40 503
40 504
40 505
40 506
40 507
41 508
41 509
41 510
41 511
41 512
41 513
41 514
41 515
42 516
42 517
42 518
42 519
42 520
42 521
42 522
42 523
43 524
43 525
43 526
43 527
43 528
43 529
43 530
43 531
44 532
44 533
44 534
44 535
44 536
44 537
44 538
44 539
45 540
45 541
45 542
45 543
45 544
45 545
45 546
45 547
46 548
46 549
46 550
46 551
46 552
46 553
46 554
46 555
47 556
47 557
47 558
47 559
47 560
47 561
47 562
47 563
48 564
48 565
48 566
48 567
48 568
48 569
48 570
48 571
49 572
49 573
49 574
49 575
49 576
49 577
49 578
49 579
50 580
50 581
50 582
50 583
50 584
50 585
50 586
50 587
51 588
51 589
51 590
51 591
51 592
51 593
51 594
51 595
52 596
52 597
52 598
52 599
52 600
52 601
52 602
52 603
53 604
53 605
53 606
53 607
53 608
53 609
53 610
53 611
54 612
54 613
54 614
54 615
54 616
54 617
54 618
54 619
55 620
55 621
55 622
55 623
55 624
55 625
55 626
55 627
56 628
56 629
56 630
56 631
56 632
56 633
56 634
56 635
57 636
57 637
57 638
57 639
57 640
57 641
57 642
57 643
58 644
58 645
58 646
58 647
58 648
58 649
58 650
58 651
59 652
59 653
59 654
59 655
59 656
59 657
59 658
59 659
60 660
60 661
60 662
60 663
60 664
60 665
60 666
60 667
61 668
61 669
61 670
61 671
61 672
61 673
61 674
61 675
62 676
62 677
62 678
62 679
62 680
62 681
62 682
62 683
63 684
63 685
63 686
63 687
63 688
63 689
63 690
63 691
64 692
64 693
64 694
64 695
64 696
64 697
64 698
64 699
65 700
65 701
65 702
65 703
65 704
65 705
65 706
65 707
66 708
66 709
66 710
66 711
66 712
66 713
66 714
66 715
67 716
67 717
67 718
67 719
67 720
67 721
67 722
67 723
68 724
68 725
68 726
68 727
68 728
68 729
68 730
68 731
69 732
69 733
69 734
69 735
69 736
69 737
69 738
69 739
70 740
70 741
70 742
70 743
70 744
70 745
70 746
70 747
71 748
71 749
71 750
71 751
71 752
71 753
71 754
71 755
72 756
72 757
72 758
72 759
72 760
72 761
72 762
72 763
73 764
73 765
73 766
73 767
73 768
73 769
73 770
73 771
74 772
74 773
74 774
74 775
74 776
74 777
74 778
74 779
75 780
75 781
75 782
75 783
75 784
75 785
75 786
75 787
76 788
76 789
76 790
76 791
76 792
76 793
76 794
76 795
77 796
77 797
77 798
77 799
77 800
77 801
77 802
77 803
78 804
78 805
78 806
78 807
78 808
78 809
78 810
78 811
79 812
79 813
79 814
79 815
79 816
79 817
79 818
79 819
80 820
80 821
80 822
80 823
80 824
80 825
80 826
80 827
81 828
81 829
81 830
81 831
81 832
81 833
81 834
81 835
82 836
82 837
82 838
82 839
82 840
82 841
82 842
82 843
83 844
83 845
83 846
83 847
83 848
83 849
83 850
83 851
84 852
84 853
84 854
84 855
84 856
84 857
84 858
84 859
85 860
85 861
85 862
85 863
85 864
85 865
85 866
85 867
86 868
86 869
86 870
86 871
86 872
86 873
86 874
86 875
87 876
87 877
87 878
87 879
87 880
87 881
87 882
87 883
88 884
88 885
88 886
88 887
88 888
88 889
88 890
88 891
89 892
89 893
89 894
89 895
89 896
89 897
89 898
89 899
90 900
90 901
90 902
90 903
90 904
90 905
90 906
90 907
91 908
91 909
91 910
91 911
91 912
91 913
91 914
91 915
92 916
92 917
92 918
92 919
92 920
92 921
92 922
92 923
93 924
93 925
93 926
93 927
93 928
93 929
93 930
93 931
94 932
94 933
94 934
94 935
94 936
94 937
94 938
94 939
95 940
95 941
95 942
95 943
95 944
95 945
95 946
95 947
96 948
96 949
96 950
96 951
96 952
96 953
96 954
96 955
97 956
97 957
97 958
97 959
97 960
97 961
97 962
97 963
98 964
98 965
98 966
98 967
98 968
98 969
98 970
98 971
99 972
99 973
99 974
99 975
99 976
99 977
99 978
99 979
100 980
100 981
100 982
100 983
100 984
100 985
100 986
100 987
101 988
101 989
101 990
101 991
101 992
101 993
101 994
101 995
102 996
102 997
102 998
102 999
102 1000
102 1001
102 1002
102 1003
103 1004
103 1005
103 1006
103 1007
103 1008
103 1009
103 1010
103 1011
104 1012
104 1013
104 1014
104 1015
104 1016
104 1017
104 1018
104 1019
105 1020
105 1021
105 1022
105 1023
105 1024
105 1025
105 1026
105 1027
106 1028
106 1029
106 1030
106 1031
106 1032
106 1033
106 1034
106 1035
107 1036
107 1037
107 1038
107 1039
107 1040
107 1041
107 1042
107 1043
108 1044
108 1045
108 1046
108 1047
108 1048
108 1049
108 1050
108 1051
109 1052
109 1053
109 1054
109 1055
109 1056
109 1057
109 1058
109 1059
110 1060
110 1061
110 1062
110 1063
110 1064
110 1065
110 1066
110 1067
111 1068
111 1069
111 1070
111 1071
111 1072
111 1073
111 1074
111 1075
112 1076
112 1077
112 1078
112 1079
112 1080
112 1081
112 1082
112 1083
113 1084
113 1085
113 1086
113 1087
113 1088
113 1089
113 1090
113 1091
114 1092
114 1093
114 1094
114 1095
114 1096
114 1097
114 1098
114 1099
115 1100
115 1101
115 1102
115 1103
115 1104
115 1105
115 1106
115 1107
116 1108
116 1109
116 1110
116 1111
116 1112
116 1113
116 1114
116 1115
117 1116
117 1117
117 1118
117 1119
117 1120
117 1121
117 1122
117 1123
118 1124
118 1125
118 1126
118 1127
118 1128
118 1129
118 1130
118 1131
119 1132
119 1133
119 1134
119 1135
119 1136
119 1137
119 1138
119 1139
120 1140
120 1141
120 1142
120 1143
120 1144
120 1145
120 1146
120 1147
121 1148
121 1149
121 1150
121 1151
121 1152
121 1153
121 1154
121 1155
122 1156
122 1157
122 1158
122 1159
122 1160
122 1161
122 1162
122 1163
123 1164
123 1165
123 1166
123 1167
123 1168
123 1169
123 1170
123 1171
124 1172
124 1173
124 1174
124 1175
124 1176
124 1177
124 1178
124 1179
125 1180
125 1181
125 1182
125 1183
125 1184
125 1185
125 1186
125 1187
126 1188
126 1189
126 1190
126 1191
126 1192
126 1193
126 1194
126 1195
127 1196
127 1197
127 1198
127 1199
127 1200
127 1201
127 1202
127 1203
128 1204
128 1205
128 1206
128 1207
128 1208
128 1209
128 1210
128 1211
129 1212
129 1213
129 1214
129 1215
129 1216
129 1217
129 1218
129 1219
130 1220
130 1221
130 1222
130 1223
130 1224
130 1225
130 1226
130 1227
131 1228
131 1229
131 1230
131 1231
131 1232
131 1233
131 1234
131 1235
132 1236
132 1237
132 1238
132 1239
132 1240
132 1241
132 1242
132 1243
133 1244
133 1245
133 1246
133 1247
133 1248
133 1249
133 1250
133 1251
134 1252
134 1253
134 1254
134 1255
134 1256
134 1257
134 1258
134 1259
135 1260
135 1261
135 1262
135 1263
135 1264
135 1265
135 1266
135 1267
136 1268
136 1269
136 1270
136 1271
136 1272
136 1273
136 1274
136 1275
137 1276
137 1277
137 1278
137 1279
137 1280
137 1281
137 1282
137 1283
138 1284
138 1285
138 1286
138 1287
138 1288
138 1289
138 1290
138 1291
139 1292
139 1293
139 1294
139 1295
139 1296
139 1297
139 1298
139 1299
140 1300
140 1301
140 1302
140 1303
140 1304
140 1305
140 1306
140 1307
141 1308
141 1309
141 1310
141 1311
141 1312
141 1313
141 1314
141 1315
142 1316
142 1317
142 1318
142 1319
142 1320
142 1321
142 1322
142 1323
143 1324
143 1325
143 1326
143 1327
143 1328
143 1329
143 1330
143 1331
144 1332
144 1333
144 1334
144 1335
144 1336
144 1337
144 1338
144 1339
145 1340
145 1341
145 1342
145 1343
145 1344
145 1345
145 1346
145 1347
146 1348
146 1349
146 1350
146 1351
146 1352
146 1353
146 1354
146 1355
147 1356
147 1357
147 1358
147 1359
147 1360
147 1361
147 1362
147 1363
148 1364
148 1365
148 1366
148 1367
148 1368
148 1369
148 1370
148 1371
149 1372
149 1373
149 1374
149 1375
149 1376
149 1377
149 1378
149 1379
150 1380
150 1381
150 1382
150 1383
150 1384
150 1385
150 1386
150 1387
151 1388
151 1389
151 1390
151 1391
151 1392
151 1393
151 1394
151 1395
152 1396
152 1397
152 1398
152 1399
152 1400
152 1401
152 1402
152 1403
153 1404
153 1405
153 1406
153 1407
153 1408
153 1409
153 1410
153 1411
154 1412
154 1413
154 1414
154 1415
154 1416
154 1417
154 1418
154 1419
155 1420
155 1421
155 1422
155 1423
155 1424
155 1425
155 1426
155 1427
156 1428
156 1429
156 1430
156 1431
156 1432
156 1433
156 1434
156 1435
157 1436
157 1437
157 1438
157 1439
157 1440
157 1441
157 1442
157 1443
158 1444
158 1445
158 1446
158 1447
158 1448
158 1449
158 1450
158 1451
159 1452
159 1453
159 1454
159 1455
159 1456
159 1457
159 1458
159 1459
160 1460
160 1461
160 1462
160 1463
160 1464
160 1465
160 1466
160 1467
161 1468
161 1469
161 1470
161 1471
161 1472
161 1473
161 1474
161 1475
162 1476
162 1477
162 1478
162 1479
162 1480
162 1481
162 1482
162 1483
163 1484
163 1485
163 1486
163 1487
163 1488
163 1489
163 1490
163 1491
164 1492
164 1493
164 1494
164 1495
164 1496
164 1497
164 1498
164 1499
165 1500
165 1501
165 1502
165 1503
165 1504
165 1505
165 1506
165 1507
166 1508
166 1509
166 1510
166 1511
166 1512
166 1513
166 1514
166 1515
167 1516
167 1517
167 1518
167 1519
167 1520
167 1521
167 1522
167 1523
168 1524
168 1525
168 1526
168 1527
168 1528
168 1529
168 1530
168 1531
169 1532
169 1533
169 1534
169 1535
169 1536
169 1537
169 1538
169 1539
170 1540
170 1541
170 1542
170 1543
170 1544
170 1545
170 1546
170 1547
171 1548
171 1549
171 1550
171 1551
171 1552
171 1553
171 1554
171 1555
172 1556
172 1557
172 1558
172 1559
172 1560
172 1561
172 1562
172 1563
173 1564
173 1565
173 1566
173 1567
173 1568
173 1569
173 1570
173 1571
174 1572
174 1573
174 1574
174 1575
174 1576
174 1577
174 1578
174 1579
175 1580
175 1581
175 1582
175 1583
175 1584
175 1585
175 1586
175 1587
176 1588
176 1589
176 1590
176 1591
176 1592
176 1593
176 1594
176 1595
177 1596
177 1597
177 1598
177 1599
177 1600
177 1601
177 1602
177 1603
178 1604
178 1605
178 1606
178 1607
178 1608
178 1609
178 1610
178 1611
179 1612
179 1613
179 1614
179 1615
179 1616
179 1617
179 1618
179 1619
