0 23
0 31
0 14
0 55
1 16
1 49
1 37
1 9
2 11
2 41
2 27
2 20
3 53
3 60
3 45
3 5
4 16
4 44
4 26
4 36
5 41
5 50
5 28
6 49
6 27
6 44
6 45
7 8
7 36
7 54
7 47
8 34
8 12
8 15
9 26
9 43
9 45
10 40
10 52
10 13
10 47
11 31
11 15
11 47
12 32
12 58
12 48
13 48
13 51
13 42
14 33
14 50
14 36
15 38
15 31
16 38
16 33
17 58
17 51
17 37
17 23
18 42
18 34
18 22
18 46
19 33
19 28
19 46
19 38
20 53
20 54
20 29
21 40
21 53
21 30
21 47
22 57
22 43
22 55
23 46
23 25
24 49
24 59
24 44
24 45
25 32
25 44
25 60
26 56
26 50
27 35
27 31
28 33
28 39
29 41
29 54
29 30
30 32
30 56
32 58
34 48
34 49
35 48
35 59
35 60
36 39
37 40
37 42
38 57
39 42
39 59
40 43
41 54
43 55
46 51
50 52
51 57
52 56
52 60
53 58
55 59
56 57
0 61
0 62
0 63
1 64
1 65
1 66
2 67
2 68
2 69
3 70
3 71
3 72
4 73
4 74
4 75
5 76
5 77
5 78
6 79
6 80
6 81
7 82
7 83
7 84
8 85
8 86
8 87
9 88
9 89
9 90
10 91
10 92
10 93
11 94
11 95
11 96
12 97
12 98
12 99
13 100
13 101
13 102
14 103
14 104
14 105
15 106
15 107
15 108
16 109
16 110
16 111
17 112
17 113
17 114
18 115
18 116
18 117
19 118
19 119
19 120
20 121
20 122
20 123
21 124
21 125
21 126
22 127
22 128
22 129
23 130
23 131
23 132
24 133
24 134
24 135
25 136
25 137
25 138
26 139
26 140
26 141
27 142
27 143
27 144
28 145
28 146
28 147
29 148
29 149
29 150
30 151
30 152
30 153
31 154
31 155
31 156
32 157
32 158
32 159
33 160
33 161
33 162
34 163
34 164
34 165
35 166
35 167
35 168
36 169
36 170
36 171
37 172
37 173
37 174
38 175
38 176
38 177
39 178
39 179
39 180
40 181
40 182
40 183
41 184
41 185
41 186
42 187
42 188
42 189
43 190
43 191
43 192
44 193
44 194
44 195
45 196
45 197
45 198
46 199
46 200
46 201
47 202
47 203
47 204
48 205
48 206
48 207
49 208
49 209
49 210
50 211
50 212
50 213
51 214
51 215
51 216
52 217
52 218
52 219
53 220
53 221
53 222
54 223
54 224
54 225
55 226
55 227
55 228
56 229
56 230
56 231
57 232
57 233
57 234
58 235
58 236
58 237
59 238
59 239
59 240
60 241
60 242
60 243
