0 132
0 39
0 332
0 363
0 428
0 77
0 334
0 399
0 432
0 243
0 150
0 393
0 207
0 350
1 193
1 130
1 323
1 420
1 186
1 326
1 18
1 404
1 343
1 185
1 26
1 287
1 410
1 447
2 385
2 163
2 42
2 235
2 332
2 93
2 413
2 52
2 238
2 314
2 219
2 444
2 282
2 446
3 164
3 389
3 169
3 255
3 93
3 408
3 83
3 414
3 349
3 24
3 335
3 61
3 190
3 319
4 193
4 66
4 390
4 359
4 177
4 144
4 364
4 48
4 305
4 368
4 343
4 10
4 190
4 159
5 160
5 417
5 162
5 131
5 164
5 211
5 424
5 297
5 268
5 320
5 392
5 243
5 375
5 445
6 419
6 100
6 360
6 174
6 143
6 208
6 337
6 82
6 163
6 404
6 238
6 150
6 349
6 223
7 130
7 227
7 294
7 168
7 395
7 332
7 80
7 401
7 147
7 136
7 392
7 218
7 412
7 414
8 320
8 195
8 230
8 262
8 426
8 311
8 334
8 207
8 245
8 182
8 23
8 250
8 154
8 197
9 32
9 368
9 196
9 229
9 279
9 423
9 107
9 112
9 273
9 278
9 343
9 152
9 28
9 94
10 97
10 418
10 419
10 164
10 260
10 167
10 392
10 205
10 360
10 307
10 373
10 311
10 186
11 322
11 387
11 422
11 77
11 303
11 432
11 115
11 52
11 318
11 374
11 383
11 411
11 30
11 415
12 65
12 290
12 233
12 298
12 299
12 240
12 110
12 368
12 49
12 276
12 366
12 315
12 156
12 383
13 240
13 322
13 99
13 54
13 81
13 72
13 105
13 47
13 432
13 273
13 371
13 310
13 152
13 37
14 392
14 197
14 328
14 73
14 170
14 343
14 304
14 17
14 370
14 372
14 22
14 279
14 184
14 285
15 256
15 259
15 234
15 43
15 333
15 144
15 145
15 370
15 119
15 24
15 441
15 442
15 123
15 88
16 289
16 290
16 100
16 417
16 40
16 202
16 172
16 83
16 374
16 183
16 185
16 122
16 445
16 345
17 256
17 161
17 388
17 325
17 358
17 264
17 298
17 175
17 240
17 306
17 247
17 250
17 158
18 267
18 264
18 75
18 368
18 312
18 114
18 227
18 331
18 235
18 88
18 90
18 91
18 415
19 353
19 35
19 102
19 391
19 104
19 364
19 108
19 239
19 20
19 213
19 375
19 212
19 285
19 277
20 147
20 263
20 316
20 167
20 370
20 176
20 177
20 242
20 148
20 154
20 28
20 349
20 63
21 224
21 384
21 388
21 325
21 364
21 397
21 205
21 179
21 436
21 254
21 438
21 249
21 222
21 341
22 98
22 36
22 230
22 166
22 298
22 247
22 332
22 111
22 221
22 23
22 120
22 443
22 138
23 256
23 96
23 68
23 86
23 109
23 238
23 309
23 312
23 186
23 284
23 253
23 95
24 437
24 233
24 333
24 365
24 63
24 79
24 351
24 341
24 278
24 187
24 92
24 245
25 96
25 192
25 98
25 131
25 388
25 358
25 112
25 394
25 253
25 80
25 163
25 437
25 344
25 381
26 192
26 97
26 211
26 144
26 45
26 432
26 177
26 51
26 437
26 184
26 409
26 283
26 252
27 129
27 259
27 388
27 357
27 232
27 297
27 426
27 235
27 241
27 114
27 244
27 311
27 100
27 157
28 356
28 293
28 358
28 231
28 106
28 107
28 110
28 85
28 119
28 283
28 348
28 445
29 356
29 136
29 298
29 111
29 93
29 264
29 342
29 151
29 376
29 155
29 380
29 285
29 382
29 426
30 96
30 48
30 418
30 107
30 68
30 357
30 263
30 173
30 80
30 401
30 95
30 412
30 287
31 83
31 291
31 36
31 326
31 243
31 168
31 333
31 77
31 408
31 211
31 216
31 90
31 283
31 62
32 192
32 67
32 326
32 236
32 301
32 141
32 176
32 83
32 116
32 332
32 378
32 79
32 188
33 386
33 267
33 305
33 43
33 429
33 109
33 49
33 269
33 437
33 374
33 185
33 207
33 61
33 382
34 258
34 257
34 386
34 395
34 132
34 199
34 234
34 107
34 269
34 221
34 176
34 432
34 188
34 61
35 192
35 386
35 420
35 230
35 167
35 252
35 362
35 205
35 238
35 401
35 56
35 444
35 81
36 163
36 325
36 427
36 332
36 109
36 366
36 303
36 48
36 440
36 148
36 376
36 158
37 193
37 290
37 293
37 230
37 135
37 151
37 370
37 350
37 407
37 57
37 103
37 382
37 159
38 192
38 129
38 262
38 361
38 269
38 366
38 176
38 241
38 438
38 314
38 59
38 317
38 382
38 63
39 96
39 99
39 425
39 106
39 141
39 77
39 49
39 82
39 179
39 246
39 153
39 440
39 217
40 161
40 68
40 257
40 424
40 265
40 144
40 391
40 272
40 216
40 50
40 339
40 116
40 152
41 225
41 290
41 197
41 135
41 296
41 169
41 237
41 116
41 373
41 310
41 55
41 93
41 350
41 191
42 320
42 97
42 260
42 229
42 71
42 329
42 172
42 429
42 399
42 182
42 439
42 100
42 411
43 388
43 230
43 359
43 270
43 305
43 340
43 214
43 87
43 376
43 253
43 286
43 255
44 256
44 225
44 261
44 103
44 328
44 62
44 353
44 296
44 274
44 147
44 181
44 183
44 380
44 254
45 416
45 449
45 132
45 294
45 71
45 201
45 107
45 241
45 246
45 183
45 377
45 378
45 410
46 65
46 427
46 438
46 295
46 138
46 75
46 108
46 304
46 180
46 54
46 344
46 71
46 284
46 127
47 385
47 260
47 272
47 72
47 137
47 142
47 205
47 208
47 148
47 213
47 249
47 126
47 405
48 321
48 421
48 262
48 277
48 242
48 431
48 50
48 441
48 122
48 219
48 101
49 225
49 98
49 72
49 396
49 143
49 176
49 113
49 308
49 85
49 247
49 378
50 219
50 165
50 390
50 363
50 174
50 175
50 195
50 431
50 55
50 249
50 90
50 411
51 321
51 295
51 328
51 393
51 426
51 375
51 300
51 303
51 264
51 342
51 87
51 282
51 351
52 449
52 195
52 257
52 363
52 322
52 162
52 303
52 81
52 370
52 184
52 378
52 186
53 424
53 359
53 392
53 73
53 76
53 110
53 431
53 104
53 116
53 343
53 404
53 361
53 349
53 319
54 261
54 406
54 102
54 265
54 430
54 307
54 181
54 310
54 297
54 186
54 350
54 85
55 225
55 162
55 103
55 362
55 236
55 142
55 152
55 178
55 211
55 309
55 184
55 220
56 70
56 170
56 299
56 338
56 399
56 180
56 433
56 306
56 212
56 277
56 279
56 120
56 441
57 130
57 387
57 133
57 102
57 266
57 174
57 336
57 147
57 234
57 251
57 443
57 446
57 389
58 387
58 100
58 246
58 70
58 328
58 396
58 240
58 360
58 84
58 373
58 86
58 407
58 440
58 92
59 224
59 97
59 290
59 262
59 199
59 176
59 304
59 402
59 245
59 214
59 184
59 346
59 350
60 448
60 385
60 194
60 420
60 261
60 166
60 321
60 393
60 170
60 300
60 146
60 436
60 122
60 101
61 352
61 64
61 102
61 70
61 72
61 304
61 178
61 185
61 443
61 284
61 286
62 64
62 263
62 173
62 142
62 336
62 241
62 340
62 206
62 86
62 88
62 89
62 285
63 195
63 363
63 428
63 146
63 237
63 336
63 402
63 212
63 216
63 372
63 175
64 257
64 132
64 166
64 262
64 129
64 171
64 399
64 180
64 97
64 214
64 319
64 415
65 432
65 66
65 419
65 142
65 139
65 208
65 337
65 403
65 211
65 341
65 157
65 277
66 195
66 100
66 261
66 366
66 427
66 142
66 414
66 305
66 270
66 438
66 317
66 254
67 99
67 356
67 135
67 79
67 369
67 114
67 291
67 118
67 439
67 89
67 346
67 316
67 254
68 225
68 355
68 134
68 390
68 138
68 110
68 368
68 147
68 334
68 202
68 85
69 320
69 417
69 99
69 197
69 231
69 200
69 425
69 368
69 352
69 340
69 246
69 184
69 409
69 222
70 160
70 228
70 231
70 264
70 394
70 363
70 88
70 178
70 313
70 221
70 410
71 128
71 98
71 326
71 136
71 111
71 236
71 239
71 328
71 399
71 248
71 79
72 288
72 165
72 145
72 394
72 244
72 173
72 312
72 410
72 412
72 248
73 132
73 355
73 147
73 229
73 327
73 267
73 115
73 405
73 119
73 292
73 123
73 85
74 192
74 353
74 421
74 239
74 76
74 431
74 369
74 370
74 275
74 117
74 442
74 251
74 157
74 165
75 160
75 417
75 327
75 232
75 106
75 427
75 177
75 416
75 302
75 410
75 362
75 85
76 129
76 418
76 165
76 198
76 328
76 273
76 146
76 371
76 170
76 311
76 283
76 330
77 129
77 421
77 385
77 397
77 240
77 209
77 307
77 122
77 191
77 318
78 291
78 229
78 167
78 392
78 220
78 176
78 360
78 114
78 163
78 440
78 153
78 123
78 124
78 349
79 161
79 258
79 296
79 135
79 239
79 280
79 376
79 442
79 316
79 318
80 352
80 96
80 326
80 104
80 201
80 367
80 440
80 285
80 248
80 250
80 90
81 258
81 164
81 285
81 232
81 204
81 143
81 402
81 276
81 277
81 413
81 213
82 325
82 361
82 103
82 301
82 368
82 307
82 181
82 375
82 410
82 187
82 316
82 157
83 240
83 347
83 327
83 253
83 91
83 404
83 153
83 379
83 413
83 158
84 160
84 423
84 200
84 425
84 266
84 110
84 143
84 369
84 220
84 309
84 315
84 284
84 190
85 323
85 145
85 204
85 118
85 153
85 331
85 252
85 314
86 176
86 201
86 269
86 144
86 277
86 438
86 407
86 137
86 409
86 287
86 247
87 128
87 416
87 354
87 135
87 275
87 434
87 336
87 274
87 372
87 311
87 186
87 318
88 448
88 289
88 261
88 321
88 167
88 140
88 269
88 245
88 342
88 381
89 384
89 201
89 271
89 115
89 113
89 339
89 116
89 309
89 182
89 379
89 317
89 223
90 240
90 259
90 420
90 389
90 428
90 381
90 163
90 244
90 183
90 445
91 96
91 376
91 293
91 166
91 423
91 170
91 395
91 145
91 184
91 121
91 412
91 159
92 384
92 321
92 162
92 233
92 435
92 146
92 339
92 376
92 155
92 216
92 410
92 383
93 106
93 235
93 172
93 237
93 141
93 434
93 355
93 344
93 186
93 158
94 193
94 290
94 356
94 215
94 108
94 238
94 300
94 405
94 182
94 311
94 348
94 265
94 446
95 323
95 421
95 108
95 331
95 172
95 366
95 140
95 318
95 276
95 437
95 340
95 377
96 187
96 229
96 135
96 302
96 402
96 276
96 407
96 216
97 257
97 228
97 238
97 221
97 240
97 115
97 180
97 216
97 345
98 256
98 168
98 299
98 368
98 276
98 245
98 184
98 186
98 157
98 286
99 388
99 422
99 393
99 204
99 335
99 272
99 374
99 116
99 246
99 186
100 291
100 292
100 198
100 138
100 267
100 374
100 394
100 133
101 128
101 423
101 361
101 139
101 435
101 334
101 431
101 272
101 210
101 211
101 218
101 123
102 417
102 131
102 164
102 103
102 330
102 172
102 174
102 314
102 219
102 350
103 104
103 234
103 273
103 114
103 211
103 245
103 374
103 346
103 316
104 356
104 265
104 138
104 267
104 114
104 190
104 274
104 187
104 414
104 223
105 358
105 198
105 422
105 331
105 268
105 110
105 367
105 432
105 369
105 270
105 430
105 312
105 319
106 321
106 133
106 423
106 328
106 189
106 305
106 117
106 375
106 378
106 156
107 449
107 195
107 209
107 145
107 429
107 112
107 369
107 341
107 184
108 382
108 428
108 334
108 304
108 338
108 281
108 217
108 415
108 286
108 319
109 320
109 130
109 419
109 167
109 407
109 146
109 270
109 271
109 114
109 189
109 127
110 289
110 426
110 332
110 205
110 306
110 275
110 410
110 155
111 258
111 310
111 132
111 356
111 235
111 398
111 433
111 214
111 345
111 346
111 414
112 290
112 134
112 301
112 401
112 435
112 308
112 437
112 278
112 381
112 318
112 127
113 262
113 137
113 299
113 429
113 430
113 435
113 406
113 343
113 184
113 347
113 157
113 127
114 416
114 259
114 330
114 208
114 209
114 183
114 220
115 357
115 167
115 424
115 329
115 365
115 397
115 307
115 342
115 316
115 190
116 177
116 267
116 209
116 319
116 136
116 347
116 188
116 255
117 323
117 324
117 325
117 393
117 330
117 139
117 236
117 333
117 259
117 281
117 380
117 309
118 165
118 327
118 263
118 271
118 336
118 242
118 436
118 278
118 343
118 280
118 154
118 317
119 400
119 134
119 166
119 170
119 395
119 236
119 302
119 207
119 304
119 306
119 283
120 354
120 235
120 229
120 134
120 327
120 139
120 401
120 146
120 126
120 249
120 250
120 280
121 419
121 294
121 188
121 234
121 395
121 236
121 399
121 272
121 209
121 242
121 308
121 279
121 444
122 256
122 194
122 196
122 165
122 230
122 241
122 373
122 279
122 345
122 446
123 192
123 129
123 355
123 297
123 428
123 302
123 346
123 303
123 265
123 250
124 321
124 354
124 315
124 161
124 272
124 242
124 405
124 150
124 279
124 218
124 443
124 382
124 415
125 416
125 320
125 450
125 356
125 326
125 136
125 226
125 270
125 304
125 232
125 147
125 404
125 317
125 286
126 163
126 166
126 392
126 139
126 204
126 429
126 206
126 203
126 402
126 179
126 310
126 443
127 226
127 243
127 135
127 247
127 271
127 274
127 211
127 406
127 279
127 249
128 289
128 258
128 131
128 133
128 295
128 327
128 353
128 305
128 245
128 203
128 440
129 418
129 232
129 300
129 400
129 200
129 146
129 179
129 440
130 386
130 131
130 357
130 284
130 193
130 239
130 150
130 347
130 156
130 447
131 327
131 239
131 430
131 367
131 413
131 283
131 412
131 253
131 318
132 197
132 298
132 171
132 194
132 341
132 315
132 220
132 447
133 450
133 389
133 169
133 332
133 418
133 367
133 319
133 447
133 380
133 191
134 289
134 164
134 342
134 233
134 339
134 307
134 310
134 196
134 251
134 190
135 353
135 354
135 424
135 396
135 227
135 441
135 297
136 321
136 258
136 196
136 200
136 398
136 232
136 253
136 342
136 439
137 209
137 297
137 394
137 174
137 370
137 212
137 181
137 183
137 346
137 348
137 446
138 224
138 299
138 371
138 404
138 286
138 216
138 379
138 444
138 222
139 193
139 232
139 298
139 203
139 140
139 146
139 348
139 221
139 383
140 384
140 225
140 267
140 324
140 293
140 262
140 266
140 294
140 319
140 419
140 351
141 290
141 324
141 262
141 209
141 272
141 305
141 147
141 341
141 216
141 252
141 382
142 174
142 368
142 209
142 275
142 414
142 182
142 343
142 153
142 345
143 352
143 304
143 166
143 330
143 171
143 398
143 272
143 277
143 440
143 412
144 387
144 267
144 301
144 270
144 308
144 215
144 244
144 380
144 447
145 323
145 421
145 207
145 301
145 366
145 208
145 179
145 439
145 189
146 261
146 394
146 236
146 397
146 242
146 229
147 352
147 206
147 274
147 180
147 406
147 155
148 355
148 232
148 444
148 426
148 205
148 305
148 284
148 393
148 260
148 220
148 190
149 320
149 193
149 420
149 358
149 423
149 234
149 238
149 349
149 385
149 178
149 244
149 279
149 362
149 191
150 291
150 164
150 293
150 360
150 426
150 444
150 438
150 186
150 187
150 411
151 198
151 322
151 166
151 359
151 335
151 393
151 317
151 210
151 245
151 233
151 345
151 219
152 448
152 169
152 300
152 173
152 399
152 373
152 268
152 280
152 250
152 382
153 386
153 293
153 325
153 275
153 177
153 371
153 200
153 174
153 221
154 416
154 192
154 229
154 269
154 371
154 181
154 215
154 344
154 185
154 186
154 414
155 440
155 422
155 262
155 395
155 337
155 246
155 311
155 312
155 315
155 389
156 320
156 261
156 293
156 233
156 267
156 239
156 246
156 300
156 218
156 379
156 255
157 311
157 337
157 264
157 299
157 302
157 215
157 252
157 383
158 385
158 211
158 433
158 307
158 295
158 396
158 309
158 312
158 249
158 415
159 387
159 210
159 393
159 298
159 396
159 429
159 178
159 227
159 404
159 281
159 403
160 323
160 197
160 241
160 396
160 398
160 399
160 433
160 383
160 413
160 254
161 292
161 389
161 294
161 242
161 205
161 432
161 273
161 370
161 213
161 246
162 224
162 322
162 268
162 240
162 372
162 181
162 314
162 447
162 350
162 325
163 416
163 225
163 168
163 418
163 341
163 411
163 412
164 448
164 337
164 365
164 398
164 338
164 315
164 223
165 450
165 263
165 266
165 203
165 409
165 441
165 315
165 286
166 388
166 278
166 394
166 398
166 339
166 437
167 448
167 292
167 422
167 329
167 408
167 214
167 220
168 421
168 171
168 338
168 210
168 419
168 340
168 343
168 249
168 349
168 318
169 326
169 328
169 364
169 206
169 241
169 340
169 342
169 361
169 188
169 349
170 449
170 424
170 393
170 362
170 333
170 341
170 201
170 190
171 251
171 325
171 428
171 175
171 271
171 212
171 213
171 248
171 282
171 341
172 273
172 331
172 207
172 177
172 210
172 366
172 409
172 441
172 445
173 259
173 373
173 424
173 212
173 309
173 310
173 446
173 415
173 188
173 296
174 385
174 323
174 237
174 346
174 412
174 414
174 261
175 320
175 224
175 390
175 329
175 223
175 403
175 213
175 443
175 317
175 254
176 323
176 243
176 296
176 394
176 339
176 213
177 320
177 229
177 198
177 233
177 274
177 409
177 357
178 257
178 258
178 387
178 360
178 301
178 407
178 413
178 190
178 373
179 416
179 228
179 360
179 288
179 208
179 392
179 306
179 342
179 196
180 418
180 387
180 233
180 202
180 364
180 205
180 240
180 182
180 201
181 384
181 256
181 259
181 398
181 367
181 210
181 276
181 271
182 449
182 418
182 363
182 429
182 360
182 373
182 285
182 287
183 386
183 420
183 199
183 202
183 402
183 310
183 329
183 297
184 424
184 276
184 278
184 389
185 438
185 358
185 296
185 361
185 213
185 214
185 441
185 253
185 254
186 416
186 386
186 399
187 391
187 397
187 365
187 376
187 243
187 373
187 347
187 284
187 222
188 322
188 323
188 229
188 422
188 354
188 334
188 277
188 281
189 419
189 296
189 273
189 239
189 400
189 305
189 370
189 339
189 381
189 254
189 287
190 275
190 304
190 369
190 309
190 220
191 450
191 347
191 422
191 343
191 447
191 374
191 247
191 233
191 348
191 361
192 196
192 215
192 268
192 338
192 279
192 250
193 352
193 357
193 328
193 265
193 231
193 204
193 223
194 257
194 262
194 234
194 235
194 397
194 238
194 208
194 302
194 439
194 287
194 383
195 300
195 269
195 248
195 404
195 314
195 284
195 318
195 383
196 352
196 416
196 386
196 294
196 237
196 336
196 279
196 428
197 449
197 386
197 231
197 306
197 271
197 434
197 438
197 282
198 257
198 322
198 305
198 265
198 375
198 289
198 430
198 269
198 371
199 390
199 220
199 206
199 271
199 434
199 340
199 238
199 310
199 436
199 380
199 445
200 226
200 202
200 333
200 270
200 237
200 400
200 307
200 213
200 214
201 256
201 450
201 323
201 241
201 242
201 375
201 217
201 347
202 353
202 359
202 329
202 301
202 242
202 437
202 342
202 281
202 316
203 246
203 363
203 310
203 264
203 427
203 368
203 210
203 342
203 439
203 282
204 224
204 225
204 396
204 237
204 413
204 406
204 346
204 251
204 218
205 420
205 422
205 368
205 211
205 440
205 245
206 226
206 232
206 398
206 216
206 374
206 279
206 344
206 313
206 316
207 290
207 362
207 215
207 269
207 365
207 276
207 318
207 254
208 387
208 230
208 259
208 396
208 438
208 281
208 444
209 215
209 427
209 307
209 247
209 413
209 222
210 227
210 390
210 327
210 396
210 236
210 419
210 378
211 450
211 423
211 375
211 219
212 256
212 416
212 267
212 400
212 369
212 279
212 409
212 250
213 261
213 264
213 305
213 281
213 287
214 257
214 421
214 358
214 225
214 273
214 221
214 319
215 226
215 230
215 294
215 300
215 428
215 365
215 441
216 416
216 322
216 291
216 308
216 311
217 336
217 358
217 301
217 399
217 240
217 274
217 431
217 248
217 442
217 303
217 349
218 236
218 395
218 269
218 430
218 272
218 436
218 377
218 221
218 447
219 306
219 237
219 222
219 438
219 376
219 397
219 253
219 446
220 325
220 333
220 249
220 281
220 221
221 288
221 357
221 429
221 273
221 376
222 384
222 397
222 270
222 367
222 240
222 242
222 372
222 405
223 418
223 295
223 232
223 348
223 308
223 439
223 436
223 444
224 384
224 291
224 294
224 391
224 243
224 341
224 407
224 377
225 295
225 337
225 370
225 413
225 382
226 449
226 227
226 260
226 389
226 329
226 333
226 398
226 344
226 316
227 240
227 251
227 325
227 365
227 272
227 273
227 250
227 283
228 416
228 388
228 297
228 397
228 302
228 352
228 402
228 448
228 248
228 445
228 255
229 325
229 358
229 439
229 280
230 359
230 236
230 317
230 241
230 434
230 314
231 260
231 298
231 434
231 429
231 365
231 351
231 372
231 315
231 380
232 424
232 309
232 313
232 348
233 388
233 331
233 335
233 275
233 447
234 324
234 367
234 311
234 410
234 383
234 318
234 287
235 450
235 425
235 362
235 402
235 365
235 405
235 398
236 357
236 237
236 381
236 346
237 448
237 258
237 422
237 400
237 243
238 448
238 400
238 306
238 355
238 379
239 385
239 262
239 284
239 268
239 337
239 330
240 381
241 418
241 388
241 390
241 345
241 411
242 421
242 436
242 337
242 403
243 419
243 298
243 429
243 282
243 379
243 252
244 291
244 263
244 296
244 364
244 306
244 278
244 247
244 408
244 411
245 391
245 376
245 434
245 408
245 312
246 422
246 270
246 337
246 440
246 253
247 384
247 266
247 437
247 342
247 249
247 255
248 353
248 322
248 291
248 403
248 434
248 406
248 286
249 391
249 303
249 276
249 377
249 252
250 418
250 340
250 266
250 335
250 276
251 288
251 290
251 292
251 326
251 296
251 355
251 437
251 377
252 292
252 357
252 263
252 317
252 399
252 313
252 285
253 294
253 359
253 275
253 297
253 298
254 294
254 276
254 346
254 382
254 351
255 389
255 426
255 397
255 337
255 408
255 404
255 348
255 414
256 321
256 366
256 439
256 443
256 444
257 324
257 358
257 267
257 340
257 281
258 259
258 390
258 393
258 372
258 425
258 441
259 330
259 317
259 406
259 345
259 410
260 353
260 292
260 360
260 393
260 331
260 265
260 315
260 350
261 327
261 328
261 272
261 408
261 413
262 393
262 362
262 439
263 355
263 425
263 332
263 269
263 367
263 348
263 373
264 419
264 293
264 394
264 365
264 379
264 284
265 289
265 391
265 398
265 434
265 403
265 341
266 352
266 354
266 387
266 424
266 450
266 378
266 445
266 415
267 429
267 366
267 433
268 355
268 356
268 299
268 342
268 344
268 292
268 316
268 317
269 306
269 377
269 442
270 449
270 333
270 433
270 413
270 281
271 417
271 303
271 402
271 442
271 449
271 318
272 300
272 339
272 340
273 419
273 403
273 425
273 318
274 288
274 386
274 324
274 278
274 366
274 310
274 282
275 356
275 357
275 280
275 293
275 412
275 415
276 422
276 327
276 351
277 450
277 419
277 294
277 289
277 427
277 396
278 420
278 331
278 398
278 304
278 280
278 379
279 405
279 380
280 354
280 300
280 401
280 306
280 411
280 382
280 421
281 420
281 331
281 430
281 340
282 359
282 387
282 365
282 398
282 306
282 409
282 347
283 326
283 295
283 361
283 334
283 305
283 381
283 350
284 421
284 425
284 401
284 338
285 320
285 329
285 402
285 430
285 345
285 383
286 352
286 380
286 298
286 431
286 412
286 383
287 357
287 295
287 392
287 361
287 312
287 351
288 355
288 393
288 330
288 429
288 365
288 337
288 308
288 409
288 414
289 432
289 292
289 295
289 300
289 408
289 379
290 369
290 310
290 425
290 304
291 374
291 399
291 375
291 441
291 303
292 433
292 375
292 445
292 446
292 377
293 418
293 294
293 435
293 386
293 328
294 375
294 312
295 363
295 321
295 391
295 296
295 381
296 301
296 335
296 407
296 346
297 327
297 300
297 339
297 309
297 324
298 325
298 309
298 421
299 420
299 423
299 396
299 427
299 404
299 374
299 426
300 418
300 379
301 338
301 303
301 376
301 411
301 350
302 403
302 305
302 435
302 436
302 344
302 356
302 444
303 389
303 390
303 433
303 369
304 422
304 372
304 349
305 414
306 401
306 362
307 425
307 333
307 400
307 405
307 361
308 321
308 387
308 374
308 410
308 347
308 442
308 381
309 329
309 433
309 313
310 367
310 445
311 355
311 324
311 406
311 375
312 449
312 443
312 331
312 399
312 427
313 320
313 352
313 388
313 362
313 370
313 372
313 324
313 378
313 350
314 417
314 351
314 363
314 338
314 405
314 377
314 447
315 384
315 360
315 400
315 441
315 408
316 385
316 364
316 370
316 344
317 334
317 436
317 410
318 386
319 430
319 367
319 339
319 372
319 379
320 336
320 407
321 420
321 392
321 335
322 363
322 369
322 428
322 366
322 370
323 389
323 328
323 335
323 443
324 395
324 433
324 402
324 371
324 376
325 334
325 415
326 355
326 395
326 404
326 380
326 329
327 374
327 442
327 382
328 386
328 413
329 401
329 434
329 408
329 442
330 448
330 403
330 396
330 362
330 371
330 431
331 354
331 440
331 339
331 444
332 428
332 386
332 431
332 407
332 376
333 379
333 423
333 381
333 351
334 385
334 411
334 429
334 431
334 381
335 427
335 336
335 376
335 344
335 380
335 445
336 395
336 401
336 402
336 409
336 347
337 424
337 349
337 340
338 417
338 393
338 429
338 448
338 408
338 442
339 366
339 369
339 446
340 382
340 374
341 355
341 428
341 441
342 360
342 379
343 421
343 435
343 410
343 415
344 427
344 395
344 404
344 406
345 356
345 359
345 394
345 436
345 443
346 385
346 389
346 439
347 384
347 353
347 433
347 394
348 423
348 432
348 351
348 405
348 373
349 360
349 394
349 442
350 438
350 388
350 414
351 384
351 364
351 372
351 404
352 359
352 395
352 444
353 450
353 428
353 365
353 406
353 380
354 407
354 359
354 361
354 377
354 378
354 383
355 364
356 426
356 403
356 444
357 392
357 403
357 408
358 450
358 439
358 430
358 368
359 397
359 371
359 444
360 373
360 420
361 428
361 432
361 436
362 448
362 417
362 408
363 438
363 371
363 411
363 414
364 421
364 426
364 437
364 401
364 445
365 405
366 390
366 405
367 392
367 427
367 407
367 389
368 410
368 380
369 385
369 424
369 401
370 394
371 384
371 434
371 404
371 391
372 423
372 392
372 435
373 396
373 382
374 413
375 383
375 412
377 425
377 381
377 408
377 414
378 420
378 401
378 431
378 442
378 426
379 407
380 430
381 443
383 415
384 406
384 441
385 448
385 437
387 422
387 397
387 439
388 431
388 427
389 430
390 449
390 450
390 427
390 441
391 417
391 392
391 435
391 399
391 400
394 412
395 432
395 417
396 435
397 437
397 409
398 409
400 417
400 443
400 420
400 423
401 434
402 443
402 428
403 434
403 436
403 412
405 407
405 446
406 433
406 435
406 417
409 425
409 426
411 421
411 424
411 446
412 438
413 431
415 419
415 433
416 418
417 442
422 424
423 448
423 447
425 433
425 436
426 438
430 448
430 435
431 437
432 436
432 447
434 446
435 442
435 445
439 440
440 449
443 446
445 447
446 449
447 450
449 450
0 451
0 452
0 453
0 454
0 455
1 456
1 457
1 458
1 459
1 460
2 461
2 462
2 463
2 464
2 465
3 466
3 467
3 468
3 469
3 470
4 471
4 472
4 473
4 474
4 475
5 476
5 477
5 478
5 479
5 480
6 481
6 482
6 483
6 484
6 485
7 486
7 487
7 488
7 489
7 490
8 491
8 492
8 493
8 494
8 495
9 496
9 497
9 498
9 499
9 500
10 501
10 502
10 503
10 504
10 505
11 506
11 507
11 508
11 509
11 510
12 511
12 512
12 513
12 514
12 515
13 516
13 517
13 518
13 519
13 520
14 521
14 522
14 523
14 524
14 525
15 526
15 527
15 528
15 529
15 530
16 531
16 532
16 533
16 534
16 535
17 536
17 537
17 538
17 539
17 540
18 541
18 542
18 543
18 544
18 545
19 546
19 547
19 548
19 549
19 550
20 551
20 552
20 553
20 554
20 555
21 556
21 557
21 558
21 559
21 560
22 561
22 562
22 563
22 564
22 565
23 566
23 567
23 568
23 569
23 570
24 571
24 572
24 573
24 574
24 575
25 576
25 577
25 578
25 579
25 580
26 581
26 582
26 583
26 584
26 585
27 586
27 587
27 588
27 589
27 590
28 591
28 592
28 593
28 594
28 595
29 596
29 597
29 598
29 599
29 600
30 601
30 602
30 603
30 604
30 605
31 606
31 607
31 608
31 609
31 610
32 611
32 612
32 613
32 614
32 615
33 616
33 617
33 618
33 619
33 620
34 621
34 622
34 623
34 624
34 625
35 626
35 627
35 628
35 629
35 630
36 631
36 632
36 633
36 634
36 635
37 636
37 637
37 638
37 639
37 640
38 641
38 642
38 643
38 644
38 645
39 646
39 647
39 648
39 649
39 650
40 651
40 652
40 653
40 654
40 655
41 656
41 657
41 658
41 659
41 660
42 661
42 662
42 663
42 664
42 665
43 666
43 667
43 668
43 669
43 670
44 671
44 672
44 673
44 674
44 675
45 676
45 677
45 678
45 679
45 680
46 681
46 682
46 683
46 684
46 685
47 686
47 687
47 688
47 689
47 690
48 691
48 692
48 693
48 694
48 695
49 696
49 697
49 698
49 699
49 700
50 701
50 702
50 703
50 704
50 705
51 706
51 707
51 708
51 709
51 710
52 711
52 712
52 713
52 714
52 715
53 716
53 717
53 718
53 719
53 720
54 721
54 722
54 723
54 724
54 725
55 726
55 727
55 728
55 729
55 730
56 731
56 732
56 733
56 734
56 735
57 736
57 737
57 738
57 739
57 740
58 741
58 742
58 743
58 744
58 745
59 746
59 747
59 748
59 749
59 750
60 751
60 752
60 753
60 754
60 755
61 756
61 757
61 758
61 759
61 760
62 761
62 762
62 763
62 764
62 765
63 766
63 767
63 768
63 769
63 770
64 771
64 772
64 773
64 774
64 775
65 776
65 777
65 778
65 779
65 780
66 781
66 782
66 783
66 784
66 785
67 786
67 787
67 788
67 789
67 790
68 791
68 792
68 793
68 794
68 795
69 796
69 797
69 798
69 799
69 800
70 801
70 802
70 803
70 804
70 805
71 806
71 807
71 808
71 809
71 810
72 811
72 812
72 813
72 814
72 815
73 816
73 817
73 818
73 819
73 820
74 821
74 822
74 823
74 824
74 825
75 826
75 827
75 828
75 829
75 830
76 831
76 832
76 833
76 834
76 835
77 836
77 837
77 838
77 839
77 840
78 841
78 842
78 843
78 844
78 845
79 846
79 847
79 848
79 849
79 850
80 851
80 852
80 853
80 854
80 855
81 856
81 857
81 858
81 859
81 860
82 861
82 862
82 863
82 864
82 865
83 866
83 867
83 868
83 869
83 870
84 871
84 872
84 873
84 874
84 875
85 876
85 877
85 878
85 879
85 880
86 881
86 882
86 883
86 884
86 885
87 886
87 887
87 888
87 889
87 890
88 891
88 892
88 893
88 894
88 895
89 896
89 897
89 898
89 899
89 900
90 901
90 902
90 903
90 904
90 905
91 906
91 907
91 908
91 909
91 910
92 911
92 912
92 913
92 914
92 915
93 916
93 917
93 918
93 919
93 920
94 921
94 922
94 923
94 924
94 925
95 926
95 927
95 928
95 929
95 930
96 931
96 932
96 933
96 934
96 935
97 936
97 937
97 938
97 939
97 940
98 941
98 942
98 943
98 944
98 945
99 946
99 947
99 948
99 949
99 950
100 951
100 952
100 953
100 954
100 955
101 956
101 957
101 958
101 959
101 960
102 961
102 962
102 963
102 964
102 965
103 966
103 967
103 968
103 969
103 970
104 971
104 972
104 973
104 974
104 975
105 976
105 977
105 978
105 979
105 980
106 981
106 982
106 983
106 984
106 985
107 986
107 987
107 988
107 989
107 990
108 991
108 992
108 993
108 994
108 995
109 996
109 997
109 998
109 999
109 1000
110 1001
110 1002
110 1003
110 1004
110 1005
111 1006
111 1007
111 1008
111 1009
111 1010
112 1011
112 1012
112 1013
112 1014
112 1015
113 1016
113 1017
113 1018
113 1019
113 1020
114 1021
114 1022
114 1023
114 1024
114 1025
115 1026
115 1027
115 1028
115 1029
115 1030
116 1031
116 1032
116 1033
116 1034
116 1035
117 1036
117 1037
117 1038
117 1039
117 1040
118 1041
118 1042
118 1043
118 1044
118 1045
119 1046
119 1047
119 1048
119 1049
119 1050
120 1051
120 1052
120 1053
120 1054
120 1055
121 1056
121 1057
121 1058
121 1059
121 1060
122 1061
122 1062
122 1063
122 1064
122 1065
123 1066
123 1067
123 1068
123 1069
123 1070
124 1071
124 1072
124 1073
124 1074
124 1075
125 1076
125 1077
125 1078
125 1079
125 1080
126 1081
126 1082
126 1083
126 1084
126 1085
127 1086
127 1087
127 1088
127 1089
127 1090
128 1091
128 1092
128 1093
128 1094
128 1095
129 1096
129 1097
129 1098
129 1099
129 1100
130 1101
130 1102
130 1103
130 1104
130 1105
131 1106
131 1107
131 1108
131 1109
131 1110
132 1111
132 1112
132 1113
132 1114
132 1115
133 1116
133 1117
133 1118
133 1119
133 1120
134 1121
134 1122
134 1123
134 1124
134 1125
135 1126
135 1127
135 1128
135 1129
135 1130
136 1131
136 1132
136 1133
136 1134
136 1135
137 1136
137 1137
137 1138
137 1139
137 1140
138 1141
138 1142
138 1143
138 1144
138 1145
139 1146
139 1147
139 1148
139 1149
139 1150
140 1151
140 1152
140 1153
140 1154
140 1155
141 1156
141 1157
141 1158
141 1159
141 1160
142 1161
142 1162
142 1163
142 1164
142 1165
143 1166
143 1167
143 1168
143 1169
143 1170
144 1171
144 1172
144 1173
144 1174
144 1175
145 1176
145 1177
145 1178
145 1179
145 1180
146 1181
146 1182
146 1183
146 1184
146 1185
147 1186
147 1187
147 1188
147 1189
147 1190
148 1191
148 1192
148 1193
148 1194
148 1195
149 1196
149 1197
149 1198
149 1199
149 1200
150 1201
150 1202
150 1203
150 1204
150 1205
151 1206
151 1207
151 1208
151 1209
151 1210
152 1211
152 1212
152 1213
152 1214
152 1215
153 1216
153 1217
153 1218
153 1219
153 1220
154 1221
154 1222
154 1223
154 1224
154 1225
155 1226
155 1227
155 1228
155 1229
155 1230
156 1231
156 1232
156 1233
156 1234
156 1235
157 1236
157 1237
157 1238
157 1239
157 1240
158 1241
158 1242
158 1243
158 1244
158 1245
159 1246
159 1247
159 1248
159 1249
159 1250
160 1251
160 1252
160 1253
160 1254
160 1255
161 1256
161 1257
161 1258
161 1259
161 1260
162 1261
162 1262
162 1263
162 1264
162 1265
163 1266
163 1267
163 1268
163 1269
163 1270
164 1271
164 1272
164 1273
164 1274
164 1275
165 1276
165 1277
165 1278
165 1279
165 1280
166 1281
166 1282
166 1283
166 1284
166 1285
167 1286
167 1287
167 1288
167 1289
167 1290
168 1291
168 1292
168 1293
168 1294
168 1295
169 1296
169 1297
169 1298
169 1299
169 1300
170 1301
170 1302
170 1303
170 1304
170 1305
171 1306
171 1307
171 1308
171 1309
171 1310
172 1311
172 1312
172 1313
172 1314
172 1315
173 1316
173 1317
173 1318
173 1319
173 1320
174 1321
174 1322
174 1323
174 1324
174 1325
175 1326
175 1327
175 1328
175 1329
175 1330
176 1331
176 1332
176 1333
176 1334
176 1335
177 1336
177 1337
177 1338
177 1339
177 1340
178 1341
178 1342
178 1343
178 1344
178 1345
179 1346
179 1347
179 1348
179 1349
179 1350
180 1351
180 1352
180 1353
180 1354
180 1355
181 1356
181 1357
181 1358
181 1359
181 1360
182 1361
182 1362
182 1363
182 1364
182 1365
183 1366
183 1367
183 1368
183 1369
183 1370
184 1371
184 1372
184 1373
184 1374
184 1375
185 1376
185 1377
185 1378
185 1379
185 1380
186 1381
186 1382
186 1383
186 1384
186 1385
187 1386
187 1387
187 1388
187 1389
187 1390
188 1391
188 1392
188 1393
188 1394
188 1395
189 1396
189 1397
189 1398
189 1399
189 1400
190 1401
190 1402
190 1403
190 1404
190 1405
191 1406
191 1407
191 1408
191 1409
191 1410
192 1411
192 1412
192 1413
192 1414
192 1415
193 1416
193 1417
193 1418
193 1419
193 1420
194 1421
194 1422
194 1423
194 1424
194 1425
195 1426
195 1427
195 1428
195 1429
195 1430
196 1431
196 1432
196 1433
196 1434
196 1435
197 1436
197 1437
197 1438
197 1439
197 1440
198 1441
198 1442
198 1443
198 1444
198 1445
199 1446
199 1447
199 1448
199 1449
199 1450
200 1451
200 1452
200 1453
200 1454
200 1455
201 1456
201 1457
201 1458
201 1459
201 1460
202 1461
202 1462
202 1463
202 1464
202 1465
203 1466
203 1467
203 1468
203 1469
203 1470
204 1471
204 1472
204 1473
204 1474
204 1475
205 1476
205 1477
205 1478
205 1479
205 1480
206 1481
206 1482
206 1483
206 1484
206 1485
207 1486
207 1487
207 1488
207 1489
207 1490
208 1491
208 1492
208 1493
208 1494
208 1495
209 1496
209 1497
209 1498
209 1499
209 1500
210 1501
210 1502
210 1503
210 1504
210 1505
211 1506
211 1507
211 1508
211 1509
211 1510
212 1511
212 1512
212 1513
212 1514
212 1515
213 1516
213 1517
213 1518
213 1519
213 1520
214 1521
214 1522
214 1523
214 1524
214 1525
215 1526
215 1527
215 1528
215 1529
215 1530
216 1531
216 1532
216 1533
216 1534
216 1535
217 1536
217 1537
217 1538
217 1539
217 1540
218 1541
218 1542
218 1543
218 1544
218 1545
219 1546
219 1547
219 1548
219 1549
219 1550
220 1551
220 1552
220 1553
220 1554
220 1555
221 1556
221 1557
221 1558
221 1559
221 1560
222 1561
222 1562
222 1563
222 1564
222 1565
223 1566
223 1567
223 1568
223 1569
223 1570
224 1571
224 1572
224 1573
224 1574
224 1575
225 1576
225 1577
225 1578
225 1579
225 1580
226 1581
226 1582
226 1583
226 1584
226 1585
227 1586
227 1587
227 1588
227 1589
227 1590
228 1591
228 1592
228 1593
228 1594
228 1595
229 1596
229 1597
229 1598
229 1599
229 1600
230 1601
230 1602
230 1603
230 1604
230 1605
231 1606
231 1607
231 1608
231 1609
231 1610
232 1611
232 1612
232 1613
232 1614
232 1615
233 1616
233 1617
233 1618
233 1619
233 1620
234 1621
234 1622
234 1623
234 1624
234 1625
235 1626
235 1627
235 1628
235 1629
235 1630
236 1631
236 1632
236 1633
236 1634
236 1635
237 1636
237 1637
237 1638
237 1639
237 1640
238 1641
238 1642
238 1643
238 1644
238 1645
239 1646
239 1647
239 1648
239 1649
239 1650
240 1651
240 1652
240 1653
240 1654
240 1655
241 1656
241 1657
241 1658
241 1659
241 1660
242 1661
242 1662
242 1663
242 1664
242 1665
243 1666
243 1667
243 1668
243 1669
243 1670
244 1671
244 1672
244 1673
244 1674
244 1675
245 1676
245 1677
245 1678
245 1679
245 1680
246 1681
246 1682
246 1683
246 1684
246 1685
247 1686
247 1687
247 1688
247 1689
247 1690
248 1691
248 1692
248 1693
248 1694
248 1695
249 1696
249 1697
249 1698
249 1699
249 1700
250 1701
250 1702
250 1703
250 1704
250 1705
251 1706
251 1707
251 1708
251 1709
251 1710
252 1711
252 1712
252 1713
252 1714
252 1715
253 1716
253 1717
253 1718
253 1719
253 1720
254 1721
254 1722
254 1723
254 1724
254 1725
255 1726
255 1727
255 1728
255 1729
255 1730
256 1731
256 1732
256 1733
256 1734
256 1735
257 1736
257 1737
257 1738
257 1739
257 1740
258 1741
258 1742
258 1743
258 1744
258 1745
259 1746
259 1747
259 1748
259 1749
259 1750
260 1751
260 1752
260 1753
260 1754
260 1755
261 1756
261 1757
261 1758
261 1759
261 1760
262 1761
262 1762
262 1763
262 1764
262 1765
263 1766
263 1767
263 1768
263 1769
263 1770
264 1771
264 1772
264 1773
264 1774
264 1775
265 1776
265 1777
265 1778
265 1779
265 1780
266 1781
266 1782
266 1783
266 1784
266 1785
267 1786
267 1787
267 1788
267 1789
267 1790
268 1791
268 1792
268 1793
268 1794
268 1795
269 1796
269 1797
269 1798
269 1799
269 1800
270 1801
270 1802
270 1803
270 1804
270 1805
271 1806
271 1807
271 1808
271 1809
271 1810
272 1811
272 1812
272 1813
272 1814
272 1815
273 1816
273 1817
273 1818
273 1819
273 1820
274 1821
274 1822
274 1823
274 1824
274 1825
275 1826
275 1827
275 1828
275 1829
275 1830
276 1831
276 1832
276 1833
276 1834
276 1835
277 1836
277 1837
277 1838
277 1839
277 1840
278 1841
278 1842
278 1843
278 1844
278 1845
279 1846
279 1847
279 1848
279 1849
279 1850
280 1851
280 1852
280 1853
280 1854
280 1855
281 1856
281 1857
281 1858
281 1859
281 1860
282 1861
282 1862
282 1863
282 1864
282 1865
283 1866
283 1867
283 1868
283 1869
283 1870
284 1871
284 1872
284 1873
284 1874
284 1875
285 1876
285 1877
285 1878
285 1879
285 1880
286 1881
286 1882
286 1883
286 1884
286 1885
287 1886
287 1887
287 1888
287 1889
287 1890
288 1891
288 1892
288 1893
288 1894
288 1895
289 1896
289 1897
289 1898
289 1899
289 1900
290 1901
290 1902
290 1903
290 1904
290 1905
291 1906
291 1907
291 1908
291 1909
291 1910
292 1911
292 1912
292 1913
292 1914
292 1915
293 1916
293 1917
293 1918
293 1919
293 1920
294 1921
294 1922
294 1923
294 1924
294 1925
295 1926
295 1927
295 1928
295 1929
295 1930
296 1931
296 1932
296 1933
296 1934
296 1935
297 1936
297 1937
297 1938
297 1939
297 1940
298 1941
298 1942
298 1943
298 1944
298 1945
299 1946
299 1947
299 1948
299 1949
299 1950
300 1951
300 1952
300 1953
300 1954
300 1955
301 1956
301 1957
301 1958
301 1959
301 1960
302 1961
302 1962
302 1963
302 1964
302 1965
303 1966
303 1967
303 1968
303 1969
303 1970
304 1971
304 1972
304 1973
304 1974
304 1975
305 1976
305 1977
305 1978
305 1979
305 1980
306 1981
306 1982
306 1983
306 1984
306 1985
307 1986
307 1987
307 1988
307 1989
307 1990
308 1991
308 1992
308 1993
308 1994
308 1995
309 1996
309 1997
309 1998
309 1999
309 2000
310 2001
310 2002
310 2003
310 2004
310 2005
311 2006
311 2007
311 2008
311 2009
311 2010
312 2011
312 2012
312 2013
312 2014
312 2015
313 2016
313 2017
313 2018
313 2019
313 2020
314 2021
314 2022
314 2023
314 2024
314 2025
315 2026
315 2027
315 2028
315 2029
315 2030
316 2031
316 2032
316 2033
316 2034
316 2035
317 2036
317 2037
317 2038
317 2039
317 2040
318 2041
318 2042
318 2043
318 2044
318 2045
319 2046
319 2047
319 2048
319 2049
319 2050
320 2051
320 2052
320 2053
320 2054
320 2055
321 2056
321 2057
321 2058
321 2059
321 2060
322 2061
322 2062
322 2063
322 2064
322 2065
323 2066
323 2067
323 2068
323 2069
323 2070
324 2071
324 2072
324 2073
324 2074
324 2075
325 2076
325 2077
325 2078
325 2079
325 2080
326 2081
326 2082
326 2083
326 2084
326 2085
327 2086
327 2087
327 2088
327 2089
327 2090
328 2091
328 2092
328 2093
328 2094
328 2095
329 2096
329 2097
329 2098
329 2099
329 2100
330 2101
330 2102
330 2103
330 2104
330 2105
331 2106
331 2107
331 2108
331 2109
331 2110
332 2111
332 2112
332 2113
332 2114
332 2115
333 2116
333 2117
333 2118
333 2119
333 2120
334 2121
334 2122
334 2123
334 2124
334 2125
335 2126
335 2127
335 2128
335 2129
335 2130
336 2131
336 2132
336 2133
336 2134
336 2135
337 2136
337 2137
337 2138
337 2139
337 2140
338 2141
338 2142
338 2143
338 2144
338 2145
339 2146
339 2147
339 2148
339 2149
339 2150
340 2151
340 2152
340 2153
340 2154
340 2155
341 2156
341 2157
341 2158
341 2159
341 2160
342 2161
342 2162
342 2163
342 2164
342 2165
343 2166
343 2167
343 2168
343 2169
343 2170
344 2171
344 2172
344 2173
344 2174
344 2175
345 2176
345 2177
345 2178
345 2179
345 2180
346 2181
346 2182
346 2183
346 2184
346 2185
347 2186
347 2187
347 2188
347 2189
347 2190
348 2191
348 2192
348 2193
348 2194
348 2195
349 2196
349 2197
349 2198
349 2199
349 2200
350 2201
350 2202
350 2203
350 2204
350 2205
351 2206
351 2207
351 2208
351 2209
351 2210
352 2211
352 2212
352 2213
352 2214
352 2215
353 2216
353 2217
353 2218
353 2219
353 2220
354 2221
354 2222
354 2223
354 2224
354 2225
355 2226
355 2227
355 2228
355 2229
355 2230
356 2231
356 2232
356 2233
356 2234
356 2235
357 2236
357 2237
357 2238
357 2239
357 2240
358 2241
358 2242
358 2243
358 2244
358 2245
359 2246
359 2247
359 2248
359 2249
359 2250
360 2251
360 2252
360 2253
360 2254
360 2255
361 2256
361 2257
361 2258
361 2259
361 2260
362 2261
362 2262
362 2263
362 2264
362 2265
363 2266
363 2267
363 2268
363 2269
363 2270
364 2271
364 2272
364 2273
364 2274
364 2275
365 2276
365 2277
365 2278
365 2279
365 2280
366 2281
366 2282
366 2283
366 2284
366 2285
367 2286
367 2287
367 2288
367 2289
367 2290
368 2291
368 2292
368 2293
368 2294
368 2295
369 2296
369 2297
369 2298
369 2299
369 2300
370 2301
370 2302
370 2303
370 2304
370 2305
371 2306
371 2307
371 2308
371 2309
371 2310
372 2311
372 2312
372 2313
372 2314
372 2315
373 2316
373 2317
373 2318
373 2319
373 2320
374 2321
374 2322
374 2323
374 2324
374 2325
375 2326
375 2327
375 2328
375 2329
375 2330
376 2331
376 2332
376 2333
376 2334
376 2335
377 2336
377 2337
377 2338
377 2339
377 2340
378 2341
378 2342
378 2343
378 2344
378 2345
379 2346
379 2347
379 2348
379 2349
379 2350
380 2351
380 2352
380 2353
380 2354
380 2355
381 2356
381 2357
381 2358
381 2359
381 2360
382 2361
382 2362
382 2363
382 2364
382 2365
383 2366
383 2367
383 2368
383 2369
383 2370
384 2371
384 2372
384 2373
384 2374
384 2375
385 2376
385 2377
385 2378
385 2379
385 2380
386 2381
386 2382
386 2383
386 2384
386 2385
387 2386
387 2387
387 2388
387 2389
387 2390
388 2391
388 2392
388 2393
388 2394
388 2395
389 2396
389 2397
389 2398
389 2399
389 2400
390 2401
390 2402
390 2403
390 2404
390 2405
391 2406
391 2407
391 2408
391 2409
391 2410
392 2411
392 2412
392 2413
392 2414
392 2415
393 2416
393 2417
393 2418
393 2419
393 2420
394 2421
394 2422
394 2423
394 2424
394 2425
395 2426
395 2427
395 2428
395 2429
395 2430
396 2431
396 2432
396 2433
396 2434
396 2435
397 2436
397 2437
397 2438
397 2439
397 2440
398 2441
398 2442
398 2443
398 2444
398 2445
399 2446
399 2447
399 2448
399 2449
399 2450
400 2451
400 2452
400 2453
400 2454
400 2455
401 2456
401 2457
401 2458
401 2459
401 2460
402 2461
402 2462
402 2463
402 2464
402 2465
403 2466
403 2467
403 2468
403 2469
403 2470
404 2471
404 2472
404 2473
404 2474
404 2475
405 2476
405 2477
405 2478
405 2479
405 2480
406 2481
406 2482
406 2483
406 2484
406 2485
407 2486
407 2487
407 2488
407 2489
407 2490
408 2491
408 2492
408 2493
408 2494
408 2495
409 2496
409 2497
409 2498
409 2499
409 2500
410 2501
410 2502
410 2503
410 2504
410 2505
411 2506
411 2507
411 2508
411 2509
411 2510
412 2511
412 2512
412 2513
412 2514
412 2515
413 2516
413 2517
413 2518
413 2519
413 2520
414 2521
414 2522
414 2523
414 2524
414 2525
415 2526
415 2527
415 2528
415 2529
415 2530
416 2531
416 2532
416 2533
416 2534
416 2535
417 2536
417 2537
417 2538
417 2539
417 2540
418 2541
418 2542
418 2543
418 2544
418 2545
419 2546
419 2547
419 2548
419 2549
419 2550
420 2551
420 2552
420 2553
420 2554
420 2555
421 2556
421 2557
421 2558
421 2559
421 2560
422 2561
422 2562
422 2563
422 2564
422 2565
423 2566
423 2567
423 2568
423 2569
423 2570
424 2571
424 2572
424 2573
424 2574
424 2575
425 2576
425 2577
425 2578
425 2579
425 2580
426 2581
426 2582
426 2583
426 2584
426 2585
427 2586
427 2587
427 2588
427 2589
427 2590
428 2591
428 2592
428 2593
428 2594
428 2595
429 2596
429 2597
429 2598
429 2599
429 2600
430 2601
430 2602
430 2603
430 2604
430 2605
431 2606
431 2607
431 2608
431 2609
431 2610
432 2611
432 2612
432 2613
432 2614
432 2615
433 2616
433 2617
433 2618
433 2619
433 2620
434 2621
434 2622
434 2623
434 2624
434 2625
435 2626
435 2627
435 2628
435 2629
435 2630
436 2631
436 2632
436 2633
436 2634
436 2635
437 2636
437 2637
437 2638
437 2639
437 2640
438 2641
438 2642
438 2643
438 2644
438 2645
439 2646
439 2647
439 2648
439 2649
439 2650
440 2651
440 2652
440 2653
440 2654
440 2655
441 2656
441 2657
441 2658
441 2659
441 2660
442 2661
442 2662
442 2663
442 2664
442 2665
443 2666
443 2667
443 2668
443 2669
443 2670
444 2671
444 2672
444 2673
444 2674
444 2675
445 2676
445 2677
445 2678
445 2679
445 2680
446 2681
446 2682
446 2683
446 2684
446 2685
447 2686
447 2687
447 2688
447 2689
447 2690
448 2691
448 2692
448 2693
448 2694
448 2695
449 2696
449 2697
449 2698
449 2699
449 2700
450 2701
450 2702
450 2703
450 2704
450 2705
