0 256
0 132
0 231
0 170
0 203
0 205
0 77
0 114
0 148
0 120
0 26
0 157
1 130
1 4
1 231
1 201
1 266
1 2
1 269
1 178
1 79
1 120
1 27
1 156
2 64
2 166
2 231
2 138
2 174
2 83
2 276
2 246
2 216
2 62
2 223
3 75
3 230
3 167
3 42
3 11
3 236
3 13
3 142
3 52
3 56
3 28
3 30
4 67
4 261
4 63
4 143
4 50
4 179
4 41
4 187
4 124
4 69
4 5
5 198
5 139
5 76
5 114
5 238
5 269
5 82
5 180
5 54
5 255
5 95
6 229
6 72
6 265
6 234
6 237
6 239
6 181
6 24
6 185
6 250
6 155
6 188
7 96
7 193
7 33
7 233
7 234
7 17
7 211
7 84
7 117
7 214
7 157
7 213
8 34
8 99
8 36
8 201
8 139
8 13
8 271
8 141
8 275
8 244
8 213
8 125
9 137
9 138
9 139
9 205
9 237
9 210
9 246
9 121
9 89
9 218
9 221
9 222
10 99
10 230
10 158
10 44
10 205
10 238
10 79
10 146
10 116
10 277
10 183
10 190
11 211
11 170
11 143
11 174
11 24
11 49
11 243
11 54
11 152
11 155
11 255
12 32
12 65
12 70
12 71
12 266
12 206
12 144
12 18
12 19
12 55
12 24
12 28
13 226
13 198
13 39
13 169
13 82
13 212
13 85
13 148
13 58
13 188
14 260
14 273
14 168
14 73
14 45
14 17
14 147
14 279
14 249
14 60
14 232
14 185
15 225
15 194
15 261
15 198
15 73
15 140
15 46
15 241
15 212
15 214
15 255
15 133
16 64
16 257
16 226
16 102
16 236
16 274
16 113
16 82
16 55
16 91
16 61
16 95
17 130
17 103
17 74
17 268
17 144
17 84
17 106
17 184
17 122
17 157
18 272
18 70
18 107
18 208
18 243
18 21
18 26
18 219
18 60
18 93
18 94
19 226
19 36
19 103
19 202
19 139
19 141
19 46
19 179
19 24
19 83
19 158
20 68
20 65
20 162
20 196
20 243
20 111
20 115
20 244
20 23
20 120
20 249
20 188
21 34
21 134
21 242
21 142
21 210
21 211
21 52
21 278
21 91
21 221
21 191
22 43
22 263
22 204
22 234
22 199
22 268
22 47
22 80
22 274
22 236
22 85
22 278
23 33
23 194
23 131
23 71
23 136
23 272
23 244
23 184
23 217
23 90
23 223
24 198
24 41
24 76
24 45
24 84
24 247
24 121
24 157
25 160
25 227
25 133
25 106
25 172
25 141
25 145
25 178
25 214
25 255
25 157
25 165
26 224
26 101
26 201
26 75
26 173
26 47
26 77
26 247
26 186
26 123
27 96
27 34
27 163
27 200
27 140
27 162
27 221
27 109
27 254
27 125
27 126
28 258
28 233
28 130
28 178
28 41
28 214
28 215
28 251
28 252
28 94
29 257
29 135
29 233
29 231
29 176
29 209
29 147
29 89
29 122
29 252
29 61
29 158
30 162
30 66
30 265
30 75
30 237
30 111
30 120
30 67
30 184
30 252
30 62
31 64
31 161
31 259
31 40
31 137
31 140
31 72
31 212
31 105
31 104
31 136
31 219
32 192
32 98
32 168
32 138
32 206
32 145
32 211
32 142
32 119
32 104
32 189
33 193
33 194
33 137
33 55
33 175
33 212
33 181
33 87
33 143
33 220
34 64
34 193
34 37
34 136
34 171
34 178
34 279
34 250
34 154
35 135
35 140
35 174
35 208
35 49
35 51
35 180
35 245
35 278
35 249
35 58
35 59
36 192
36 98
36 227
36 261
36 102
36 262
36 87
36 121
36 159
36 191
37 128
37 160
37 99
37 196
37 235
37 172
37 79
37 83
37 126
37 247
37 215
38 132
38 197
38 39
38 139
38 108
38 157
38 208
38 49
38 252
38 273
38 126
38 101
39 224
39 196
39 73
39 236
39 145
39 243
39 184
39 153
39 154
39 58
40 244
40 230
40 263
40 104
40 137
40 144
40 113
40 212
40 57
40 154
40 63
41 98
41 131
41 133
41 70
41 109
41 255
41 127
41 222
41 191
42 258
42 232
42 201
42 170
42 77
42 45
42 244
42 154
42 219
42 156
42 254
43 129
43 194
43 133
43 198
43 104
43 139
43 79
43 178
43 215
43 57
43 155
44 68
44 230
44 105
44 46
44 210
44 180
44 278
44 201
44 153
44 219
44 221
45 129
45 83
45 69
45 262
45 204
45 145
45 115
45 183
45 133
46 227
46 261
46 271
46 113
46 116
46 118
46 152
46 220
46 101
47 192
47 162
47 67
47 196
47 102
47 75
47 111
47 151
47 216
47 190
48 128
48 161
48 264
48 137
48 76
48 192
48 253
48 274
48 52
48 88
48 251
48 125
49 96
49 228
49 278
49 136
49 265
49 75
49 182
49 125
49 159
50 192
50 65
50 198
50 72
50 206
50 148
50 110
50 88
50 187
50 222
50 191
51 96
51 97
51 166
51 104
51 144
51 141
51 80
51 99
51 179
51 218
51 125
52 224
52 164
52 71
52 177
52 55
52 248
52 153
52 188
52 222
53 240
53 264
53 236
53 76
53 238
53 272
53 241
53 84
53 85
53 104
53 219
53 93
54 145
54 169
54 273
54 240
54 209
54 146
54 243
54 84
54 246
54 116
55 229
55 269
55 142
55 239
55 113
55 146
55 150
55 121
56 226
56 76
56 176
56 280
56 114
56 211
56 116
56 85
56 150
56 248
56 191
57 256
57 161
57 102
57 128
57 77
57 176
57 273
57 118
57 92
57 158
58 100
58 229
58 105
58 270
58 80
58 274
58 180
58 182
58 59
59 193
59 258
59 106
59 75
59 174
59 267
59 123
59 124
59 126
59 127
60 262
60 167
60 140
60 80
60 212
60 184
60 185
60 122
60 63
60 255
61 257
61 166
61 232
61 170
61 144
61 273
61 148
61 86
61 250
61 186
62 64
62 192
62 67
62 206
62 271
62 240
62 146
62 279
62 90
62 222
63 224
63 65
63 103
63 72
63 82
63 276
63 151
63 187
63 190
64 165
64 269
64 214
64 217
64 152
64 153
64 124
65 68
65 103
65 266
65 210
65 88
65 185
65 202
65 126
66 225
66 194
66 259
66 169
66 203
66 111
66 240
66 180
66 277
66 125
66 191
67 236
67 81
67 245
67 86
67 164
67 250
67 127
67 95
68 97
68 226
68 198
68 209
68 207
68 272
68 81
68 149
68 122
69 161
69 229
69 257
69 124
69 269
69 116
69 216
69 180
69 228
69 220
70 256
70 208
70 75
70 175
70 112
70 113
70 275
70 119
70 239
71 98
71 91
71 107
71 239
71 210
71 246
71 249
71 207
71 252
72 166
72 242
72 206
72 173
72 177
72 126
72 205
72 134
73 224
73 161
73 109
73 144
73 78
73 279
73 280
73 218
73 158
74 130
74 231
74 237
74 176
74 114
74 147
74 180
74 151
74 218
74 189
74 158
75 224
75 266
75 139
75 206
75 254
76 100
76 208
76 111
76 80
76 117
76 182
76 216
77 145
77 94
77 270
77 177
77 115
77 117
77 183
77 126
78 131
78 133
78 199
78 232
78 202
78 172
78 143
78 179
78 216
78 158
78 229
79 235
79 228
79 168
79 145
79 275
79 248
79 104
79 221
80 193
80 147
80 275
80 106
80 183
80 91
80 92
81 129
81 168
81 137
81 269
81 177
81 178
81 91
81 156
81 93
81 190
82 225
82 162
82 196
82 171
82 183
82 217
82 187
82 94
83 103
83 266
83 271
83 116
83 234
83 122
83 170
83 101
84 229
84 211
84 148
84 181
84 215
84 126
84 95
85 193
85 259
85 228
85 268
85 109
85 100
85 191
85 223
86 96
86 160
86 243
86 177
86 199
86 209
86 163
86 279
86 250
86 255
87 226
87 163
87 263
87 203
87 174
87 241
87 211
87 279
87 188
87 254
88 262
88 203
88 242
88 125
88 275
88 215
88 89
88 175
88 189
89 192
89 131
89 273
89 209
89 146
89 195
89 186
89 248
89 218
90 187
90 100
90 201
90 114
90 276
90 252
90 155
90 188
90 253
90 222
91 160
91 99
91 145
91 203
91 141
91 277
91 156
92 225
92 164
92 100
92 232
92 170
92 270
92 180
92 151
92 249
92 94
93 99
93 169
93 139
93 204
93 111
93 277
93 247
93 217
93 190
94 137
94 140
94 173
94 271
94 211
94 279
94 222
95 97
95 264
95 233
95 140
95 209
95 227
95 118
95 159
96 227
96 228
96 233
96 140
96 109
96 118
96 154
97 161
97 134
97 198
97 167
97 168
97 266
97 174
97 155
97 254
98 263
98 105
98 172
98 176
98 280
98 245
98 184
98 220
99 162
99 259
99 260
99 175
99 216
99 156
100 130
100 101
100 270
100 175
100 241
100 247
100 219
101 102
101 105
101 114
101 148
101 149
101 248
101 187
102 129
102 132
102 135
102 117
102 182
102 248
102 188
103 128
103 147
103 140
103 274
103 182
103 219
103 221
104 129
104 235
104 173
104 187
104 159
105 192
105 226
105 262
105 200
105 108
105 268
105 150
106 264
106 171
106 223
106 239
106 144
106 248
106 254
106 127
107 163
107 133
107 137
107 236
107 175
107 275
107 212
107 111
107 125
107 254
108 230
108 166
108 113
108 135
108 204
108 206
108 241
108 147
108 277
108 121
109 257
109 200
109 202
109 175
109 239
109 176
109 122
110 162
110 228
110 140
110 207
110 116
110 213
110 150
110 154
110 251
110 157
110 117
111 233
111 269
111 116
111 119
111 215
112 256
112 181
112 198
112 183
112 238
112 147
112 245
112 278
112 119
112 122
112 166
113 133
113 141
113 239
113 200
113 121
113 253
114 261
114 235
114 238
114 271
114 120
114 252
115 230
115 134
115 200
115 173
115 264
115 242
115 182
115 123
115 191
116 228
116 133
116 237
116 138
117 256
117 131
117 132
117 135
117 204
117 180
117 151
118 165
118 135
118 138
118 235
118 172
118 245
118 119
118 217
119 195
119 197
119 200
119 275
119 249
119 252
119 191
120 264
120 147
120 153
120 152
120 244
120 156
120 223
121 256
121 161
121 197
121 200
121 141
121 264
122 128
122 228
122 134
122 238
122 223
123 236
123 142
123 143
123 177
123 242
123 180
123 149
123 214
123 244
124 176
124 131
124 262
124 233
124 171
124 240
124 210
124 148
125 273
125 276
125 246
125 279
126 256
126 260
126 179
126 149
127 192
127 226
127 228
127 235
127 268
127 242
127 196
127 189
128 133
128 129
128 165
128 235
128 205
128 223
128 253
129 258
129 202
129 235
129 237
129 157
129 255
130 241
130 267
130 172
130 272
130 257
130 138
130 231
131 260
131 229
131 263
131 268
131 243
131 280
132 225
132 195
132 168
132 169
132 142
132 277
132 185
132 245
133 199
133 177
134 224
134 258
134 197
134 269
134 241
134 276
134 248
135 204
135 173
135 195
135 250
135 186
135 155
136 246
136 166
136 183
136 207
136 242
136 275
136 214
136 216
137 260
137 262
137 141
137 169
138 196
138 200
138 171
138 274
138 216
138 221
139 194
139 260
139 270
139 239
140 238
140 208
141 165
141 177
141 210
141 201
142 233
142 159
142 245
142 217
142 154
142 155
143 231
143 200
143 265
143 238
143 177
143 190
143 159
144 215
144 205
144 207
144 169
144 250
145 265
145 202
145 208
145 156
146 258
146 183
146 236
146 207
146 272
146 241
146 178
147 197
147 236
147 171
147 272
148 188
148 237
148 239
148 246
148 175
149 193
149 195
149 260
149 263
149 237
149 275
149 253
149 158
150 193
150 162
150 278
150 199
150 152
150 182
150 218
150 189
151 160
151 225
151 262
151 263
151 203
151 206
151 255
152 171
152 261
152 176
152 245
152 247
152 217
152 222
153 168
153 266
153 203
153 274
153 247
153 252
153 158
154 160
154 237
154 207
154 170
154 253
155 165
155 262
155 168
155 272
155 181
156 224
156 169
156 203
156 174
156 185
157 165
157 232
157 267
157 174
158 265
158 249
158 159
159 227
159 204
159 208
159 164
159 220
160 226
160 170
160 271
160 179
160 246
160 187
161 201
161 171
161 268
161 208
161 276
162 263
162 204
162 244
162 222
163 225
163 267
163 230
163 233
163 236
163 274
163 278
163 190
164 167
164 265
164 170
164 268
164 205
164 173
164 186
164 253
165 260
165 229
165 203
165 270
165 240
166 259
166 241
166 273
166 178
166 213
167 261
167 235
167 172
167 178
167 277
167 246
167 216
167 252
168 257
168 272
168 180
168 251
169 227
169 189
169 260
169 190
170 220
170 172
170 191
171 229
171 174
171 273
171 212
172 269
172 275
172 276
172 218
173 234
173 204
173 221
173 214
173 218
174 243
174 217
174 251
175 200
175 275
175 179
175 247
176 225
176 268
176 270
176 280
177 180
177 181
177 222
178 247
178 217
178 190
179 192
179 269
179 242
179 183
179 186
181 196
181 264
181 267
181 237
181 244
181 249
182 195
182 229
182 209
182 232
182 204
183 241
183 248
183 251
184 257
184 239
184 277
184 216
184 217
184 251
185 194
185 263
185 233
185 203
185 213
185 225
186 193
186 230
186 234
186 199
186 212
186 222
187 257
187 271
187 275
187 189
188 230
188 231
188 207
188 197
189 199
189 265
189 266
189 248
189 274
190 205
190 238
190 195
191 231
191 268
192 280
192 251
193 266
193 270
193 242
194 259
194 211
194 227
194 213
194 280
195 224
195 256
195 197
195 262
195 244
196 228
196 263
196 274
196 237
197 261
197 198
197 240
197 218
197 252
198 270
198 278
199 226
199 200
199 265
199 269
199 206
200 234
201 272
201 278
201 279
201 254
202 225
202 232
202 257
202 210
202 215
202 248
203 249
203 255
204 256
204 240
205 267
205 238
205 207
205 213
206 276
206 250
206 233
207 258
207 217
207 260
208 259
208 228
208 209
209 229
209 269
209 270
209 274
210 259
210 277
210 222
210 223
211 262
211 267
211 221
212 220
212 273
212 244
213 272
213 270
213 240
213 250
213 253
214 219
214 267
214 259
214 249
215 272
215 258
215 260
215 232
216 266
216 249
217 277
218 236
218 234
218 255
219 232
219 239
219 276
219 251
220 261
220 230
220 264
220 254
220 229
221 256
221 263
221 235
223 247
223 258
223 252
223 254
224 257
224 258
224 278
225 244
225 234
226 261
226 246
227 266
227 235
227 241
227 254
228 271
230 271
230 245
231 259
231 264
231 239
232 242
232 277
233 280
234 267
234 271
234 253
235 245
237 253
238 240
238 276
240 256
240 280
241 255
242 270
242 276
243 268
243 247
243 254
243 261
245 258
245 280
246 260
246 267
247 266
248 258
249 267
250 259
250 278
250 280
251 273
251 276
251 279
253 265
253 267
256 280
257 264
259 265
261 274
262 263
264 271
265 279
268 279
273 277
0 281
0 282
0 283
1 284
1 285
1 286
2 287
2 288
2 289
3 290
3 291
3 292
4 293
4 294
4 295
5 296
5 297
5 298
6 299
6 300
6 301
7 302
7 303
7 304
8 305
8 306
8 307
9 308
9 309
9 310
10 311
10 312
10 313
11 314
11 315
11 316
12 317
12 318
12 319
13 320
13 321
13 322
14 323
14 324
14 325
15 326
15 327
15 328
16 329
16 330
16 331
17 332
17 333
17 334
18 335
18 336
18 337
19 338
19 339
19 340
20 341
20 342
20 343
21 344
21 345
21 346
22 347
22 348
22 349
23 350
23 351
23 352
24 353
24 354
24 355
25 356
25 357
25 358
26 359
26 360
26 361
27 362
27 363
27 364
28 365
28 366
28 367
29 368
29 369
29 370
30 371
30 372
30 373
31 374
31 375
31 376
32 377
32 378
32 379
33 380
33 381
33 382
34 383
34 384
34 385
35 386
35 387
35 388
36 389
36 390
36 391
37 392
37 393
37 394
38 395
38 396
38 397
39 398
39 399
39 400
40 401
40 402
40 403
41 404
41 405
41 406
42 407
42 408
42 409
43 410
43 411
43 412
44 413
44 414
44 415
45 416
45 417
45 418
46 419
46 420
46 421
47 422
47 423
47 424
48 425
48 426
48 427
49 428
49 429
49 430
50 431
50 432
50 433
51 434
51 435
51 436
52 437
52 438
52 439
53 440
53 441
53 442
54 443
54 444
54 445
55 446
55 447
55 448
56 449
56 450
56 451
57 452
57 453
57 454
58 455
58 456
58 457
59 458
59 459
59 460
60 461
60 462
60 463
61 464
61 465
61 466
62 467
62 468
62 469
63 470
63 471
63 472
64 473
64 474
64 475
65 476
65 477
65 478
66 479
66 480
66 481
67 482
67 483
67 484
68 485
68 486
68 487
69 488
69 489
69 490
70 491
70 492
70 493
71 494
71 495
71 496
72 497
72 498
72 499
73 500
73 501
73 502
74 503
74 504
74 505
75 506
75 507
75 508
76 509
76 510
76 511
77 512
77 513
77 514
78 515
78 516
78 517
79 518
79 519
79 520
80 521
80 522
80 523
81 524
81 525
81 526
82 527
82 528
82 529
83 530
83 531
83 532
84 533
84 534
84 535
85 536
85 537
85 538
86 539
86 540
86 541
87 542
87 543
87 544
88 545
88 546
88 547
89 548
89 549
89 550
90 551
90 552
90 553
91 554
91 555
91 556
92 557
92 558
92 559
93 560
93 561
93 562
94 563
94 564
94 565
95 566
95 567
95 568
96 569
96 570
96 571
97 572
97 573
97 574
98 575
98 576
98 577
99 578
99 579
99 580
100 581
100 582
100 583
101 584
101 585
101 586
102 587
102 588
102 589
103 590
103 591
103 592
104 593
104 594
104 595
105 596
105 597
105 598
106 599
106 600
106 601
107 602
107 603
107 604
108 605
108 606
108 607
109 608
109 609
109 610
110 611
110 612
110 613
111 614
111 615
111 616
112 617
112 618
112 619
113 620
113 621
113 622
114 623
114 624
114 625
115 626
115 627
115 628
116 629
116 630
116 631
117 632
117 633
117 634
118 635
118 636
118 637
119 638
119 639
119 640
120 641
120 642
120 643
121 644
121 645
121 646
122 647
122 648
122 649
123 650
123 651
123 652
124 653
124 654
124 655
125 656
125 657
125 658
126 659
126 660
126 661
127 662
127 663
127 664
128 665
128 666
128 667
129 668
129 669
129 670
130 671
130 672
130 673
131 674
131 675
131 676
132 677
132 678
132 679
133 680
133 681
133 682
134 683
134 684
134 685
135 686
135 687
135 688
136 689
136 690
136 691
137 692
137 693
137 694
138 695
138 696
138 697
139 698
139 699
139 700
140 701
140 702
140 703
141 704
141 705
141 706
142 707
142 708
142 709
143 710
143 711
143 712
144 713
144 714
144 715
145 716
145 717
145 718
146 719
146 720
146 721
147 722
147 723
147 724
148 725
148 726
148 727
149 728
149 729
149 730
150 731
150 732
150 733
151 734
151 735
151 736
152 737
152 738
152 739
153 740
153 741
153 742
154 743
154 744
154 745
155 746
155 747
155 748
156 749
156 750
156 751
157 752
157 753
157 754
158 755
158 756
158 757
159 758
159 759
159 760
160 761
160 762
160 763
161 764
161 765
161 766
162 767
162 768
162 769
163 770
163 771
163 772
164 773
164 774
164 775
165 776
165 777
165 778
166 779
166 780
166 781
167 782
167 783
167 784
168 785
168 786
168 787
169 788
169 789
169 790
170 791
170 792
170 793
171 794
171 795
171 796
172 797
172 798
172 799
173 800
173 801
173 802
174 803
174 804
174 805
175 806
175 807
175 808
176 809
176 810
176 811
177 812
177 813
177 814
178 815
178 816
178 817
179 818
179 819
179 820
180 821
180 822
180 823
181 824
181 825
181 826
182 827
182 828
182 829
183 830
183 831
183 832
184 833
184 834
184 835
185 836
185 837
185 838
186 839
186 840
186 841
187 842
187 843
187 844
188 845
188 846
188 847
189 848
189 849
189 850
190 851
190 852
190 853
191 854
191 855
191 856
192 857
192 858
192 859
193 860
193 861
193 862
194 863
194 864
194 865
195 866
195 867
195 868
196 869
196 870
196 871
197 872
197 873
197 874
198 875
198 876
198 877
199 878
199 879
199 880
200 881
200 882
200 883
201 884
201 885
201 886
202 887
202 888
202 889
203 890
203 891
203 892
204 893
204 894
204 895
205 896
205 897
205 898
206 899
206 900
206 901
207 902
207 903
207 904
208 905
208 906
208 907
209 908
209 909
209 910
210 911
210 912
210 913
211 914
211 915
211 916
212 917
212 918
212 919
213 920
213 921
213 922
214 923
214 924
214 925
215 926
215 927
215 928
216 929
216 930
216 931
217 932
217 933
217 934
218 935
218 936
218 937
219 938
219 939
219 940
220 941
220 942
220 943
221 944
221 945
221 946
222 947
222 948
222 949
223 950
223 951
223 952
224 953
224 954
224 955
225 956
225 957
225 958
226 959
226 960
226 961
227 962
227 963
227 964
228 965
228 966
228 967
229 968
229 969
229 970
230 971
230 972
230 973
231 974
231 975
231 976
232 977
232 978
232 979
233 980
233 981
233 982
234 983
234 984
234 985
235 986
235 987
235 988
236 989
236 990
236 991
237 992
237 993
237 994
238 995
238 996
238 997
239 998
239 999
239 1000
240 1001
240 1002
240 1003
241 1004
241 1005
241 1006
242 1007
242 1008
242 1009
243 1010
243 1011
243 1012
244 1013
244 1014
244 1015
245 1016
245 1017
245 1018
246 1019
246 1020
246 1021
247 1022
247 1023
247 1024
248 1025
248 1026
248 1027
249 1028
249 1029
249 1030
250 1031
250 1032
250 1033
251 1034
251 1035
251 1036
252 1037
252 1038
252 1039
253 1040
253 1041
253 1042
254 1043
254 1044
254 1045
255 1046
255 1047
255 1048
256 1049
256 1050
256 1051
257 1052
257 1053
257 1054
258 1055
258 1056
258 1057
259 1058
259 1059
259 1060
260 1061
260 1062
260 1063
261 1064
261 1065
261 1066
262 1067
262 1068
262 1069
263 1070
263 1071
263 1072
264 1073
264 1074
264 1075
265 1076
265 1077
265 1078
266 1079
266 1080
266 1081
267 1082
267 1083
267 1084
268 1085
268 1086
268 1087
269 1088
269 1089
269 1090
270 1091
270 1092
270 1093
271 1094
271 1095
271 1096
272 1097
272 1098
272 1099
273 1100
273 1101
273 1102
274 1103
274 1104
274 1105
275 1106
275 1107
275 1108
276 1109
276 1110
276 1111
277 1112
277 1113
277 1114
278 1115
278 1116
278 1117
279 1118
279 1119
279 1120
280 1121
280 1122
280 1123
