0 289
0 39
0 94
0 23
1 288
1 195
1 253
1 310
2 250
2 3
2 316
2 78
3 259
3 163
3 206
4 153
4 387
4 300
4 159
5 208
5 288
5 386
5 395
6 360
6 258
6 170
6 382
7 121
7 339
7 284
7 205
8 393
8 125
8 174
8 41
9 96
9 72
9 123
9 86
10 320
10 169
10 12
10 270
11 145
11 50
11 188
11 220
12 245
12 294
12 311
13 49
13 374
13 73
13 327
14 64
14 79
14 367
14 31
15 99
15 200
15 403
15 160
16 252
16 271
16 116
16 247
17 184
17 149
17 46
17 223
18 120
18 306
18 371
18 194
19 352
19 120
19 231
19 159
20 73
20 155
20 165
20 129
21 136
21 172
21 229
21 333
22 104
22 388
22 134
22 215
23 40
23 280
23 308
24 202
24 272
24 290
24 42
25 376
25 34
25 28
25 375
26 27
26 335
26 397
26 325
27 168
27 292
27 95
28 137
28 359
28 333
29 210
29 45
29 246
29 79
30 232
30 75
30 261
30 31
31 41
31 195
32 58
32 211
32 362
32 119
33 208
33 353
33 147
33 219
34 106
34 35
34 132
35 357
35 278
35 103
36 168
36 98
36 59
36 277
37 192
37 242
37 307
37 180
38 146
38 371
38 230
38 190
39 48
39 43
39 244
40 233
40 203
40 284
41 130
41 111
42 401
42 68
42 85
43 180
43 244
43 125
44 88
44 244
44 364
44 126
45 146
45 325
45 383
46 136
46 185
46 215
47 192
47 55
47 389
47 127
48 224
48 99
48 351
49 297
49 77
49 185
50 145
50 130
50 129
51 305
51 339
51 381
51 203
52 156
52 132
52 294
52 334
53 400
53 118
53 277
53 390
54 65
54 302
54 61
54 62
55 400
55 57
55 245
56 200
56 60
56 149
56 191
57 161
57 85
57 327
58 226
58 90
58 210
59 321
59 158
59 167
60 191
60 269
60 397
61 312
61 267
61 143
62 240
62 376
62 296
63 146
63 307
63 284
63 69
64 316
64 188
64 110
65 358
65 68
65 77
66 184
66 209
66 378
66 312
67 72
67 147
67 253
67 358
68 77
68 393
69 297
69 91
69 341
70 225
70 188
70 109
70 295
71 201
71 387
71 237
71 270
72 356
72 302
73 202
73 133
74 320
74 321
74 142
74 360
75 281
75 251
75 358
76 107
76 170
76 243
76 317
77 112
78 248
78 321
78 386
79 368
79 319
80 81
80 323
80 275
80 397
81 88
81 400
81 115
82 128
82 121
82 298
82 213
83 330
83 100
83 309
83 183
84 386
84 139
84 372
84 151
85 114
85 145
86 236
86 197
86 101
87 320
87 195
87 276
87 111
88 298
88 319
89 272
89 228
89 301
89 134
90 169
90 211
90 206
91 210
91 220
91 126
92 257
92 356
92 286
92 94
93 176
93 217
93 403
93 348
94 131
94 398
95 282
95 326
95 207
96 235
96 196
96 287
97 248
97 193
97 354
97 225
98 380
98 277
98 341
99 374
99 303
100 361
100 149
100 351
101 370
101 198
101 367
102 279
102 339
102 143
102 335
103 345
103 218
103 330
104 337
104 403
104 118
105 227
105 276
105 205
105 183
106 145
106 115
106 140
107 315
107 156
107 182
108 129
108 187
108 204
108 199
109 344
109 304
109 353
110 352
110 148
110 311
111 232
111 112
112 370
112 282
113 296
113 233
113 392
113 341
114 344
114 378
114 355
115 179
115 132
116 241
116 262
116 329
117 338
117 196
117 221
117 175
118 344
118 260
119 289
119 394
119 305
120 399
120 391
121 275
121 332
122 324
122 196
122 197
122 166
123 259
123 331
123 326
124 137
124 191
124 291
124 377
125 184
125 215
126 347
126 174
127 159
127 140
127 310
128 400
128 395
128 221
129 294
130 390
130 295
131 291
131 238
131 231
132 192
133 263
133 372
133 177
134 212
134 287
135 136
135 273
135 178
135 331
136 157
137 234
137 286
138 265
138 205
138 329
138 177
139 346
139 293
139 327
140 266
140 292
141 328
141 325
141 214
141 151
142 384
142 306
142 227
143 350
143 285
144 336
144 271
144 373
144 191
146 350
147 216
147 315
148 241
148 402
148 235
149 340
150 322
150 307
150 253
150 375
151 328
151 217
152 339
152 188
152 221
152 383
153 176
153 376
153 353
154 368
154 385
154 381
154 317
155 225
155 321
155 239
156 224
156 269
157 217
157 342
157 305
158 216
158 349
158 223
159 365
160 384
160 264
160 164
161 163
161 300
161 343
162 396
162 203
162 180
162 219
163 250
163 204
164 296
164 213
164 313
165 209
165 364
165 287
166 240
166 268
166 298
167 323
167 387
167 367
168 348
168 279
169 193
169 372
170 256
170 234
171 217
171 309
171 185
171 175
172 242
172 364
172 263
173 226
173 347
173 251
173 239
174 214
174 303
175 336
175 398
176 194
176 275
177 361
177 282
178 369
178 402
178 404
179 249
179 332
179 350
180 205
181 368
181 204
181 189
181 333
182 275
182 332
182 399
183 300
183 271
184 263
185 278
186 323
186 235
186 190
186 215
187 274
187 306
187 346
189 354
189 258
189 381
190 291
190 363
192 315
193 355
193 245
194 377
194 274
195 362
196 287
197 334
197 303
198 209
198 274
198 366
199 352
199 371
199 333
200 336
200 329
201 281
201 257
201 238
202 262
202 343
203 307
204 267
206 260
206 254
207 362
207 220
207 302
208 251
208 263
209 234
210 235
211 371
211 373
212 385
212 398
212 334
213 347
213 252
214 256
214 345
216 314
216 292
218 383
218 283
218 397
219 372
219 365
220 326
221 227
222 290
222 395
222 260
222 334
223 227
223 262
224 396
224 245
225 380
226 250
226 357
228 375
228 331
228 383
229 337
229 282
229 394
230 401
230 271
230 255
231 357
231 390
232 376
232 314
233 313
233 337
234 312
236 273
236 377
236 361
237 249
237 402
237 252
238 301
238 277
239 360
239 328
240 378
240 374
241 304
241 398
242 388
242 395
243 288
243 389
243 318
244 329
246 343
246 404
246 301
247 354
247 379
247 343
248 344
248 310
249 283
249 266
250 267
251 382
252 384
253 385
254 304
254 370
254 379
255 389
255 309
255 349
256 353
256 266
257 330
257 363
258 328
258 323
259 330
259 367
260 375
261 319
261 294
261 311
262 299
264 297
264 322
264 373
265 379
265 269
265 286
266 370
267 273
268 316
268 341
268 358
269 327
270 401
270 389
272 332
272 350
273 289
274 278
276 345
276 363
278 311
279 299
279 388
280 322
280 351
280 362
281 368
281 335
283 396
283 338
284 342
285 352
285 356
285 308
286 349
288 359
289 314
290 340
290 342
291 309
292 394
293 404
293 306
293 348
295 402
295 366
296 354
297 366
298 359
299 384
299 324
300 318
301 391
302 318
303 340
304 401
305 403
308 369
308 365
310 388
312 392
313 346
313 379
314 331
315 324
316 355
317 393
317 380
318 324
319 345
320 385
322 369
325 391
326 357
335 380
336 337
338 393
338 356
340 360
342 386
346 382
347 396
348 392
349 377
351 366
355 361
359 373
363 387
364 399
365 381
369 374
378 394
382 391
390 399
392 404
0 405
0 406
0 407
0 408
0 409
0 410
0 411
0 412
0 413
0 414
0 415
0 416
0 417
0 418
1 419
1 420
1 421
1 422
1 423
1 424
1 425
1 426
1 427
1 428
1 429
1 430
1 431
1 432
2 433
2 434
2 435
2 436
2 437
2 438
2 439
2 440
2 441
2 442
2 443
2 444
2 445
2 446
3 447
3 448
3 449
3 450
3 451
3 452
3 453
3 454
3 455
3 456
3 457
3 458
3 459
3 460
4 461
4 462
4 463
4 464
4 465
4 466
4 467
4 468
4 469
4 470
4 471
4 472
4 473
4 474
5 475
5 476
5 477
5 478
5 479
5 480
5 481
5 482
5 483
5 484
5 485
5 486
5 487
5 488
6 489
6 490
6 491
6 492
6 493
6 494
6 495
6 496
6 497
6 498
6 499
6 500
6 501
6 502
7 503
7 504
7 505
7 506
7 507
7 508
7 509
7 510
7 511
7 512
7 513
7 514
7 515
7 516
8 517
8 518
8 519
8 520
8 521
8 522
8 523
8 524
8 525
8 526
8 527
8 528
8 529
8 530
9 531
9 532
9 533
9 534
9 535
9 536
9 537
9 538
9 539
9 540
9 541
9 542
9 543
9 544
10 545
10 546
10 547
10 548
10 549
10 550
10 551
10 552
10 553
10 554
10 555
10 556
10 557
10 558
11 559
11 560
11 561
11 562
11 563
11 564
11 565
11 566
11 567
11 568
11 569
11 570
11 571
11 572
12 573
12 574
12 575
12 576
12 577
12 578
12 579
12 580
12 581
12 582
12 583
12 584
12 585
12 586
13 587
13 588
13 589
13 590
13 591
13 592
13 593
13 594
13 595
13 596
13 597
13 598
13 599
13 600
14 601
14 602
14 603
14 604
14 605
14 606
14 607
14 608
14 609
14 610
14 611
14 612
14 613
14 614
15 615
15 616
15 617
15 618
15 619
15 620
15 621
15 622
15 623
15 624
15 625
15 626
15 627
15 628
16 629
16 630
16 631
16 632
16 633
16 634
16 635
16 636
16 637
16 638
16 639
16 640
16 641
16 642
17 643
17 644
17 645
17 646
17 647
17 648
17 649
17 650
17 651
17 652
17 653
17 654
17 655
17 656
18 657
18 658
18 659
18 660
18 661
18 662
18 663
18 664
18 665
18 666
18 667
18 668
18 669
18 670
19 671
19 672
19 673
19 674
19 675
19 676
19 677
19 678
19 679
19 680
19 681
19 682
19 683
19 684
20 685
20 686
20 687
20 688
20 689
20 690
20 691
20 692
20 693
20 694
20 695
20 696
20 697
20 698
21 699
21 700
21 701
21 702
21 703
21 704
21 705
21 706
21 707
21 708
21 709
21 710
21 711
21 712
22 713
22 714
22 715
22 716
22 717
22 718
22 719
22 720
22 721
22 722
22 723
22 724
22 725
22 726
23 727
23 728
23 729
23 730
23 731
23 732
23 733
23 734
23 735
23 736
23 737
23 738
23 739
23 740
24 741
24 742
24 743
24 744
24 745
24 746
24 747
24 748
24 749
24 750
24 751
24 752
24 753
24 754
25 755
25 756
25 757
25 758
25 759
25 760
25 761
25 762
25 763
25 764
25 765
25 766
25 767
25 768
26 769
26 770
26 771
26 772
26 773
26 774
26 775
26 776
26 777
26 778
26 779
26 780
26 781
26 782
27 783
27 784
27 785
27 786
27 787
27 788
27 789
27 790
27 791
27 792
27 793
27 794
27 795
27 796
28 797
28 798
28 799
28 800
28 801
28 802
28 803
28 804
28 805
28 806
28 807
28 808
28 809
28 810
29 811
29 812
29 813
29 814
29 815
29 816
29 817
29 818
29 819
29 820
29 821
29 822
29 823
29 824
30 825
30 826
30 827
30 828
30 829
30 830
30 831
30 832
30 833
30 834
30 835
30 836
30 837
30 838
31 839
31 840
31 841
31 842
31 843
31 844
31 845
31 846
31 847
31 848
31 849
31 850
31 851
31 852
32 853
32 854
32 855
32 856
32 857
32 858
32 859
32 860
32 861
32 862
32 863
32 864
32 865
32 866
33 867
33 868
33 869
33 870
33 871
33 872
33 873
33 874
33 875
33 876
33 877
33 878
33 879
33 880
34 881
34 882
34 883
34 884
34 885
34 886
34 887
34 888
34 889
34 890
34 891
34 892
34 893
34 894
35 895
35 896
35 897
35 898
35 899
35 900
35 901
35 902
35 903
35 904
35 905
35 906
35 907
35 908
36 909
36 910
36 911
36 912
36 913
36 914
36 915
36 916
36 917
36 918
36 919
36 920
36 921
36 922
37 923
37 924
37 925
37 926
37 927
37 928
37 929
37 930
37 931
37 932
37 933
37 934
37 935
37 936
38 937
38 938
38 939
38 940
38 941
38 942
38 943
38 944
38 945
38 946
38 947
38 948
38 949
38 950
39 951
39 952
39 953
39 954
39 955
39 956
39 957
39 958
39 959
39 960
39 961
39 962
39 963
39 964
40 965
40 966
40 967
40 968
40 969
40 970
40 971
40 972
40 973
40 974
40 975
40 976
40 977
40 978
41 979
41 980
41 981
41 982
41 983
41 984
41 985
41 986
41 987
41 988
41 989
41 990
41 991
41 992
42 993
42 994
42 995
42 996
42 997
42 998
42 999
42 1000
42 1001
42 1002
42 1003
42 1004
42 1005
42 1006
43 1007
43 1008
43 1009
43 1010
43 1011
43 1012
43 1013
43 1014
43 1015
43 1016
43 1017
43 1018
43 1019
43 1020
44 1021
44 1022
44 1023
44 1024
44 1025
44 1026
44 1027
44 1028
44 1029
44 1030
44 1031
44 1032
44 1033
44 1034
45 1035
45 1036
45 1037
45 1038
45 1039
45 1040
45 1041
45 1042
45 1043
45 1044
45 1045
45 1046
45 1047
45 1048
46 1049
46 1050
46 1051
46 1052
46 1053
46 1054
46 1055
46 1056
46 1057
46 1058
46 1059
46 1060
46 1061
46 1062
47 1063
47 1064
47 1065
47 1066
47 1067
47 1068
47 1069
47 1070
47 1071
47 1072
47 1073
47 1074
47 1075
47 1076
48 1077
48 1078
48 1079
48 1080
48 1081
48 1082
48 1083
48 1084
48 1085
48 1086
48 1087
48 1088
48 1089
48 1090
49 1091
49 1092
49 1093
49 1094
49 1095
49 1096
49 1097
49 1098
49 1099
49 1100
49 1101
49 1102
49 1103
49 1104
50 1105
50 1106
50 1107
50 1108
50 1109
50 1110
50 1111
50 1112
50 1113
50 1114
50 1115
50 1116
50 1117
50 1118
51 1119
51 1120
51 1121
51 1122
51 1123
51 1124
51 1125
51 1126
51 1127
51 1128
51 1129
51 1130
51 1131
51 1132
52 1133
52 1134
52 1135
52 1136
52 1137
52 1138
52 1139
52 1140
52 1141
52 1142
52 1143
52 1144
52 1145
52 1146
53 1147
53 1148
53 1149
53 1150
53 1151
53 1152
53 1153
53 1154
53 1155
53 1156
53 1157
53 1158
53 1159
53 1160
54 1161
54 1162
54 1163
54 1164
54 1165
54 1166
54 1167
54 1168
54 1169
54 1170
54 1171
54 1172
54 1173
54 1174
55 1175
55 1176
55 1177
55 1178
55 1179
55 1180
55 1181
55 1182
55 1183
55 1184
55 1185
55 1186
55 1187
55 1188
56 1189
56 1190
56 1191
56 1192
56 1193
56 1194
56 1195
56 1196
56 1197
56 1198
56 1199
56 1200
56 1201
56 1202
57 1203
57 1204
57 1205
57 1206
57 1207
57 1208
57 1209
57 1210
57 1211
57 1212
57 1213
57 1214
57 1215
57 1216
58 1217
58 1218
58 1219
58 1220
58 1221
58 1222
58 1223
58 1224
58 1225
58 1226
58 1227
58 1228
58 1229
58 1230
59 1231
59 1232
59 1233
59 1234
59 1235
59 1236
59 1237
59 1238
59 1239
59 1240
59 1241
59 1242
59 1243
59 1244
60 1245
60 1246
60 1247
60 1248
60 1249
60 1250
60 1251
60 1252
60 1253
60 1254
60 1255
60 1256
60 1257
60 1258
61 1259
61 1260
61 1261
61 1262
61 1263
61 1264
61 1265
61 1266
61 1267
61 1268
61 1269
61 1270
61 1271
61 1272
62 1273
62 1274
62 1275
62 1276
62 1277
62 1278
62 1279
62 1280
62 1281
62 1282
62 1283
62 1284
62 1285
62 1286
63 1287
63 1288
63 1289
63 1290
63 1291
63 1292
63 1293
63 1294
63 1295
63 1296
63 1297
63 1298
63 1299
63 1300
64 1301
64 1302
64 1303
64 1304
64 1305
64 1306
64 1307
64 1308
64 1309
64 1310
64 1311
64 1312
64 1313
64 1314
65 1315
65 1316
65 1317
65 1318
65 1319
65 1320
65 1321
65 1322
65 1323
65 1324
65 1325
65 1326
65 1327
65 1328
66 1329
66 1330
66 1331
66 1332
66 1333
66 1334
66 1335
66 1336
66 1337
66 1338
66 1339
66 1340
66 1341
66 1342
67 1343
67 1344
67 1345
67 1346
67 1347
67 1348
67 1349
67 1350
67 1351
67 1352
67 1353
67 1354
67 1355
67 1356
68 1357
68 1358
68 1359
68 1360
68 1361
68 1362
68 1363
68 1364
68 1365
68 1366
68 1367
68 1368
68 1369
68 1370
69 1371
69 1372
69 1373
69 1374
69 1375
69 1376
69 1377
69 1378
69 1379
69 1380
69 1381
69 1382
69 1383
69 1384
70 1385
70 1386
70 1387
70 1388
70 1389
70 1390
70 1391
70 1392
70 1393
70 1394
70 1395
70 1396
70 1397
70 1398
71 1399
71 1400
71 1401
71 1402
71 1403
71 1404
71 1405
71 1406
71 1407
71 1408
71 1409
71 1410
71 1411
71 1412
72 1413
72 1414
72 1415
72 1416
72 1417
72 1418
72 1419
72 1420
72 1421
72 1422
72 1423
72 1424
72 1425
72 1426
73 1427
73 1428
73 1429
73 1430
73 1431
73 1432
73 1433
73 1434
73 1435
73 1436
73 1437
73 1438
73 1439
73 1440
74 1441
74 1442
74 1443
74 1444
74 1445
74 1446
74 1447
74 1448
74 1449
74 1450
74 1451
74 1452
74 1453
74 1454
75 1455
75 1456
75 1457
75 1458
75 1459
75 1460
75 1461
75 1462
75 1463
75 1464
75 1465
75 1466
75 1467
75 1468
76 1469
76 1470
76 1471
76 1472
76 1473
76 1474
76 1475
76 1476
76 1477
76 1478
76 1479
76 1480
76 1481
76 1482
77 1483
77 1484
77 1485
77 1486
77 1487
77 1488
77 1489
77 1490
77 1491
77 1492
77 1493
77 1494
77 1495
77 1496
78 1497
78 1498
78 1499
78 1500
78 1501
78 1502
78 1503
78 1504
78 1505
78 1506
78 1507
78 1508
78 1509
78 1510
79 1511
79 1512
79 1513
79 1514
79 1515
79 1516
79 1517
79 1518
79 1519
79 1520
79 1521
79 1522
79 1523
79 1524
80 1525
80 1526
80 1527
80 1528
80 1529
80 1530
80 1531
80 1532
80 1533
80 1534
80 1535
80 1536
80 1537
80 1538
81 1539
81 1540
81 1541
81 1542
81 1543
81 1544
81 1545
81 1546
81 1547
81 1548
81 1549
81 1550
81 1551
81 1552
82 1553
82 1554
82 1555
82 1556
82 1557
82 1558
82 1559
82 1560
82 1561
82 1562
82 1563
82 1564
82 1565
82 1566
83 1567
83 1568
83 1569
83 1570
83 1571
83 1572
83 1573
83 1574
83 1575
83 1576
83 1577
83 1578
83 1579
83 1580
84 1581
84 1582
84 1583
84 1584
84 1585
84 1586
84 1587
84 1588
84 1589
84 1590
84 1591
84 1592
84 1593
84 1594
85 1595
85 1596
85 1597
85 1598
85 1599
85 1600
85 1601
85 1602
85 1603
85 1604
85 1605
85 1606
85 1607
85 1608
86 1609
86 1610
86 1611
86 1612
86 1613
86 1614
86 1615
86 1616
86 1617
86 1618
86 1619
86 1620
86 1621
86 1622
87 1623
87 1624
87 1625
87 1626
87 1627
87 1628
87 1629
87 1630
87 1631
87 1632
87 1633
87 1634
87 1635
87 1636
88 1637
88 1638
88 1639
88 1640
88 1641
88 1642
88 1643
88 1644
88 1645
88 1646
88 1647
88 1648
88 1649
88 1650
89 1651
89 1652
89 1653
89 1654
89 1655
89 1656
89 1657
89 1658
89 1659
89 1660
89 1661
89 1662
89 1663
89 1664
90 1665
90 1666
90 1667
90 1668
90 1669
90 1670
90 1671
90 1672
90 1673
90 1674
90 1675
90 1676
90 1677
90 1678
91 1679
91 1680
91 1681
91 1682
91 1683
91 1684
91 1685
91 1686
91 1687
91 1688
91 1689
91 1690
91 1691
91 1692
92 1693
92 1694
92 1695
92 1696
92 1697
92 1698
92 1699
92 1700
92 1701
92 1702
92 1703
92 1704
92 1705
92 1706
93 1707
93 1708
93 1709
93 1710
93 1711
93 1712
93 1713
93 1714
93 1715
93 1716
93 1717
93 1718
93 1719
93 1720
94 1721
94 1722
94 1723
94 1724
94 1725
94 1726
94 1727
94 1728
94 1729
94 1730
94 1731
94 1732
94 1733
94 1734
95 1735
95 1736
95 1737
95 1738
95 1739
95 1740
95 1741
95 1742
95 1743
95 1744
95 1745
95 1746
95 1747
95 1748
96 1749
96 1750
96 1751
96 1752
96 1753
96 1754
96 1755
96 1756
96 1757
96 1758
96 1759
96 1760
96 1761
96 1762
97 1763
97 1764
97 1765
97 1766
97 1767
97 1768
97 1769
97 1770
97 1771
97 1772
97 1773
97 1774
97 1775
97 1776
98 1777
98 1778
98 1779
98 1780
98 1781
98 1782
98 1783
98 1784
98 1785
98 1786
98 1787
98 1788
98 1789
98 1790
99 1791
99 1792
99 1793
99 1794
99 1795
99 1796
99 1797
99 1798
99 1799
99 1800
99 1801
99 1802
99 1803
99 1804
100 1805
100 1806
100 1807
100 1808
100 1809
100 1810
100 1811
100 1812
100 1813
100 1814
100 1815
100 1816
100 1817
100 1818
101 1819
101 1820
101 1821
101 1822
101 1823
101 1824
101 1825
101 1826
101 1827
101 1828
101 1829
101 1830
101 1831
101 1832
102 1833
102 1834
102 1835
102 1836
102 1837
102 1838
102 1839
102 1840
102 1841
102 1842
102 1843
102 1844
102 1845
102 1846
103 1847
103 1848
103 1849
103 1850
103 1851
103 1852
103 1853
103 1854
103 1855
103 1856
103 1857
103 1858
103 1859
103 1860
104 1861
104 1862
104 1863
104 1864
104 1865
104 1866
104 1867
104 1868
104 1869
104 1870
104 1871
104 1872
104 1873
104 1874
105 1875
105 1876
105 1877
105 1878
105 1879
105 1880
105 1881
105 1882
105 1883
105 1884
105 1885
105 1886
105 1887
105 1888
106 1889
106 1890
106 1891
106 1892
106 1893
106 1894
106 1895
106 1896
106 1897
106 1898
106 1899
106 1900
106 1901
106 1902
107 1903
107 1904
107 1905
107 1906
107 1907
107 1908
107 1909
107 1910
107 1911
107 1912
107 1913
107 1914
107 1915
107 1916
108 1917
108 1918
108 1919
108 1920
108 1921
108 1922
108 1923
108 1924
108 1925
108 1926
108 1927
108 1928
108 1929
108 1930
109 1931
109 1932
109 1933
109 1934
109 1935
109 1936
109 1937
109 1938
109 1939
109 1940
109 1941
109 1942
109 1943
109 1944
110 1945
110 1946
110 1947
110 1948
110 1949
110 1950
110 1951
110 1952
110 1953
110 1954
110 1955
110 1956
110 1957
110 1958
111 1959
111 1960
111 1961
111 1962
111 1963
111 1964
111 1965
111 1966
111 1967
111 1968
111 1969
111 1970
111 1971
111 1972
112 1973
112 1974
112 1975
112 1976
112 1977
112 1978
112 1979
112 1980
112 1981
112 1982
112 1983
112 1984
112 1985
112 1986
113 1987
113 1988
113 1989
113 1990
113 1991
113 1992
113 1993
113 1994
113 1995
113 1996
113 1997
113 1998
113 1999
113 2000
114 2001
114 2002
114 2003
114 2004
114 2005
114 2006
114 2007
114 2008
114 2009
114 2010
114 2011
114 2012
114 2013
114 2014
115 2015
115 2016
115 2017
115 2018
115 2019
115 2020
115 2021
115 2022
115 2023
115 2024
115 2025
115 2026
115 2027
115 2028
116 2029
116 2030
116 2031
116 2032
116 2033
116 2034
116 2035
116 2036
116 2037
116 2038
116 2039
116 2040
116 2041
116 2042
117 2043
117 2044
117 2045
117 2046
117 2047
117 2048
117 2049
117 2050
117 2051
117 2052
117 2053
117 2054
117 2055
117 2056
118 2057
118 2058
118 2059
118 2060
118 2061
118 2062
118 2063
118 2064
118 2065
118 2066
118 2067
118 2068
118 2069
118 2070
119 2071
119 2072
119 2073
119 2074
119 2075
119 2076
119 2077
119 2078
119 2079
119 2080
119 2081
119 2082
119 2083
119 2084
120 2085
120 2086
120 2087
120 2088
120 2089
120 2090
120 2091
120 2092
120 2093
120 2094
120 2095
120 2096
120 2097
120 2098
121 2099
121 2100
121 2101
121 2102
121 2103
121 2104
121 2105
121 2106
121 2107
121 2108
121 2109
121 2110
121 2111
121 2112
122 2113
122 2114
122 2115
122 2116
122 2117
122 2118
122 2119
122 2120
122 2121
122 2122
122 2123
122 2124
122 2125
122 2126
123 2127
123 2128
123 2129
123 2130
123 2131
123 2132
123 2133
123 2134
123 2135
123 2136
123 2137
123 2138
123 2139
123 2140
124 2141
124 2142
124 2143
124 2144
124 2145
124 2146
124 2147
124 2148
124 2149
124 2150
124 2151
124 2152
124 2153
124 2154
125 2155
125 2156
125 2157
125 2158
125 2159
125 2160
125 2161
125 2162
125 2163
125 2164
125 2165
125 2166
125 2167
125 2168
126 2169
126 2170
126 2171
126 2172
126 2173
126 2174
126 2175
126 2176
126 2177
126 2178
126 2179
126 2180
126 2181
126 2182
127 2183
127 2184
127 2185
127 2186
127 2187
127 2188
127 2189
127 2190
127 2191
127 2192
127 2193
127 2194
127 2195
127 2196
128 2197
128 2198
128 2199
128 2200
128 2201
128 2202
128 2203
128 2204
128 2205
128 2206
128 2207
128 2208
128 2209
128 2210
129 2211
129 2212
129 2213
129 2214
129 2215
129 2216
129 2217
129 2218
129 2219
129 2220
129 2221
129 2222
129 2223
129 2224
130 2225
130 2226
130 2227
130 2228
130 2229
130 2230
130 2231
130 2232
130 2233
130 2234
130 2235
130 2236
130 2237
130 2238
131 2239
131 2240
131 2241
131 2242
131 2243
131 2244
131 2245
131 2246
131 2247
131 2248
131 2249
131 2250
131 2251
131 2252
132 2253
132 2254
132 2255
132 2256
132 2257
132 2258
132 2259
132 2260
132 2261
132 2262
132 2263
132 2264
132 2265
132 2266
133 2267
133 2268
133 2269
133 2270
133 2271
133 2272
133 2273
133 2274
133 2275
133 2276
133 2277
133 2278
133 2279
133 2280
134 2281
134 2282
134 2283
134 2284
134 2285
134 2286
134 2287
134 2288
134 2289
134 2290
134 2291
134 2292
134 2293
134 2294
135 2295
135 2296
135 2297
135 2298
135 2299
135 2300
135 2301
135 2302
135 2303
135 2304
135 2305
135 2306
135 2307
135 2308
136 2309
136 2310
136 2311
136 2312
136 2313
136 2314
136 2315
136 2316
136 2317
136 2318
136 2319
136 2320
136 2321
136 2322
137 2323
137 2324
137 2325
137 2326
137 2327
137 2328
137 2329
137 2330
137 2331
137 2332
137 2333
137 2334
137 2335
137 2336
138 2337
138 2338
138 2339
138 2340
138 2341
138 2342
138 2343
138 2344
138 2345
138 2346
138 2347
138 2348
138 2349
138 2350
139 2351
139 2352
139 2353
139 2354
139 2355
139 2356
139 2357
139 2358
139 2359
139 2360
139 2361
139 2362
139 2363
139 2364
140 2365
140 2366
140 2367
140 2368
140 2369
140 2370
140 2371
140 2372
140 2373
140 2374
140 2375
140 2376
140 2377
140 2378
141 2379
141 2380
141 2381
141 2382
141 2383
141 2384
141 2385
141 2386
141 2387
141 2388
141 2389
141 2390
141 2391
141 2392
142 2393
142 2394
142 2395
142 2396
142 2397
142 2398
142 2399
142 2400
142 2401
142 2402
142 2403
142 2404
142 2405
142 2406
143 2407
143 2408
143 2409
143 2410
143 2411
143 2412
143 2413
143 2414
143 2415
143 2416
143 2417
143 2418
143 2419
143 2420
144 2421
144 2422
144 2423
144 2424
144 2425
144 2426
144 2427
144 2428
144 2429
144 2430
144 2431
144 2432
144 2433
144 2434
145 2435
145 2436
145 2437
145 2438
145 2439
145 2440
145 2441
145 2442
145 2443
145 2444
145 2445
145 2446
145 2447
145 2448
146 2449
146 2450
146 2451
146 2452
146 2453
146 2454
146 2455
146 2456
146 2457
146 2458
146 2459
146 2460
146 2461
146 2462
147 2463
147 2464
147 2465
147 2466
147 2467
147 2468
147 2469
147 2470
147 2471
147 2472
147 2473
147 2474
147 2475
147 2476
148 2477
148 2478
148 2479
148 2480
148 2481
148 2482
148 2483
148 2484
148 2485
148 2486
148 2487
148 2488
148 2489
148 2490
149 2491
149 2492
149 2493
149 2494
149 2495
149 2496
149 2497
149 2498
149 2499
149 2500
149 2501
149 2502
149 2503
149 2504
150 2505
150 2506
150 2507
150 2508
150 2509
150 2510
150 2511
150 2512
150 2513
150 2514
150 2515
150 2516
150 2517
150 2518
151 2519
151 2520
151 2521
151 2522
151 2523
151 2524
151 2525
151 2526
151 2527
151 2528
151 2529
151 2530
151 2531
151 2532
152 2533
152 2534
152 2535
152 2536
152 2537
152 2538
152 2539
152 2540
152 2541
152 2542
152 2543
152 2544
152 2545
152 2546
153 2547
153 2548
153 2549
153 2550
153 2551
153 2552
153 2553
153 2554
153 2555
153 2556
153 2557
153 2558
153 2559
153 2560
154 2561
154 2562
154 2563
154 2564
154 2565
154 2566
154 2567
154 2568
154 2569
154 2570
154 2571
154 2572
154 2573
154 2574
155 2575
155 2576
155 2577
155 2578
155 2579
155 2580
155 2581
155 2582
155 2583
155 2584
155 2585
155 2586
155 2587
155 2588
156 2589
156 2590
156 2591
156 2592
156 2593
156 2594
156 2595
156 2596
156 2597
156 2598
156 2599
156 2600
156 2601
156 2602
157 2603
157 2604
157 2605
157 2606
157 2607
157 2608
157 2609
157 2610
157 2611
157 2612
157 2613
157 2614
157 2615
157 2616
158 2617
158 2618
158 2619
158 2620
158 2621
158 2622
158 2623
158 2624
158 2625
158 2626
158 2627
158 2628
158 2629
158 2630
159 2631
159 2632
159 2633
159 2634
159 2635
159 2636
159 2637
159 2638
159 2639
159 2640
159 2641
159 2642
159 2643
159 2644
160 2645
160 2646
160 2647
160 2648
160 2649
160 2650
160 2651
160 2652
160 2653
160 2654
160 2655
160 2656
160 2657
160 2658
161 2659
161 2660
161 2661
161 2662
161 2663
161 2664
161 2665
161 2666
161 2667
161 2668
161 2669
161 2670
161 2671
161 2672
162 2673
162 2674
162 2675
162 2676
162 2677
162 2678
162 2679
162 2680
162 2681
162 2682
162 2683
162 2684
162 2685
162 2686
163 2687
163 2688
163 2689
163 2690
163 2691
163 2692
163 2693
163 2694
163 2695
163 2696
163 2697
163 2698
163 2699
163 2700
164 2701
164 2702
164 2703
164 2704
164 2705
164 2706
164 2707
164 2708
164 2709
164 2710
164 2711
164 2712
164 2713
164 2714
165 2715
165 2716
165 2717
165 2718
165 2719
165 2720
165 2721
165 2722
165 2723
165 2724
165 2725
165 2726
165 2727
165 2728
166 2729
166 2730
166 2731
166 2732
166 2733
166 2734
166 2735
166 2736
166 2737
166 2738
166 2739
166 2740
166 2741
166 2742
167 2743
167 2744
167 2745
167 2746
167 2747
167 2748
167 2749
167 2750
167 2751
167 2752
167 2753
167 2754
167 2755
167 2756
168 2757
168 2758
168 2759
168 2760
168 2761
168 2762
168 2763
168 2764
168 2765
168 2766
168 2767
168 2768
168 2769
168 2770
169 2771
169 2772
169 2773
169 2774
169 2775
169 2776
169 2777
169 2778
169 2779
169 2780
169 2781
169 2782
169 2783
169 2784
170 2785
170 2786
170 2787
170 2788
170 2789
170 2790
170 2791
170 2792
170 2793
170 2794
170 2795
170 2796
170 2797
170 2798
171 2799
171 2800
171 2801
171 2802
171 2803
171 2804
171 2805
171 2806
171 2807
171 2808
171 2809
171 2810
171 2811
171 2812
172 2813
172 2814
172 2815
172 2816
172 2817
172 2818
172 2819
172 2820
172 2821
172 2822
172 2823
172 2824
172 2825
172 2826
173 2827
173 2828
173 2829
173 2830
173 2831
173 2832
173 2833
173 2834
173 2835
173 2836
173 2837
173 2838
173 2839
173 2840
174 2841
174 2842
174 2843
174 2844
174 2845
174 2846
174 2847
174 2848
174 2849
174 2850
174 2851
174 2852
174 2853
174 2854
175 2855
175 2856
175 2857
175 2858
175 2859
175 2860
175 2861
175 2862
175 2863
175 2864
175 2865
175 2866
175 2867
175 2868
176 2869
176 2870
176 2871
176 2872
176 2873
176 2874
176 2875
176 2876
176 2877
176 2878
176 2879
176 2880
176 2881
176 2882
177 2883
177 2884
177 2885
177 2886
177 2887
177 2888
177 2889
177 2890
177 2891
177 2892
177 2893
177 2894
177 2895
177 2896
178 2897
178 2898
178 2899
178 2900
178 2901
178 2902
178 2903
178 2904
178 2905
178 2906
178 2907
178 2908
178 2909
178 2910
179 2911
179 2912
179 2913
179 2914
179 2915
179 2916
179 2917
179 2918
179 2919
179 2920
179 2921
179 2922
179 2923
179 2924
180 2925
180 2926
180 2927
180 2928
180 2929
180 2930
180 2931
180 2932
180 2933
180 2934
180 2935
180 2936
180 2937
180 2938
181 2939
181 2940
181 2941
181 2942
181 2943
181 2944
181 2945
181 2946
181 2947
181 2948
181 2949
181 2950
181 2951
181 2952
182 2953
182 2954
182 2955
182 2956
182 2957
182 2958
182 2959
182 2960
182 2961
182 2962
182 2963
182 2964
182 2965
182 2966
183 2967
183 2968
183 2969
183 2970
183 2971
183 2972
183 2973
183 2974
183 2975
183 2976
183 2977
183 2978
183 2979
183 2980
184 2981
184 2982
184 2983
184 2984
184 2985
184 2986
184 2987
184 2988
184 2989
184 2990
184 2991
184 2992
184 2993
184 2994
185 2995
185 2996
185 2997
185 2998
185 2999
185 3000
185 3001
185 3002
185 3003
185 3004
185 3005
185 3006
185 3007
185 3008
186 3009
186 3010
186 3011
186 3012
186 3013
186 3014
186 3015
186 3016
186 3017
186 3018
186 3019
186 3020
186 3021
186 3022
187 3023
187 3024
187 3025
187 3026
187 3027
187 3028
187 3029
187 3030
187 3031
187 3032
187 3033
187 3034
187 3035
187 3036
188 3037
188 3038
188 3039
188 3040
188 3041
188 3042
188 3043
188 3044
188 3045
188 3046
188 3047
188 3048
188 3049
188 3050
189 3051
189 3052
189 3053
189 3054
189 3055
189 3056
189 3057
189 3058
189 3059
189 3060
189 3061
189 3062
189 3063
189 3064
190 3065
190 3066
190 3067
190 3068
190 3069
190 3070
190 3071
190 3072
190 3073
190 3074
190 3075
190 3076
190 3077
190 3078
191 3079
191 3080
191 3081
191 3082
191 3083
191 3084
191 3085
191 3086
191 3087
191 3088
191 3089
191 3090
191 3091
191 3092
192 3093
192 3094
192 3095
192 3096
192 3097
192 3098
192 3099
192 3100
192 3101
192 3102
192 3103
192 3104
192 3105
192 3106
193 3107
193 3108
193 3109
193 3110
193 3111
193 3112
193 3113
193 3114
193 3115
193 3116
193 3117
193 3118
193 3119
193 3120
194 3121
194 3122
194 3123
194 3124
194 3125
194 3126
194 3127
194 3128
194 3129
194 3130
194 3131
194 3132
194 3133
194 3134
195 3135
195 3136
195 3137
195 3138
195 3139
195 3140
195 3141
195 3142
195 3143
195 3144
195 3145
195 3146
195 3147
195 3148
196 3149
196 3150
196 3151
196 3152
196 3153
196 3154
196 3155
196 3156
196 3157
196 3158
196 3159
196 3160
196 3161
196 3162
197 3163
197 3164
197 3165
197 3166
197 3167
197 3168
197 3169
197 3170
197 3171
197 3172
197 3173
197 3174
197 3175
197 3176
198 3177
198 3178
198 3179
198 3180
198 3181
198 3182
198 3183
198 3184
198 3185
198 3186
198 3187
198 3188
198 3189
198 3190
199 3191
199 3192
199 3193
199 3194
199 3195
199 3196
199 3197
199 3198
199 3199
199 3200
199 3201
199 3202
199 3203
199 3204
200 3205
200 3206
200 3207
200 3208
200 3209
200 3210
200 3211
200 3212
200 3213
200 3214
200 3215
200 3216
200 3217
200 3218
201 3219
201 3220
201 3221
201 3222
201 3223
201 3224
201 3225
201 3226
201 3227
201 3228
201 3229
201 3230
201 3231
201 3232
202 3233
202 3234
202 3235
202 3236
202 3237
202 3238
202 3239
202 3240
202 3241
202 3242
202 3243
202 3244
202 3245
202 3246
203 3247
203 3248
203 3249
203 3250
203 3251
203 3252
203 3253
203 3254
203 3255
203 3256
203 3257
203 3258
203 3259
203 3260
204 3261
204 3262
204 3263
204 3264
204 3265
204 3266
204 3267
204 3268
204 3269
204 3270
204 3271
204 3272
204 3273
204 3274
205 3275
205 3276
205 3277
205 3278
205 3279
205 3280
205 3281
205 3282
205 3283
205 3284
205 3285
205 3286
205 3287
205 3288
206 3289
206 3290
206 3291
206 3292
206 3293
206 3294
206 3295
206 3296
206 3297
206 3298
206 3299
206 3300
206 3301
206 3302
207 3303
207 3304
207 3305
207 3306
207 3307
207 3308
207 3309
207 3310
207 3311
207 3312
207 3313
207 3314
207 3315
207 3316
208 3317
208 3318
208 3319
208 3320
208 3321
208 3322
208 3323
208 3324
208 3325
208 3326
208 3327
208 3328
208 3329
208 3330
209 3331
209 3332
209 3333
209 3334
209 3335
209 3336
209 3337
209 3338
209 3339
209 3340
209 3341
209 3342
209 3343
209 3344
210 3345
210 3346
210 3347
210 3348
210 3349
210 3350
210 3351
210 3352
210 3353
210 3354
210 3355
210 3356
210 3357
210 3358
211 3359
211 3360
211 3361
211 3362
211 3363
211 3364
211 3365
211 3366
211 3367
211 3368
211 3369
211 3370
211 3371
211 3372
212 3373
212 3374
212 3375
212 3376
212 3377
212 3378
212 3379
212 3380
212 3381
212 3382
212 3383
212 3384
212 3385
212 3386
213 3387
213 3388
213 3389
213 3390
213 3391
213 3392
213 3393
213 3394
213 3395
213 3396
213 3397
213 3398
213 3399
213 3400
214 3401
214 3402
214 3403
214 3404
214 3405
214 3406
214 3407
214 3408
214 3409
214 3410
214 3411
214 3412
214 3413
214 3414
215 3415
215 3416
215 3417
215 3418
215 3419
215 3420
215 3421
215 3422
215 3423
215 3424
215 3425
215 3426
215 3427
215 3428
216 3429
216 3430
216 3431
216 3432
216 3433
216 3434
216 3435
216 3436
216 3437
216 3438
216 3439
216 3440
216 3441
216 3442
217 3443
217 3444
217 3445
217 3446
217 3447
217 3448
217 3449
217 3450
217 3451
217 3452
217 3453
217 3454
217 3455
217 3456
218 3457
218 3458
218 3459
218 3460
218 3461
218 3462
218 3463
218 3464
218 3465
218 3466
218 3467
218 3468
218 3469
218 3470
219 3471
219 3472
219 3473
219 3474
219 3475
219 3476
219 3477
219 3478
219 3479
219 3480
219 3481
219 3482
219 3483
219 3484
220 3485
220 3486
220 3487
220 3488
220 3489
220 3490
220 3491
220 3492
220 3493
220 3494
220 3495
220 3496
220 3497
220 3498
221 3499
221 3500
221 3501
221 3502
221 3503
221 3504
221 3505
221 3506
221 3507
221 3508
221 3509
221 3510
221 3511
221 3512
222 3513
222 3514
222 3515
222 3516
222 3517
222 3518
222 3519
222 3520
222 3521
222 3522
222 3523
222 3524
222 3525
222 3526
223 3527
223 3528
223 3529
223 3530
223 3531
223 3532
223 3533
223 3534
223 3535
223 3536
223 3537
223 3538
223 3539
223 3540
224 3541
224 3542
224 3543
224 3544
224 3545
224 3546
224 3547
224 3548
224 3549
224 3550
224 3551
224 3552
224 3553
224 3554
225 3555
225 3556
225 3557
225 3558
225 3559
225 3560
225 3561
225 3562
225 3563
225 3564
225 3565
225 3566
225 3567
225 3568
226 3569
226 3570
226 3571
226 3572
226 3573
226 3574
226 3575
226 3576
226 3577
226 3578
226 3579
226 3580
226 3581
226 3582
227 3583
227 3584
227 3585
227 3586
227 3587
227 3588
227 3589
227 3590
227 3591
227 3592
227 3593
227 3594
227 3595
227 3596
228 3597
228 3598
228 3599
228 3600
228 3601
228 3602
228 3603
228 3604
228 3605
228 3606
228 3607
228 3608
228 3609
228 3610
229 3611
229 3612
229 3613
229 3614
229 3615
229 3616
229 3617
229 3618
229 3619
229 3620
229 3621
229 3622
229 3623
229 3624
230 3625
230 3626
230 3627
230 3628
230 3629
230 3630
230 3631
230 3632
230 3633
230 3634
230 3635
230 3636
230 3637
230 3638
231 3639
231 3640
231 3641
231 3642
231 3643
231 3644
231 3645
231 3646
231 3647
231 3648
231 3649
231 3650
231 3651
231 3652
232 3653
232 3654
232 3655
232 3656
232 3657
232 3658
232 3659
232 3660
232 3661
232 3662
232 3663
232 3664
232 3665
232 3666
233 3667
233 3668
233 3669
233 3670
233 3671
233 3672
233 3673
233 3674
233 3675
233 3676
233 3677
233 3678
233 3679
233 3680
234 3681
234 3682
234 3683
234 3684
234 3685
234 3686
234 3687
234 3688
234 3689
234 3690
234 3691
234 3692
234 3693
234 3694
235 3695
235 3696
235 3697
235 3698
235 3699
235 3700
235 3701
235 3702
235 3703
235 3704
235 3705
235 3706
235 3707
235 3708
236 3709
236 3710
236 3711
236 3712
236 3713
236 3714
236 3715
236 3716
236 3717
236 3718
236 3719
236 3720
236 3721
236 3722
237 3723
237 3724
237 3725
237 3726
237 3727
237 3728
237 3729
237 3730
237 3731
237 3732
237 3733
237 3734
237 3735
237 3736
238 3737
238 3738
238 3739
238 3740
238 3741
238 3742
238 3743
238 3744
238 3745
238 3746
238 3747
238 3748
238 3749
238 3750
239 3751
239 3752
239 3753
239 3754
239 3755
239 3756
239 3757
239 3758
239 3759
239 3760
239 3761
239 3762
239 3763
239 3764
240 3765
240 3766
240 3767
240 3768
240 3769
240 3770
240 3771
240 3772
240 3773
240 3774
240 3775
240 3776
240 3777
240 3778
241 3779
241 3780
241 3781
241 3782
241 3783
241 3784
241 3785
241 3786
241 3787
241 3788
241 3789
241 3790
241 3791
241 3792
242 3793
242 3794
242 3795
242 3796
242 3797
242 3798
242 3799
242 3800
242 3801
242 3802
242 3803
242 3804
242 3805
242 3806
243 3807
243 3808
243 3809
243 3810
243 3811
243 3812
243 3813
243 3814
243 3815
243 3816
243 3817
243 3818
243 3819
243 3820
244 3821
244 3822
244 3823
244 3824
244 3825
244 3826
244 3827
244 3828
244 3829
244 3830
244 3831
244 3832
244 3833
244 3834
245 3835
245 3836
245 3837
245 3838
245 3839
245 3840
245 3841
245 3842
245 3843
245 3844
245 3845
245 3846
245 3847
245 3848
246 3849
246 3850
246 3851
246 3852
246 3853
246 3854
246 3855
246 3856
246 3857
246 3858
246 3859
246 3860
246 3861
246 3862
247 3863
247 3864
247 3865
247 3866
247 3867
247 3868
247 3869
247 3870
247 3871
247 3872
247 3873
247 3874
247 3875
247 3876
248 3877
248 3878
248 3879
248 3880
248 3881
248 3882
248 3883
248 3884
248 3885
248 3886
248 3887
248 3888
248 3889
248 3890
249 3891
249 3892
249 3893
249 3894
249 3895
249 3896
249 3897
249 3898
249 3899
249 3900
249 3901
249 3902
249 3903
249 3904
250 3905
250 3906
250 3907
250 3908
250 3909
250 3910
250 3911
250 3912
250 3913
250 3914
250 3915
250 3916
250 3917
250 3918
251 3919
251 3920
251 3921
251 3922
251 3923
251 3924
251 3925
251 3926
251 3927
251 3928
251 3929
251 3930
251 3931
251 3932
252 3933
252 3934
252 3935
252 3936
252 3937
252 3938
252 3939
252 3940
252 3941
252 3942
252 3943
252 3944
252 3945
252 3946
253 3947
253 3948
253 3949
253 3950
253 3951
253 3952
253 3953
253 3954
253 3955
253 3956
253 3957
253 3958
253 3959
253 3960
254 3961
254 3962
254 3963
254 3964
254 3965
254 3966
254 3967
254 3968
254 3969
254 3970
254 3971
254 3972
254 3973
254 3974
255 3975
255 3976
255 3977
255 3978
255 3979
255 3980
255 3981
255 3982
255 3983
255 3984
255 3985
255 3986
255 3987
255 3988
256 3989
256 3990
256 3991
256 3992
256 3993
256 3994
256 3995
256 3996
256 3997
256 3998
256 3999
256 4000
256 4001
256 4002
257 4003
257 4004
257 4005
257 4006
257 4007
257 4008
257 4009
257 4010
257 4011
257 4012
257 4013
257 4014
257 4015
257 4016
258 4017
258 4018
258 4019
258 4020
258 4021
258 4022
258 4023
258 4024
258 4025
258 4026
258 4027
258 4028
258 4029
258 4030
259 4031
259 4032
259 4033
259 4034
259 4035
259 4036
259 4037
259 4038
259 4039
259 4040
259 4041
259 4042
259 4043
259 4044
260 4045
260 4046
260 4047
260 4048
260 4049
260 4050
260 4051
260 4052
260 4053
260 4054
260 4055
260 4056
260 4057
260 4058
261 4059
261 4060
261 4061
261 4062
261 4063
261 4064
261 4065
261 4066
261 4067
261 4068
261 4069
261 4070
261 4071
261 4072
262 4073
262 4074
262 4075
262 4076
262 4077
262 4078
262 4079
262 4080
262 4081
262 4082
262 4083
262 4084
262 4085
262 4086
263 4087
263 4088
263 4089
263 4090
263 4091
263 4092
263 4093
263 4094
263 4095
263 4096
263 4097
263 4098
263 4099
263 4100
264 4101
264 4102
264 4103
264 4104
264 4105
264 4106
264 4107
264 4108
264 4109
264 4110
264 4111
264 4112
264 4113
264 4114
265 4115
265 4116
265 4117
265 4118
265 4119
265 4120
265 4121
265 4122
265 4123
265 4124
265 4125
265 4126
265 4127
265 4128
266 4129
266 4130
266 4131
266 4132
266 4133
266 4134
266 4135
266 4136
266 4137
266 4138
266 4139
266 4140
266 4141
266 4142
267 4143
267 4144
267 4145
267 4146
267 4147
267 4148
267 4149
267 4150
267 4151
267 4152
267 4153
267 4154
267 4155
267 4156
268 4157
268 4158
268 4159
268 4160
268 4161
268 4162
268 4163
268 4164
268 4165
268 4166
268 4167
268 4168
268 4169
268 4170
269 4171
269 4172
269 4173
269 4174
269 4175
269 4176
269 4177
269 4178
269 4179
269 4180
269 4181
269 4182
269 4183
269 4184
270 4185
270 4186
270 4187
270 4188
270 4189
270 4190
270 4191
270 4192
270 4193
270 4194
270 4195
270 4196
270 4197
270 4198
271 4199
271 4200
271 4201
271 4202
271 4203
271 4204
271 4205
271 4206
271 4207
271 4208
271 4209
271 4210
271 4211
271 4212
272 4213
272 4214
272 4215
272 4216
272 4217
272 4218
272 4219
272 4220
272 4221
272 4222
272 4223
272 4224
272 4225
272 4226
273 4227
273 4228
273 4229
273 4230
273 4231
273 4232
273 4233
273 4234
273 4235
273 4236
273 4237
273 4238
273 4239
273 4240
274 4241
274 4242
274 4243
274 4244
274 4245
274 4246
274 4247
274 4248
274 4249
274 4250
274 4251
274 4252
274 4253
274 4254
275 4255
275 4256
275 4257
275 4258
275 4259
275 4260
275 4261
275 4262
275 4263
275 4264
275 4265
275 4266
275 4267
275 4268
276 4269
276 4270
276 4271
276 4272
276 4273
276 4274
276 4275
276 4276
276 4277
276 4278
276 4279
276 4280
276 4281
276 4282
277 4283
277 4284
277 4285
277 4286
277 4287
277 4288
277 4289
277 4290
277 4291
277 4292
277 4293
277 4294
277 4295
277 4296
278 4297
278 4298
278 4299
278 4300
278 4301
278 4302
278 4303
278 4304
278 4305
278 4306
278 4307
278 4308
278 4309
278 4310
279 4311
279 4312
279 4313
279 4314
279 4315
279 4316
279 4317
279 4318
279 4319
279 4320
279 4321
279 4322
279 4323
279 4324
280 4325
280 4326
280 4327
280 4328
280 4329
280 4330
280 4331
280 4332
280 4333
280 4334
280 4335
280 4336
280 4337
280 4338
281 4339
281 4340
281 4341
281 4342
281 4343
281 4344
281 4345
281 4346
281 4347
281 4348
281 4349
281 4350
281 4351
281 4352
282 4353
282 4354
282 4355
282 4356
282 4357
282 4358
282 4359
282 4360
282 4361
282 4362
282 4363
282 4364
282 4365
282 4366
283 4367
283 4368
283 4369
283 4370
283 4371
283 4372
283 4373
283 4374
283 4375
283 4376
283 4377
283 4378
283 4379
283 4380
284 4381
284 4382
284 4383
284 4384
284 4385
284 4386
284 4387
284 4388
284 4389
284 4390
284 4391
284 4392
284 4393
284 4394
285 4395
285 4396
285 4397
285 4398
285 4399
285 4400
285 4401
285 4402
285 4403
285 4404
285 4405
285 4406
285 4407
285 4408
286 4409
286 4410
286 4411
286 4412
286 4413
286 4414
286 4415
286 4416
286 4417
286 4418
286 4419
286 4420
286 4421
286 4422
287 4423
287 4424
287 4425
287 4426
287 4427
287 4428
287 4429
287 4430
287 4431
287 4432
287 4433
287 4434
287 4435
287 4436
288 4437
288 4438
288 4439
288 4440
288 4441
288 4442
288 4443
288 4444
288 4445
288 4446
288 4447
288 4448
288 4449
288 4450
289 4451
289 4452
289 4453
289 4454
289 4455
289 4456
289 4457
289 4458
289 4459
289 4460
289 4461
289 4462
289 4463
289 4464
290 4465
290 4466
290 4467
290 4468
290 4469
290 4470
290 4471
290 4472
290 4473
290 4474
290 4475
290 4476
290 4477
290 4478
291 4479
291 4480
291 4481
291 4482
291 4483
291 4484
291 4485
291 4486
291 4487
291 4488
291 4489
291 4490
291 4491
291 4492
292 4493
292 4494
292 4495
292 4496
292 4497
292 4498
292 4499
292 4500
292 4501
292 4502
292 4503
292 4504
292 4505
292 4506
293 4507
293 4508
293 4509
293 4510
293 4511
293 4512
293 4513
293 4514
293 4515
293 4516
293 4517
293 4518
293 4519
293 4520
294 4521
294 4522
294 4523
294 4524
294 4525
294 4526
294 4527
294 4528
294 4529
294 4530
294 4531
294 4532
294 4533
294 4534
295 4535
295 4536
295 4537
295 4538
295 4539
295 4540
295 4541
295 4542
295 4543
295 4544
295 4545
295 4546
295 4547
295 4548
296 4549
296 4550
296 4551
296 4552
296 4553
296 4554
296 4555
296 4556
296 4557
296 4558
296 4559
296 4560
296 4561
296 4562
297 4563
297 4564
297 4565
297 4566
297 4567
297 4568
297 4569
297 4570
297 4571
297 4572
297 4573
297 4574
297 4575
297 4576
298 4577
298 4578
298 4579
298 4580
298 4581
298 4582
298 4583
298 4584
298 4585
298 4586
298 4587
298 4588
298 4589
298 4590
299 4591
299 4592
299 4593
299 4594
299 4595
299 4596
299 4597
299 4598
299 4599
299 4600
299 4601
299 4602
299 4603
299 4604
300 4605
300 4606
300 4607
300 4608
300 4609
300 4610
300 4611
300 4612
300 4613
300 4614
300 4615
300 4616
300 4617
300 4618
301 4619
301 4620
301 4621
301 4622
301 4623
301 4624
301 4625
301 4626
301 4627
301 4628
301 4629
301 4630
301 4631
301 4632
302 4633
302 4634
302 4635
302 4636
302 4637
302 4638
302 4639
302 4640
302 4641
302 4642
302 4643
302 4644
302 4645
302 4646
303 4647
303 4648
303 4649
303 4650
303 4651
303 4652
303 4653
303 4654
303 4655
303 4656
303 4657
303 4658
303 4659
303 4660
304 4661
304 4662
304 4663
304 4664
304 4665
304 4666
304 4667
304 4668
304 4669
304 4670
304 4671
304 4672
304 4673
304 4674
305 4675
305 4676
305 4677
305 4678
305 4679
305 4680
305 4681
305 4682
305 4683
305 4684
305 4685
305 4686
305 4687
305 4688
306 4689
306 4690
306 4691
306 4692
306 4693
306 4694
306 4695
306 4696
306 4697
306 4698
306 4699
306 4700
306 4701
306 4702
307 4703
307 4704
307 4705
307 4706
307 4707
307 4708
307 4709
307 4710
307 4711
307 4712
307 4713
307 4714
307 4715
307 4716
308 4717
308 4718
308 4719
308 4720
308 4721
308 4722
308 4723
308 4724
308 4725
308 4726
308 4727
308 4728
308 4729
308 4730
309 4731
309 4732
309 4733
309 4734
309 4735
309 4736
309 4737
309 4738
309 4739
309 4740
309 4741
309 4742
309 4743
309 4744
310 4745
310 4746
310 4747
310 4748
310 4749
310 4750
310 4751
310 4752
310 4753
310 4754
310 4755
310 4756
310 4757
310 4758
311 4759
311 4760
311 4761
311 4762
311 4763
311 4764
311 4765
311 4766
311 4767
311 4768
311 4769
311 4770
311 4771
311 4772
312 4773
312 4774
312 4775
312 4776
312 4777
312 4778
312 4779
312 4780
312 4781
312 4782
312 4783
312 4784
312 4785
312 4786
313 4787
313 4788
313 4789
313 4790
313 4791
313 4792
313 4793
313 4794
313 4795
313 4796
313 4797
313 4798
313 4799
313 4800
314 4801
314 4802
314 4803
314 4804
314 4805
314 4806
314 4807
314 4808
314 4809
314 4810
314 4811
314 4812
314 4813
314 4814
315 4815
315 4816
315 4817
315 4818
315 4819
315 4820
315 4821
315 4822
315 4823
315 4824
315 4825
315 4826
315 4827
315 4828
316 4829
316 4830
316 4831
316 4832
316 4833
316 4834
316 4835
316 4836
316 4837
316 4838
316 4839
316 4840
316 4841
316 4842
317 4843
317 4844
317 4845
317 4846
317 4847
317 4848
317 4849
317 4850
317 4851
317 4852
317 4853
317 4854
317 4855
317 4856
318 4857
318 4858
318 4859
318 4860
318 4861
318 4862
318 4863
318 4864
318 4865
318 4866
318 4867
318 4868
318 4869
318 4870
319 4871
319 4872
319 4873
319 4874
319 4875
319 4876
319 4877
319 4878
319 4879
319 4880
319 4881
319 4882
319 4883
319 4884
320 4885
320 4886
320 4887
320 4888
320 4889
320 4890
320 4891
320 4892
320 4893
320 4894
320 4895
320 4896
320 4897
320 4898
321 4899
321 4900
321 4901
321 4902
321 4903
321 4904
321 4905
321 4906
321 4907
321 4908
321 4909
321 4910
321 4911
321 4912
322 4913
322 4914
322 4915
322 4916
322 4917
322 4918
322 4919
322 4920
322 4921
322 4922
322 4923
322 4924
322 4925
322 4926
323 4927
323 4928
323 4929
323 4930
323 4931
323 4932
323 4933
323 4934
323 4935
323 4936
323 4937
323 4938
323 4939
323 4940
324 4941
324 4942
324 4943
324 4944
324 4945
324 4946
324 4947
324 4948
324 4949
324 4950
324 4951
324 4952
324 4953
324 4954
325 4955
325 4956
325 4957
325 4958
325 4959
325 4960
325 4961
325 4962
325 4963
325 4964
325 4965
325 4966
325 4967
325 4968
326 4969
326 4970
326 4971
326 4972
326 4973
326 4974
326 4975
326 4976
326 4977
326 4978
326 4979
326 4980
326 4981
326 4982
327 4983
327 4984
327 4985
327 4986
327 4987
327 4988
327 4989
327 4990
327 4991
327 4992
327 4993
327 4994
327 4995
327 4996
328 4997
328 4998
328 4999
328 5000
328 5001
328 5002
328 5003
328 5004
328 5005
328 5006
328 5007
328 5008
328 5009
328 5010
329 5011
329 5012
329 5013
329 5014
329 5015
329 5016
329 5017
329 5018
329 5019
329 5020
329 5021
329 5022
329 5023
329 5024
330 5025
330 5026
330 5027
330 5028
330 5029
330 5030
330 5031
330 5032
330 5033
330 5034
330 5035
330 5036
330 5037
330 5038
331 5039
331 5040
331 5041
331 5042
331 5043
331 5044
331 5045
331 5046
331 5047
331 5048
331 5049
331 5050
331 5051
331 5052
332 5053
332 5054
332 5055
332 5056
332 5057
332 5058
332 5059
332 5060
332 5061
332 5062
332 5063
332 5064
332 5065
332 5066
333 5067
333 5068
333 5069
333 5070
333 5071
333 5072
333 5073
333 5074
333 5075
333 5076
333 5077
333 5078
333 5079
333 5080
334 5081
334 5082
334 5083
334 5084
334 5085
334 5086
334 5087
334 5088
334 5089
334 5090
334 5091
334 5092
334 5093
334 5094
335 5095
335 5096
335 5097
335 5098
335 5099
335 5100
335 5101
335 5102
335 5103
335 5104
335 5105
335 5106
335 5107
335 5108
336 5109
336 5110
336 5111
336 5112
336 5113
336 5114
336 5115
336 5116
336 5117
336 5118
336 5119
336 5120
336 5121
336 5122
337 5123
337 5124
337 5125
337 5126
337 5127
337 5128
337 5129
337 5130
337 5131
337 5132
337 5133
337 5134
337 5135
337 5136
338 5137
338 5138
338 5139
338 5140
338 5141
338 5142
338 5143
338 5144
338 5145
338 5146
338 5147
338 5148
338 5149
338 5150
339 5151
339 5152
339 5153
339 5154
339 5155
339 5156
339 5157
339 5158
339 5159
339 5160
339 5161
339 5162
339 5163
339 5164
340 5165
340 5166
340 5167
340 5168
340 5169
340 5170
340 5171
340 5172
340 5173
340 5174
340 5175
340 5176
340 5177
340 5178
341 5179
341 5180
341 5181
341 5182
341 5183
341 5184
341 5185
341 5186
341 5187
341 5188
341 5189
341 5190
341 5191
341 5192
342 5193
342 5194
342 5195
342 5196
342 5197
342 5198
342 5199
342 5200
342 5201
342 5202
342 5203
342 5204
342 5205
342 5206
343 5207
343 5208
343 5209
343 5210
343 5211
343 5212
343 5213
343 5214
343 5215
343 5216
343 5217
343 5218
343 5219
343 5220
344 5221
344 5222
344 5223
344 5224
344 5225
344 5226
344 5227
344 5228
344 5229
344 5230
344 5231
344 5232
344 5233
344 5234
345 5235
345 5236
345 5237
345 5238
345 5239
345 5240
345 5241
345 5242
345 5243
345 5244
345 5245
345 5246
345 5247
345 5248
346 5249
346 5250
346 5251
346 5252
346 5253
346 5254
346 5255
346 5256
346 5257
346 5258
346 5259
346 5260
346 5261
346 5262
347 5263
347 5264
347 5265
347 5266
347 5267
347 5268
347 5269
347 5270
347 5271
347 5272
347 5273
347 5274
347 5275
347 5276
348 5277
348 5278
348 5279
348 5280
348 5281
348 5282
348 5283
348 5284
348 5285
348 5286
348 5287
348 5288
348 5289
348 5290
349 5291
349 5292
349 5293
349 5294
349 5295
349 5296
349 5297
349 5298
349 5299
349 5300
349 5301
349 5302
349 5303
349 5304
350 5305
350 5306
350 5307
350 5308
350 5309
350 5310
350 5311
350 5312
350 5313
350 5314
350 5315
350 5316
350 5317
350 5318
351 5319
351 5320
351 5321
351 5322
351 5323
351 5324
351 5325
351 5326
351 5327
351 5328
351 5329
351 5330
351 5331
351 5332
352 5333
352 5334
352 5335
352 5336
352 5337
352 5338
352 5339
352 5340
352 5341
352 5342
352 5343
352 5344
352 5345
352 5346
353 5347
353 5348
353 5349
353 5350
353 5351
353 5352
353 5353
353 5354
353 5355
353 5356
353 5357
353 5358
353 5359
353 5360
354 5361
354 5362
354 5363
354 5364
354 5365
354 5366
354 5367
354 5368
354 5369
354 5370
354 5371
354 5372
354 5373
354 5374
355 5375
355 5376
355 5377
355 5378
355 5379
355 5380
355 5381
355 5382
355 5383
355 5384
355 5385
355 5386
355 5387
355 5388
356 5389
356 5390
356 5391
356 5392
356 5393
356 5394
356 5395
356 5396
356 5397
356 5398
356 5399
356 5400
356 5401
356 5402
357 5403
357 5404
357 5405
357 5406
357 5407
357 5408
357 5409
357 5410
357 5411
357 5412
357 5413
357 5414
357 5415
357 5416
358 5417
358 5418
358 5419
358 5420
358 5421
358 5422
358 5423
358 5424
358 5425
358 5426
358 5427
358 5428
358 5429
358 5430
359 5431
359 5432
359 5433
359 5434
359 5435
359 5436
359 5437
359 5438
359 5439
359 5440
359 5441
359 5442
359 5443
359 5444
360 5445
360 5446
360 5447
360 5448
360 5449
360 5450
360 5451
360 5452
360 5453
360 5454
360 5455
360 5456
360 5457
360 5458
361 5459
361 5460
361 5461
361 5462
361 5463
361 5464
361 5465
361 5466
361 5467
361 5468
361 5469
361 5470
361 5471
361 5472
362 5473
362 5474
362 5475
362 5476
362 5477
362 5478
362 5479
362 5480
362 5481
362 5482
362 5483
362 5484
362 5485
362 5486
363 5487
363 5488
363 5489
363 5490
363 5491
363 5492
363 5493
363 5494
363 5495
363 5496
363 5497
363 5498
363 5499
363 5500
364 5501
364 5502
364 5503
364 5504
364 5505
364 5506
364 5507
364 5508
364 5509
364 5510
364 5511
364 5512
364 5513
364 5514
365 5515
365 5516
365 5517
365 5518
365 5519
365 5520
365 5521
365 5522
365 5523
365 5524
365 5525
365 5526
365 5527
365 5528
366 5529
366 5530
366 5531
366 5532
366 5533
366 5534
366 5535
366 5536
366 5537
366 5538
366 5539
366 5540
366 5541
366 5542
367 5543
367 5544
367 5545
367 5546
367 5547
367 5548
367 5549
367 5550
367 5551
367 5552
367 5553
367 5554
367 5555
367 5556
368 5557
368 5558
368 5559
368 5560
368 5561
368 5562
368 5563
368 5564
368 5565
368 5566
368 5567
368 5568
368 5569
368 5570
369 5571
369 5572
369 5573
369 5574
369 5575
369 5576
369 5577
369 5578
369 5579
369 5580
369 5581
369 5582
369 5583
369 5584
370 5585
370 5586
370 5587
370 5588
370 5589
370 5590
370 5591
370 5592
370 5593
370 5594
370 5595
370 5596
370 5597
370 5598
371 5599
371 5600
371 5601
371 5602
371 5603
371 5604
371 5605
371 5606
371 5607
371 5608
371 5609
371 5610
371 5611
371 5612
372 5613
372 5614
372 5615
372 5616
372 5617
372 5618
372 5619
372 5620
372 5621
372 5622
372 5623
372 5624
372 5625
372 5626
373 5627
373 5628
373 5629
373 5630
373 5631
373 5632
373 5633
373 5634
373 5635
373 5636
373 5637
373 5638
373 5639
373 5640
374 5641
374 5642
374 5643
374 5644
374 5645
374 5646
374 5647
374 5648
374 5649
374 5650
374 5651
374 5652
374 5653
374 5654
375 5655
375 5656
375 5657
375 5658
375 5659
375 5660
375 5661
375 5662
375 5663
375 5664
375 5665
375 5666
375 5667
375 5668
376 5669
376 5670
376 5671
376 5672
376 5673
376 5674
376 5675
376 5676
376 5677
376 5678
376 5679
376 5680
376 5681
376 5682
377 5683
377 5684
377 5685
377 5686
377 5687
377 5688
377 5689
377 5690
377 5691
377 5692
377 5693
377 5694
377 5695
377 5696
378 5697
378 5698
378 5699
378 5700
378 5701
378 5702
378 5703
378 5704
378 5705
378 5706
378 5707
378 5708
378 5709
378 5710
379 5711
379 5712
379 5713
379 5714
379 5715
379 5716
379 5717
379 5718
379 5719
379 5720
379 5721
379 5722
379 5723
379 5724
380 5725
380 5726
380 5727
380 5728
380 5729
380 5730
380 5731
380 5732
380 5733
380 5734
380 5735
380 5736
380 5737
380 5738
381 5739
381 5740
381 5741
381 5742
381 5743
381 5744
381 5745
381 5746
381 5747
381 5748
381 5749
381 5750
381 5751
381 5752
382 5753
382 5754
382 5755
382 5756
382 5757
382 5758
382 5759
382 5760
382 5761
382 5762
382 5763
382 5764
382 5765
382 5766
383 5767
383 5768
383 5769
383 5770
383 5771
383 5772
383 5773
383 5774
383 5775
383 5776
383 5777
383 5778
383 5779
383 5780
384 5781
384 5782
384 5783
384 5784
384 5785
384 5786
384 5787
384 5788
384 5789
384 5790
384 5791
384 5792
384 5793
384 5794
385 5795
385 5796
385 5797
385 5798
385 5799
385 5800
385 5801
385 5802
385 5803
385 5804
385 5805
385 5806
385 5807
385 5808
386 5809
386 5810
386 5811
386 5812
386 5813
386 5814
386 5815
386 5816
386 5817
386 5818
386 5819
386 5820
386 5821
386 5822
387 5823
387 5824
387 5825
387 5826
387 5827
387 5828
387 5829
387 5830
387 5831
387 5832
387 5833
387 5834
387 5835
387 5836
388 5837
388 5838
388 5839
388 5840
388 5841
388 5842
388 5843
388 5844
388 5845
388 5846
388 5847
388 5848
388 5849
388 5850
389 5851
389 5852
389 5853
389 5854
389 5855
389 5856
389 5857
389 5858
389 5859
389 5860
389 5861
389 5862
389 5863
389 5864
390 5865
390 5866
390 5867
390 5868
390 5869
390 5870
390 5871
390 5872
390 5873
390 5874
390 5875
390 5876
390 5877
390 5878
391 5879
391 5880
391 5881
391 5882
391 5883
391 5884
391 5885
391 5886
391 5887
391 5888
391 5889
391 5890
391 5891
391 5892
392 5893
392 5894
392 5895
392 5896
392 5897
392 5898
392 5899
392 5900
392 5901
392 5902
392 5903
392 5904
392 5905
392 5906
393 5907
393 5908
393 5909
393 5910
393 5911
393 5912
393 5913
393 5914
393 5915
393 5916
393 5917
393 5918
393 5919
393 5920
394 5921
394 5922
394 5923
394 5924
394 5925
394 5926
394 5927
394 5928
394 5929
394 5930
394 5931
394 5932
394 5933
394 5934
395 5935
395 5936
395 5937
395 5938
395 5939
395 5940
395 5941
395 5942
395 5943
395 5944
395 5945
395 5946
395 5947
395 5948
396 5949
396 5950
396 5951
396 5952
396 5953
396 5954
396 5955
396 5956
396 5957
396 5958
396 5959
396 5960
396 5961
396 5962
397 5963
397 5964
397 5965
397 5966
397 5967
397 5968
397 5969
397 5970
397 5971
397 5972
397 5973
397 5974
397 5975
397 5976
398 5977
398 5978
398 5979
398 5980
398 5981
398 5982
398 5983
398 5984
398 5985
398 5986
398 5987
398 5988
398 5989
398 5990
399 5991
399 5992
399 5993
399 5994
399 5995
399 5996
399 5997
399 5998
399 5999
399 6000
399 6001
399 6002
399 6003
399 6004
400 6005
400 6006
400 6007
400 6008
400 6009
400 6010
400 6011
400 6012
400 6013
400 6014
400 6015
400 6016
400 6017
400 6018
401 6019
401 6020
401 6021
401 6022
401 6023
401 6024
401 6025
401 6026
401 6027
401 6028
401 6029
401 6030
401 6031
401 6032
402 6033
402 6034
402 6035
402 6036
402 6037
402 6038
402 6039
402 6040
402 6041
402 6042
402 6043
402 6044
402 6045
402 6046
403 6047
403 6048
403 6049
403 6050
403 6051
403 6052
403 6053
403 6054
403 6055
403 6056
403 6057
403 6058
403 6059
403 6060
404 6061
404 6062
404 6063
404 6064
404 6065
404 6066
404 6067
404 6068
404 6069
404 6070
404 6071
404 6072
404 6073
404 6074
