0 377
0 35
0 260
0 406
1 209
1 58
1 10
1 190
2 218
2 452
2 394
2 95
3 168
3 313
3 451
3 364
4 120
4 132
4 437
4 487
5 337
5 347
5 44
5 454
6 200
6 272
6 397
6 215
7 304
7 203
7 404
7 199
8 152
8 450
8 299
8 68
9 448
9 370
9 332
9 398
10 11
10 30
10 294
11 84
11 285
11 262
12 376
12 353
12 445
12 487
13 363
13 252
13 334
13 119
14 248
14 16
14 378
14 28
15 380
15 258
15 100
15 292
16 72
16 329
16 134
17 304
17 330
17 179
17 373
18 265
18 371
18 198
18 137
19 144
19 193
19 477
19 495
20 81
20 314
20 357
20 97
21 371
21 475
21 124
21 37
22 444
22 148
22 446
22 159
23 66
23 103
23 133
23 285
24 449
24 60
24 276
24 55
25 432
25 73
25 195
25 428
26 156
26 165
26 398
26 351
27 387
27 139
27 174
27 398
28 282
28 373
28 223
29 201
29 43
29 300
29 262
30 264
30 268
30 109
31 288
31 137
31 35
31 467
32 63
32 91
32 339
32 227
33 88
33 91
33 245
33 127
34 265
34 35
34 301
34 150
35 438
36 116
36 77
36 430
36 365
37 289
37 83
37 189
38 152
38 96
38 386
38 374
39 266
39 63
39 253
39 151
40 208
40 363
40 147
40 195
41 482
41 379
41 276
41 226
42 360
42 249
42 154
42 75
43 184
43 168
43 375
44 48
44 115
44 101
45 368
45 289
45 334
45 63
46 437
46 421
46 118
46 349
47 328
47 179
47 358
47 302
48 232
48 315
48 103
49 451
49 252
49 461
49 421
50 433
50 111
50 180
50 199
51 169
51 402
51 290
51 313
52 234
52 54
52 366
52 246
53 115
53 468
53 349
53 231
54 250
54 147
54 69
55 339
55 308
55 302
56 162
56 291
56 332
56 439
57 257
57 394
57 332
57 253
58 312
58 198
58 254
59 392
59 432
59 141
59 487
60 408
60 378
60 221
61 306
61 243
61 453
61 367
62 208
62 281
62 311
62 327
63 248
64 352
64 130
64 333
64 303
65 496
65 440
65 394
65 225
66 232
66 226
66 194
67 440
67 315
67 476
67 294
68 441
68 91
68 257
69 258
69 131
69 428
70 128
70 346
70 394
70 279
71 345
71 363
71 405
71 495
72 385
72 454
72 431
73 89
73 356
73 422
74 128
74 321
74 412
74 485
75 376
75 336
75 246
76 150
76 405
76 230
76 175
77 192
77 168
77 354
78 355
78 379
78 221
78 431
79 224
79 448
79 445
79 407
80 449
80 418
80 457
80 439
81 362
81 186
81 270
82 178
82 235
82 454
82 383
83 411
83 182
83 477
84 259
84 210
84 373
85 264
85 337
85 98
85 415
86 281
86 274
86 171
86 438
87 304
87 258
87 453
87 285
88 205
88 166
88 393
89 256
89 133
89 471
90 145
90 353
90 157
90 463
91 218
92 465
92 442
92 117
92 366
93 392
93 210
93 132
93 295
94 129
94 409
94 254
94 185
95 467
95 117
95 286
96 154
96 443
96 214
97 140
97 299
97 127
98 200
98 249
98 238
99 385
99 212
99 462
99 308
100 186
100 395
100 286
101 121
101 229
101 415
102 313
102 434
102 331
102 143
103 136
103 199
104 129
104 357
104 110
104 295
105 266
105 237
105 286
105 461
106 272
106 129
106 460
106 496
107 249
107 194
107 358
107 481
108 436
108 339
108 204
108 325
109 432
109 183
109 223
110 291
110 364
110 151
111 176
111 130
111 269
112 192
112 211
112 135
112 215
113 493
113 119
113 245
113 143
114 442
114 428
114 218
114 407
115 280
115 372
116 144
116 321
116 377
117 187
117 485
118 409
118 163
118 419
119 491
119 206
120 464
120 362
120 203
121 180
121 341
121 175
122 176
122 305
122 498
122 447
123 361
123 410
123 171
123 153
124 146
124 206
124 182
125 137
125 234
125 139
125 130
126 305
126 338
126 242
126 135
127 291
127 307
128 275
128 483
129 291
130 382
131 464
131 257
131 320
132 283
132 404
133 455
133 149
134 376
134 435
134 311
135 300
135 469
136 489
136 172
136 326
137 174
138 312
138 443
138 196
138 222
139 489
139 499
140 371
140 332
140 247
141 296
141 361
141 151
142 393
142 418
142 382
142 239
143 268
143 297
144 288
144 373
145 498
145 324
145 175
146 457
146 422
146 407
147 324
147 390
148 170
148 274
148 269
149 456
149 361
149 282
150 178
150 277
151 289
152 283
152 461
153 274
153 491
153 270
154 413
154 319
155 360
155 476
155 214
155 343
156 400
156 484
156 223
157 314
157 379
157 309
158 448
158 410
158 459
158 414
159 370
159 414
159 167
160 450
160 260
160 478
160 327
161 216
161 232
161 424
161 276
162 399
162 333
162 325
163 360
163 202
163 482
164 241
164 450
164 330
164 290
165 194
165 388
165 325
166 220
166 396
166 199
167 353
167 476
167 205
168 389
169 476
169 364
169 213
170 316
170 413
170 318
171 336
171 492
172 441
172 251
172 216
173 408
173 418
173 411
173 397
174 304
174 298
175 278
176 497
176 177
177 241
177 206
177 246
178 474
178 189
179 275
179 303
180 444
180 190
181 184
181 271
181 462
181 383
182 388
182 485
183 482
183 307
183 423
184 386
184 229
185 306
185 486
185 421
186 237
186 391
187 473
187 324
187 389
188 458
188 275
188 204
188 221
189 234
189 290
190 456
190 298
191 339
191 261
191 350
191 219
192 410
192 357
193 273
193 269
193 479
194 469
195 331
195 342
196 335
196 395
196 399
197 288
197 272
197 397
197 393
198 224
198 255
200 352
200 289
201 217
201 475
201 308
202 401
202 474
202 242
203 233
203 279
204 293
204 431
205 321
205 443
206 484
207 240
207 344
207 408
207 329
208 457
208 381
209 348
209 297
209 300
210 299
210 471
211 352
211 323
211 262
212 228
212 459
212 271
213 428
213 334
213 423
214 341
214 494
215 306
215 434
216 427
216 345
217 296
217 243
217 398
218 423
219 493
219 350
219 415
220 336
220 484
220 270
221 286
222 225
222 450
222 479
223 279
224 364
224 300
225 469
225 471
226 297
226 255
227 444
227 228
227 310
228 283
228 315
229 452
229 263
230 481
230 251
230 381
231 274
231 236
231 406
232 455
233 402
233 412
233 470
234 295
235 318
235 238
235 495
236 465
236 444
236 334
237 380
237 349
238 377
238 321
239 456
239 489
239 465
240 435
240 453
240 470
241 486
241 273
242 395
242 443
243 420
243 437
244 287
244 259
244 429
244 445
245 312
245 488
246 463
247 460
247 261
247 433
248 464
248 367
249 417
250 361
250 387
250 413
251 313
251 427
252 328
252 314
253 347
253 477
254 354
254 263
255 452
255 429
256 299
256 396
256 372
257 303
258 267
259 492
259 471
260 265
260 494
261 480
261 386
262 319
263 387
263 494
264 483
264 359
265 294
266 432
266 475
267 311
267 309
267 287
268 467
268 455
269 422
270 375
271 374
271 478
272 466
273 411
273 404
275 402
276 388
277 344
277 354
277 379
278 369
278 335
278 430
279 405
280 498
280 365
280 342
281 356
281 301
282 340
282 493
283 359
284 392
284 473
284 290
284 285
287 337
287 362
288 416
292 441
292 370
292 446
293 499
293 454
293 462
294 301
295 345
296 393
296 473
297 472
298 440
298 431
301 322
302 492
302 438
303 451
305 409
305 470
306 420
307 480
307 473
308 435
309 384
309 459
310 472
310 323
310 479
311 410
312 378
314 355
315 425
316 425
316 468
316 346
317 416
317 378
317 490
317 391
318 401
318 381
319 396
319 399
320 482
320 436
320 333
322 411
322 382
322 463
323 451
323 483
324 362
325 372
326 466
326 475
326 421
327 466
327 460
328 425
328 357
329 336
329 347
330 433
330 430
331 384
331 335
333 355
335 350
337 383
338 434
338 459
338 436
340 416
340 496
340 359
341 472
341 358
342 385
342 397
343 458
343 371
343 356
344 498
344 439
345 414
346 369
346 403
347 469
348 472
348 483
348 415
349 447
350 499
351 426
351 468
351 479
352 426
353 400
354 389
355 402
356 368
358 449
359 374
360 440
363 478
365 368
365 497
366 478
366 487
367 458
367 429
368 399
369 434
369 375
370 481
372 382
374 445
375 485
376 403
377 387
380 403
380 422
381 446
383 405
384 417
384 427
385 425
386 389
388 488
390 396
390 419
390 435
391 442
391 420
392 426
395 449
400 416
400 404
401 424
401 463
403 420
406 489
406 488
407 492
408 462
409 439
412 433
412 455
413 486
414 427
417 418
417 448
419 460
419 438
423 497
424 490
424 470
426 452
429 494
430 474
436 453
437 496
441 456
442 499
446 465
447 481
447 497
457 467
458 490
461 480
464 480
466 493
468 486
474 477
484 488
490 491
491 495
0 500
0 501
0 502
0 503
0 504
0 505
0 506
0 507
0 508
0 509
0 510
0 511
0 512
0 513
0 514
0 515
1 516
1 517
1 518
1 519
1 520
1 521
1 522
1 523
1 524
1 525
1 526
1 527
1 528
1 529
1 530
1 531
2 532
2 533
2 534
2 535
2 536
2 537
2 538
2 539
2 540
2 541
2 542
2 543
2 544
2 545
2 546
2 547
3 548
3 549
3 550
3 551
3 552
3 553
3 554
3 555
3 556
3 557
3 558
3 559
3 560
3 561
3 562
3 563
4 564
4 565
4 566
4 567
4 568
4 569
4 570
4 571
4 572
4 573
4 574
4 575
4 576
4 577
4 578
4 579
5 580
5 581
5 582
5 583
5 584
5 585
5 586
5 587
5 588
5 589
5 590
5 591
5 592
5 593
5 594
5 595
6 596
6 597
6 598
6 599
6 600
6 601
6 602
6 603
6 604
6 605
6 606
6 607
6 608
6 609
6 610
6 611
7 612
7 613
7 614
7 615
7 616
7 617
7 618
7 619
7 620
7 621
7 622
7 623
7 624
7 625
7 626
7 627
8 628
8 629
8 630
8 631
8 632
8 633
8 634
8 635
8 636
8 637
8 638
8 639
8 640
8 641
8 642
8 643
9 644
9 645
9 646
9 647
9 648
9 649
9 650
9 651
9 652
9 653
9 654
9 655
9 656
9 657
9 658
9 659
10 660
10 661
10 662
10 663
10 664
10 665
10 666
10 667
10 668
10 669
10 670
10 671
10 672
10 673
10 674
10 675
11 676
11 677
11 678
11 679
11 680
11 681
11 682
11 683
11 684
11 685
11 686
11 687
11 688
11 689
11 690
11 691
12 692
12 693
12 694
12 695
12 696
12 697
12 698
12 699
12 700
12 701
12 702
12 703
12 704
12 705
12 706
12 707
13 708
13 709
13 710
13 711
13 712
13 713
13 714
13 715
13 716
13 717
13 718
13 719
13 720
13 721
13 722
13 723
14 724
14 725
14 726
14 727
14 728
14 729
14 730
14 731
14 732
14 733
14 734
14 735
14 736
14 737
14 738
14 739
15 740
15 741
15 742
15 743
15 744
15 745
15 746
15 747
15 748
15 749
15 750
15 751
15 752
15 753
15 754
15 755
16 756
16 757
16 758
16 759
16 760
16 761
16 762
16 763
16 764
16 765
16 766
16 767
16 768
16 769
16 770
16 771
17 772
17 773
17 774
17 775
17 776
17 777
17 778
17 779
17 780
17 781
17 782
17 783
17 784
17 785
17 786
17 787
18 788
18 789
18 790
18 791
18 792
18 793
18 794
18 795
18 796
18 797
18 798
18 799
18 800
18 801
18 802
18 803
19 804
19 805
19 806
19 807
19 808
19 809
19 810
19 811
19 812
19 813
19 814
19 815
19 816
19 817
19 818
19 819
20 820
20 821
20 822
20 823
20 824
20 825
20 826
20 827
20 828
20 829
20 830
20 831
20 832
20 833
20 834
20 835
21 836
21 837
21 838
21 839
21 840
21 841
21 842
21 843
21 844
21 845
21 846
21 847
21 848
21 849
21 850
21 851
22 852
22 853
22 854
22 855
22 856
22 857
22 858
22 859
22 860
22 861
22 862
22 863
22 864
22 865
22 866
22 867
23 868
23 869
23 870
23 871
23 872
23 873
23 874
23 875
23 876
23 877
23 878
23 879
23 880
23 881
23 882
23 883
24 884
24 885
24 886
24 887
24 888
24 889
24 890
24 891
24 892
24 893
24 894
24 895
24 896
24 897
24 898
24 899
25 900
25 901
25 902
25 903
25 904
25 905
25 906
25 907
25 908
25 909
25 910
25 911
25 912
25 913
25 914
25 915
26 916
26 917
26 918
26 919
26 920
26 921
26 922
26 923
26 924
26 925
26 926
26 927
26 928
26 929
26 930
26 931
27 932
27 933
27 934
27 935
27 936
27 937
27 938
27 939
27 940
27 941
27 942
27 943
27 944
27 945
27 946
27 947
28 948
28 949
28 950
28 951
28 952
28 953
28 954
28 955
28 956
28 957
28 958
28 959
28 960
28 961
28 962
28 963
29 964
29 965
29 966
29 967
29 968
29 969
29 970
29 971
29 972
29 973
29 974
29 975
29 976
29 977
29 978
29 979
30 980
30 981
30 982
30 983
30 984
30 985
30 986
30 987
30 988
30 989
30 990
30 991
30 992
30 993
30 994
30 995
31 996
31 997
31 998
31 999
31 1000
31 1001
31 1002
31 1003
31 1004
31 1005
31 1006
31 1007
31 1008
31 1009
31 1010
31 1011
32 1012
32 1013
32 1014
32 1015
32 1016
32 1017
32 1018
32 1019
32 1020
32 1021
32 1022
32 1023
32 1024
32 1025
32 1026
32 1027
33 1028
33 1029
33 1030
33 1031
33 1032
33 1033
33 1034
33 1035
33 1036
33 1037
33 1038
33 1039
33 1040
33 1041
33 1042
33 1043
34 1044
34 1045
34 1046
34 1047
34 1048
34 1049
34 1050
34 1051
34 1052
34 1053
34 1054
34 1055
34 1056
34 1057
34 1058
34 1059
35 1060
35 1061
35 1062
35 1063
35 1064
35 1065
35 1066
35 1067
35 1068
35 1069
35 1070
35 1071
35 1072
35 1073
35 1074
35 1075
36 1076
36 1077
36 1078
36 1079
36 1080
36 1081
36 1082
36 1083
36 1084
36 1085
36 1086
36 1087
36 1088
36 1089
36 1090
36 1091
37 1092
37 1093
37 1094
37 1095
37 1096
37 1097
37 1098
37 1099
37 1100
37 1101
37 1102
37 1103
37 1104
37 1105
37 1106
37 1107
38 1108
38 1109
38 1110
38 1111
38 1112
38 1113
38 1114
38 1115
38 1116
38 1117
38 1118
38 1119
38 1120
38 1121
38 1122
38 1123
39 1124
39 1125
39 1126
39 1127
39 1128
39 1129
39 1130
39 1131
39 1132
39 1133
39 1134
39 1135
39 1136
39 1137
39 1138
39 1139
40 1140
40 1141
40 1142
40 1143
40 1144
40 1145
40 1146
40 1147
40 1148
40 1149
40 1150
40 1151
40 1152
40 1153
40 1154
40 1155
41 1156
41 1157
41 1158
41 1159
41 1160
41 1161
41 1162
41 1163
41 1164
41 1165
41 1166
41 1167
41 1168
41 1169
41 1170
41 1171
42 1172
42 1173
42 1174
42 1175
42 1176
42 1177
42 1178
42 1179
42 1180
42 1181
42 1182
42 1183
42 1184
42 1185
42 1186
42 1187
43 1188
43 1189
43 1190
43 1191
43 1192
43 1193
43 1194
43 1195
43 1196
43 1197
43 1198
43 1199
43 1200
43 1201
43 1202
43 1203
44 1204
44 1205
44 1206
44 1207
44 1208
44 1209
44 1210
44 1211
44 1212
44 1213
44 1214
44 1215
44 1216
44 1217
44 1218
44 1219
45 1220
45 1221
45 1222
45 1223
45 1224
45 1225
45 1226
45 1227
45 1228
45 1229
45 1230
45 1231
45 1232
45 1233
45 1234
45 1235
46 1236
46 1237
46 1238
46 1239
46 1240
46 1241
46 1242
46 1243
46 1244
46 1245
46 1246
46 1247
46 1248
46 1249
46 1250
46 1251
47 1252
47 1253
47 1254
47 1255
47 1256
47 1257
47 1258
47 1259
47 1260
47 1261
47 1262
47 1263
47 1264
47 1265
47 1266
47 1267
48 1268
48 1269
48 1270
48 1271
48 1272
48 1273
48 1274
48 1275
48 1276
48 1277
48 1278
48 1279
48 1280
48 1281
48 1282
48 1283
49 1284
49 1285
49 1286
49 1287
49 1288
49 1289
49 1290
49 1291
49 1292
49 1293
49 1294
49 1295
49 1296
49 1297
49 1298
49 1299
50 1300
50 1301
50 1302
50 1303
50 1304
50 1305
50 1306
50 1307
50 1308
50 1309
50 1310
50 1311
50 1312
50 1313
50 1314
50 1315
51 1316
51 1317
51 1318
51 1319
51 1320
51 1321
51 1322
51 1323
51 1324
51 1325
51 1326
51 1327
51 1328
51 1329
51 1330
51 1331
52 1332
52 1333
52 1334
52 1335
52 1336
52 1337
52 1338
52 1339
52 1340
52 1341
52 1342
52 1343
52 1344
52 1345
52 1346
52 1347
53 1348
53 1349
53 1350
53 1351
53 1352
53 1353
53 1354
53 1355
53 1356
53 1357
53 1358
53 1359
53 1360
53 1361
53 1362
53 1363
54 1364
54 1365
54 1366
54 1367
54 1368
54 1369
54 1370
54 1371
54 1372
54 1373
54 1374
54 1375
54 1376
54 1377
54 1378
54 1379
55 1380
55 1381
55 1382
55 1383
55 1384
55 1385
55 1386
55 1387
55 1388
55 1389
55 1390
55 1391
55 1392
55 1393
55 1394
55 1395
56 1396
56 1397
56 1398
56 1399
56 1400
56 1401
56 1402
56 1403
56 1404
56 1405
56 1406
56 1407
56 1408
56 1409
56 1410
56 1411
57 1412
57 1413
57 1414
57 1415
57 1416
57 1417
57 1418
57 1419
57 1420
57 1421
57 1422
57 1423
57 1424
57 1425
57 1426
57 1427
58 1428
58 1429
58 1430
58 1431
58 1432
58 1433
58 1434
58 1435
58 1436
58 1437
58 1438
58 1439
58 1440
58 1441
58 1442
58 1443
59 1444
59 1445
59 1446
59 1447
59 1448
59 1449
59 1450
59 1451
59 1452
59 1453
59 1454
59 1455
59 1456
59 1457
59 1458
59 1459
60 1460
60 1461
60 1462
60 1463
60 1464
60 1465
60 1466
60 1467
60 1468
60 1469
60 1470
60 1471
60 1472
60 1473
60 1474
60 1475
61 1476
61 1477
61 1478
61 1479
61 1480
61 1481
61 1482
61 1483
61 1484
61 1485
61 1486
61 1487
61 1488
61 1489
61 1490
61 1491
62 1492
62 1493
62 1494
62 1495
62 1496
62 1497
62 1498
62 1499
62 1500
62 1501
62 1502
62 1503
62 1504
62 1505
62 1506
62 1507
63 1508
63 1509
63 1510
63 1511
63 1512
63 1513
63 1514
63 1515
63 1516
63 1517
63 1518
63 1519
63 1520
63 1521
63 1522
63 1523
64 1524
64 1525
64 1526
64 1527
64 1528
64 1529
64 1530
64 1531
64 1532
64 1533
64 1534
64 1535
64 1536
64 1537
64 1538
64 1539
65 1540
65 1541
65 1542
65 1543
65 1544
65 1545
65 1546
65 1547
65 1548
65 1549
65 1550
65 1551
65 1552
65 1553
65 1554
65 1555
66 1556
66 1557
66 1558
66 1559
66 1560
66 1561
66 1562
66 1563
66 1564
66 1565
66 1566
66 1567
66 1568
66 1569
66 1570
66 1571
67 1572
67 1573
67 1574
67 1575
67 1576
67 1577
67 1578
67 1579
67 1580
67 1581
67 1582
67 1583
67 1584
67 1585
67 1586
67 1587
68 1588
68 1589
68 1590
68 1591
68 1592
68 1593
68 1594
68 1595
68 1596
68 1597
68 1598
68 1599
68 1600
68 1601
68 1602
68 1603
69 1604
69 1605
69 1606
69 1607
69 1608
69 1609
69 1610
69 1611
69 1612
69 1613
69 1614
69 1615
69 1616
69 1617
69 1618
69 1619
70 1620
70 1621
70 1622
70 1623
70 1624
70 1625
70 1626
70 1627
70 1628
70 1629
70 1630
70 1631
70 1632
70 1633
70 1634
70 1635
71 1636
71 1637
71 1638
71 1639
71 1640
71 1641
71 1642
71 1643
71 1644
71 1645
71 1646
71 1647
71 1648
71 1649
71 1650
71 1651
72 1652
72 1653
72 1654
72 1655
72 1656
72 1657
72 1658
72 1659
72 1660
72 1661
72 1662
72 1663
72 1664
72 1665
72 1666
72 1667
73 1668
73 1669
73 1670
73 1671
73 1672
73 1673
73 1674
73 1675
73 1676
73 1677
73 1678
73 1679
73 1680
73 1681
73 1682
73 1683
74 1684
74 1685
74 1686
74 1687
74 1688
74 1689
74 1690
74 1691
74 1692
74 1693
74 1694
74 1695
74 1696
74 1697
74 1698
74 1699
75 1700
75 1701
75 1702
75 1703
75 1704
75 1705
75 1706
75 1707
75 1708
75 1709
75 1710
75 1711
75 1712
75 1713
75 1714
75 1715
76 1716
76 1717
76 1718
76 1719
76 1720
76 1721
76 1722
76 1723
76 1724
76 1725
76 1726
76 1727
76 1728
76 1729
76 1730
76 1731
77 1732
77 1733
77 1734
77 1735
77 1736
77 1737
77 1738
77 1739
77 1740
77 1741
77 1742
77 1743
77 1744
77 1745
77 1746
77 1747
78 1748
78 1749
78 1750
78 1751
78 1752
78 1753
78 1754
78 1755
78 1756
78 1757
78 1758
78 1759
78 1760
78 1761
78 1762
78 1763
79 1764
79 1765
79 1766
79 1767
79 1768
79 1769
79 1770
79 1771
79 1772
79 1773
79 1774
79 1775
79 1776
79 1777
79 1778
79 1779
80 1780
80 1781
80 1782
80 1783
80 1784
80 1785
80 1786
80 1787
80 1788
80 1789
80 1790
80 1791
80 1792
80 1793
80 1794
80 1795
81 1796
81 1797
81 1798
81 1799
81 1800
81 1801
81 1802
81 1803
81 1804
81 1805
81 1806
81 1807
81 1808
81 1809
81 1810
81 1811
82 1812
82 1813
82 1814
82 1815
82 1816
82 1817
82 1818
82 1819
82 1820
82 1821
82 1822
82 1823
82 1824
82 1825
82 1826
82 1827
83 1828
83 1829
83 1830
83 1831
83 1832
83 1833
83 1834
83 1835
83 1836
83 1837
83 1838
83 1839
83 1840
83 1841
83 1842
83 1843
84 1844
84 1845
84 1846
84 1847
84 1848
84 1849
84 1850
84 1851
84 1852
84 1853
84 1854
84 1855
84 1856
84 1857
84 1858
84 1859
85 1860
85 1861
85 1862
85 1863
85 1864
85 1865
85 1866
85 1867
85 1868
85 1869
85 1870
85 1871
85 1872
85 1873
85 1874
85 1875
86 1876
86 1877
86 1878
86 1879
86 1880
86 1881
86 1882
86 1883
86 1884
86 1885
86 1886
86 1887
86 1888
86 1889
86 1890
86 1891
87 1892
87 1893
87 1894
87 1895
87 1896
87 1897
87 1898
87 1899
87 1900
87 1901
87 1902
87 1903
87 1904
87 1905
87 1906
87 1907
88 1908
88 1909
88 1910
88 1911
88 1912
88 1913
88 1914
88 1915
88 1916
88 1917
88 1918
88 1919
88 1920
88 1921
88 1922
88 1923
89 1924
89 1925
89 1926
89 1927
89 1928
89 1929
89 1930
89 1931
89 1932
89 1933
89 1934
89 1935
89 1936
89 1937
89 1938
89 1939
90 1940
90 1941
90 1942
90 1943
90 1944
90 1945
90 1946
90 1947
90 1948
90 1949
90 1950
90 1951
90 1952
90 1953
90 1954
90 1955
91 1956
91 1957
91 1958
91 1959
91 1960
91 1961
91 1962
91 1963
91 1964
91 1965
91 1966
91 1967
91 1968
91 1969
91 1970
91 1971
92 1972
92 1973
92 1974
92 1975
92 1976
92 1977
92 1978
92 1979
92 1980
92 1981
92 1982
92 1983
92 1984
92 1985
92 1986
92 1987
93 1988
93 1989
93 1990
93 1991
93 1992
93 1993
93 1994
93 1995
93 1996
93 1997
93 1998
93 1999
93 2000
93 2001
93 2002
93 2003
94 2004
94 2005
94 2006
94 2007
94 2008
94 2009
94 2010
94 2011
94 2012
94 2013
94 2014
94 2015
94 2016
94 2017
94 2018
94 2019
95 2020
95 2021
95 2022
95 2023
95 2024
95 2025
95 2026
95 2027
95 2028
95 2029
95 2030
95 2031
95 2032
95 2033
95 2034
95 2035
96 2036
96 2037
96 2038
96 2039
96 2040
96 2041
96 2042
96 2043
96 2044
96 2045
96 2046
96 2047
96 2048
96 2049
96 2050
96 2051
97 2052
97 2053
97 2054
97 2055
97 2056
97 2057
97 2058
97 2059
97 2060
97 2061
97 2062
97 2063
97 2064
97 2065
97 2066
97 2067
98 2068
98 2069
98 2070
98 2071
98 2072
98 2073
98 2074
98 2075
98 2076
98 2077
98 2078
98 2079
98 2080
98 2081
98 2082
98 2083
99 2084
99 2085
99 2086
99 2087
99 2088
99 2089
99 2090
99 2091
99 2092
99 2093
99 2094
99 2095
99 2096
99 2097
99 2098
99 2099
100 2100
100 2101
100 2102
100 2103
100 2104
100 2105
100 2106
100 2107
100 2108
100 2109
100 2110
100 2111
100 2112
100 2113
100 2114
100 2115
101 2116
101 2117
101 2118
101 2119
101 2120
101 2121
101 2122
101 2123
101 2124
101 2125
101 2126
101 2127
101 2128
101 2129
101 2130
101 2131
102 2132
102 2133
102 2134
102 2135
102 2136
102 2137
102 2138
102 2139
102 2140
102 2141
102 2142
102 2143
102 2144
102 2145
102 2146
102 2147
103 2148
103 2149
103 2150
103 2151
103 2152
103 2153
103 2154
103 2155
103 2156
103 2157
103 2158
103 2159
103 2160
103 2161
103 2162
103 2163
104 2164
104 2165
104 2166
104 2167
104 2168
104 2169
104 2170
104 2171
104 2172
104 2173
104 2174
104 2175
104 2176
104 2177
104 2178
104 2179
105 2180
105 2181
105 2182
105 2183
105 2184
105 2185
105 2186
105 2187
105 2188
105 2189
105 2190
105 2191
105 2192
105 2193
105 2194
105 2195
106 2196
106 2197
106 2198
106 2199
106 2200
106 2201
106 2202
106 2203
106 2204
106 2205
106 2206
106 2207
106 2208
106 2209
106 2210
106 2211
107 2212
107 2213
107 2214
107 2215
107 2216
107 2217
107 2218
107 2219
107 2220
107 2221
107 2222
107 2223
107 2224
107 2225
107 2226
107 2227
108 2228
108 2229
108 2230
108 2231
108 2232
108 2233
108 2234
108 2235
108 2236
108 2237
108 2238
108 2239
108 2240
108 2241
108 2242
108 2243
109 2244
109 2245
109 2246
109 2247
109 2248
109 2249
109 2250
109 2251
109 2252
109 2253
109 2254
109 2255
109 2256
109 2257
109 2258
109 2259
110 2260
110 2261
110 2262
110 2263
110 2264
110 2265
110 2266
110 2267
110 2268
110 2269
110 2270
110 2271
110 2272
110 2273
110 2274
110 2275
111 2276
111 2277
111 2278
111 2279
111 2280
111 2281
111 2282
111 2283
111 2284
111 2285
111 2286
111 2287
111 2288
111 2289
111 2290
111 2291
112 2292
112 2293
112 2294
112 2295
112 2296
112 2297
112 2298
112 2299
112 2300
112 2301
112 2302
112 2303
112 2304
112 2305
112 2306
112 2307
113 2308
113 2309
113 2310
113 2311
113 2312
113 2313
113 2314
113 2315
113 2316
113 2317
113 2318
113 2319
113 2320
113 2321
113 2322
113 2323
114 2324
114 2325
114 2326
114 2327
114 2328
114 2329
114 2330
114 2331
114 2332
114 2333
114 2334
114 2335
114 2336
114 2337
114 2338
114 2339
115 2340
115 2341
115 2342
115 2343
115 2344
115 2345
115 2346
115 2347
115 2348
115 2349
115 2350
115 2351
115 2352
115 2353
115 2354
115 2355
116 2356
116 2357
116 2358
116 2359
116 2360
116 2361
116 2362
116 2363
116 2364
116 2365
116 2366
116 2367
116 2368
116 2369
116 2370
116 2371
117 2372
117 2373
117 2374
117 2375
117 2376
117 2377
117 2378
117 2379
117 2380
117 2381
117 2382
117 2383
117 2384
117 2385
117 2386
117 2387
118 2388
118 2389
118 2390
118 2391
118 2392
118 2393
118 2394
118 2395
118 2396
118 2397
118 2398
118 2399
118 2400
118 2401
118 2402
118 2403
119 2404
119 2405
119 2406
119 2407
119 2408
119 2409
119 2410
119 2411
119 2412
119 2413
119 2414
119 2415
119 2416
119 2417
119 2418
119 2419
120 2420
120 2421
120 2422
120 2423
120 2424
120 2425
120 2426
120 2427
120 2428
120 2429
120 2430
120 2431
120 2432
120 2433
120 2434
120 2435
121 2436
121 2437
121 2438
121 2439
121 2440
121 2441
121 2442
121 2443
121 2444
121 2445
121 2446
121 2447
121 2448
121 2449
121 2450
121 2451
122 2452
122 2453
122 2454
122 2455
122 2456
122 2457
122 2458
122 2459
122 2460
122 2461
122 2462
122 2463
122 2464
122 2465
122 2466
122 2467
123 2468
123 2469
123 2470
123 2471
123 2472
123 2473
123 2474
123 2475
123 2476
123 2477
123 2478
123 2479
123 2480
123 2481
123 2482
123 2483
124 2484
124 2485
124 2486
124 2487
124 2488
124 2489
124 2490
124 2491
124 2492
124 2493
124 2494
124 2495
124 2496
124 2497
124 2498
124 2499
125 2500
125 2501
125 2502
125 2503
125 2504
125 2505
125 2506
125 2507
125 2508
125 2509
125 2510
125 2511
125 2512
125 2513
125 2514
125 2515
126 2516
126 2517
126 2518
126 2519
126 2520
126 2521
126 2522
126 2523
126 2524
126 2525
126 2526
126 2527
126 2528
126 2529
126 2530
126 2531
127 2532
127 2533
127 2534
127 2535
127 2536
127 2537
127 2538
127 2539
127 2540
127 2541
127 2542
127 2543
127 2544
127 2545
127 2546
127 2547
128 2548
128 2549
128 2550
128 2551
128 2552
128 2553
128 2554
128 2555
128 2556
128 2557
128 2558
128 2559
128 2560
128 2561
128 2562
128 2563
129 2564
129 2565
129 2566
129 2567
129 2568
129 2569
129 2570
129 2571
129 2572
129 2573
129 2574
129 2575
129 2576
129 2577
129 2578
129 2579
130 2580
130 2581
130 2582
130 2583
130 2584
130 2585
130 2586
130 2587
130 2588
130 2589
130 2590
130 2591
130 2592
130 2593
130 2594
130 2595
131 2596
131 2597
131 2598
131 2599
131 2600
131 2601
131 2602
131 2603
131 2604
131 2605
131 2606
131 2607
131 2608
131 2609
131 2610
131 2611
132 2612
132 2613
132 2614
132 2615
132 2616
132 2617
132 2618
132 2619
132 2620
132 2621
132 2622
132 2623
132 2624
132 2625
132 2626
132 2627
133 2628
133 2629
133 2630
133 2631
133 2632
133 2633
133 2634
133 2635
133 2636
133 2637
133 2638
133 2639
133 2640
133 2641
133 2642
133 2643
134 2644
134 2645
134 2646
134 2647
134 2648
134 2649
134 2650
134 2651
134 2652
134 2653
134 2654
134 2655
134 2656
134 2657
134 2658
134 2659
135 2660
135 2661
135 2662
135 2663
135 2664
135 2665
135 2666
135 2667
135 2668
135 2669
135 2670
135 2671
135 2672
135 2673
135 2674
135 2675
136 2676
136 2677
136 2678
136 2679
136 2680
136 2681
136 2682
136 2683
136 2684
136 2685
136 2686
136 2687
136 2688
136 2689
136 2690
136 2691
137 2692
137 2693
137 2694
137 2695
137 2696
137 2697
137 2698
137 2699
137 2700
137 2701
137 2702
137 2703
137 2704
137 2705
137 2706
137 2707
138 2708
138 2709
138 2710
138 2711
138 2712
138 2713
138 2714
138 2715
138 2716
138 2717
138 2718
138 2719
138 2720
138 2721
138 2722
138 2723
139 2724
139 2725
139 2726
139 2727
139 2728
139 2729
139 2730
139 2731
139 2732
139 2733
139 2734
139 2735
139 2736
139 2737
139 2738
139 2739
140 2740
140 2741
140 2742
140 2743
140 2744
140 2745
140 2746
140 2747
140 2748
140 2749
140 2750
140 2751
140 2752
140 2753
140 2754
140 2755
141 2756
141 2757
141 2758
141 2759
141 2760
141 2761
141 2762
141 2763
141 2764
141 2765
141 2766
141 2767
141 2768
141 2769
141 2770
141 2771
142 2772
142 2773
142 2774
142 2775
142 2776
142 2777
142 2778
142 2779
142 2780
142 2781
142 2782
142 2783
142 2784
142 2785
142 2786
142 2787
143 2788
143 2789
143 2790
143 2791
143 2792
143 2793
143 2794
143 2795
143 2796
143 2797
143 2798
143 2799
143 2800
143 2801
143 2802
143 2803
144 2804
144 2805
144 2806
144 2807
144 2808
144 2809
144 2810
144 2811
144 2812
144 2813
144 2814
144 2815
144 2816
144 2817
144 2818
144 2819
145 2820
145 2821
145 2822
145 2823
145 2824
145 2825
145 2826
145 2827
145 2828
145 2829
145 2830
145 2831
145 2832
145 2833
145 2834
145 2835
146 2836
146 2837
146 2838
146 2839
146 2840
146 2841
146 2842
146 2843
146 2844
146 2845
146 2846
146 2847
146 2848
146 2849
146 2850
146 2851
147 2852
147 2853
147 2854
147 2855
147 2856
147 2857
147 2858
147 2859
147 2860
147 2861
147 2862
147 2863
147 2864
147 2865
147 2866
147 2867
148 2868
148 2869
148 2870
148 2871
148 2872
148 2873
148 2874
148 2875
148 2876
148 2877
148 2878
148 2879
148 2880
148 2881
148 2882
148 2883
149 2884
149 2885
149 2886
149 2887
149 2888
149 2889
149 2890
149 2891
149 2892
149 2893
149 2894
149 2895
149 2896
149 2897
149 2898
149 2899
150 2900
150 2901
150 2902
150 2903
150 2904
150 2905
150 2906
150 2907
150 2908
150 2909
150 2910
150 2911
150 2912
150 2913
150 2914
150 2915
151 2916
151 2917
151 2918
151 2919
151 2920
151 2921
151 2922
151 2923
151 2924
151 2925
151 2926
151 2927
151 2928
151 2929
151 2930
151 2931
152 2932
152 2933
152 2934
152 2935
152 2936
152 2937
152 2938
152 2939
152 2940
152 2941
152 2942
152 2943
152 2944
152 2945
152 2946
152 2947
153 2948
153 2949
153 2950
153 2951
153 2952
153 2953
153 2954
153 2955
153 2956
153 2957
153 2958
153 2959
153 2960
153 2961
153 2962
153 2963
154 2964
154 2965
154 2966
154 2967
154 2968
154 2969
154 2970
154 2971
154 2972
154 2973
154 2974
154 2975
154 2976
154 2977
154 2978
154 2979
155 2980
155 2981
155 2982
155 2983
155 2984
155 2985
155 2986
155 2987
155 2988
155 2989
155 2990
155 2991
155 2992
155 2993
155 2994
155 2995
156 2996
156 2997
156 2998
156 2999
156 3000
156 3001
156 3002
156 3003
156 3004
156 3005
156 3006
156 3007
156 3008
156 3009
156 3010
156 3011
157 3012
157 3013
157 3014
157 3015
157 3016
157 3017
157 3018
157 3019
157 3020
157 3021
157 3022
157 3023
157 3024
157 3025
157 3026
157 3027
158 3028
158 3029
158 3030
158 3031
158 3032
158 3033
158 3034
158 3035
158 3036
158 3037
158 3038
158 3039
158 3040
158 3041
158 3042
158 3043
159 3044
159 3045
159 3046
159 3047
159 3048
159 3049
159 3050
159 3051
159 3052
159 3053
159 3054
159 3055
159 3056
159 3057
159 3058
159 3059
160 3060
160 3061
160 3062
160 3063
160 3064
160 3065
160 3066
160 3067
160 3068
160 3069
160 3070
160 3071
160 3072
160 3073
160 3074
160 3075
161 3076
161 3077
161 3078
161 3079
161 3080
161 3081
161 3082
161 3083
161 3084
161 3085
161 3086
161 3087
161 3088
161 3089
161 3090
161 3091
162 3092
162 3093
162 3094
162 3095
162 3096
162 3097
162 3098
162 3099
162 3100
162 3101
162 3102
162 3103
162 3104
162 3105
162 3106
162 3107
163 3108
163 3109
163 3110
163 3111
163 3112
163 3113
163 3114
163 3115
163 3116
163 3117
163 3118
163 3119
163 3120
163 3121
163 3122
163 3123
164 3124
164 3125
164 3126
164 3127
164 3128
164 3129
164 3130
164 3131
164 3132
164 3133
164 3134
164 3135
164 3136
164 3137
164 3138
164 3139
165 3140
165 3141
165 3142
165 3143
165 3144
165 3145
165 3146
165 3147
165 3148
165 3149
165 3150
165 3151
165 3152
165 3153
165 3154
165 3155
166 3156
166 3157
166 3158
166 3159
166 3160
166 3161
166 3162
166 3163
166 3164
166 3165
166 3166
166 3167
166 3168
166 3169
166 3170
166 3171
167 3172
167 3173
167 3174
167 3175
167 3176
167 3177
167 3178
167 3179
167 3180
167 3181
167 3182
167 3183
167 3184
167 3185
167 3186
167 3187
168 3188
168 3189
168 3190
168 3191
168 3192
168 3193
168 3194
168 3195
168 3196
168 3197
168 3198
168 3199
168 3200
168 3201
168 3202
168 3203
169 3204
169 3205
169 3206
169 3207
169 3208
169 3209
169 3210
169 3211
169 3212
169 3213
169 3214
169 3215
169 3216
169 3217
169 3218
169 3219
170 3220
170 3221
170 3222
170 3223
170 3224
170 3225
170 3226
170 3227
170 3228
170 3229
170 3230
170 3231
170 3232
170 3233
170 3234
170 3235
171 3236
171 3237
171 3238
171 3239
171 3240
171 3241
171 3242
171 3243
171 3244
171 3245
171 3246
171 3247
171 3248
171 3249
171 3250
171 3251
172 3252
172 3253
172 3254
172 3255
172 3256
172 3257
172 3258
172 3259
172 3260
172 3261
172 3262
172 3263
172 3264
172 3265
172 3266
172 3267
173 3268
173 3269
173 3270
173 3271
173 3272
173 3273
173 3274
173 3275
173 3276
173 3277
173 3278
173 3279
173 3280
173 3281
173 3282
173 3283
174 3284
174 3285
174 3286
174 3287
174 3288
174 3289
174 3290
174 3291
174 3292
174 3293
174 3294
174 3295
174 3296
174 3297
174 3298
174 3299
175 3300
175 3301
175 3302
175 3303
175 3304
175 3305
175 3306
175 3307
175 3308
175 3309
175 3310
175 3311
175 3312
175 3313
175 3314
175 3315
176 3316
176 3317
176 3318
176 3319
176 3320
176 3321
176 3322
176 3323
176 3324
176 3325
176 3326
176 3327
176 3328
176 3329
176 3330
176 3331
177 3332
177 3333
177 3334
177 3335
177 3336
177 3337
177 3338
177 3339
177 3340
177 3341
177 3342
177 3343
177 3344
177 3345
177 3346
177 3347
178 3348
178 3349
178 3350
178 3351
178 3352
178 3353
178 3354
178 3355
178 3356
178 3357
178 3358
178 3359
178 3360
178 3361
178 3362
178 3363
179 3364
179 3365
179 3366
179 3367
179 3368
179 3369
179 3370
179 3371
179 3372
179 3373
179 3374
179 3375
179 3376
179 3377
179 3378
179 3379
180 3380
180 3381
180 3382
180 3383
180 3384
180 3385
180 3386
180 3387
180 3388
180 3389
180 3390
180 3391
180 3392
180 3393
180 3394
180 3395
181 3396
181 3397
181 3398
181 3399
181 3400
181 3401
181 3402
181 3403
181 3404
181 3405
181 3406
181 3407
181 3408
181 3409
181 3410
181 3411
182 3412
182 3413
182 3414
182 3415
182 3416
182 3417
182 3418
182 3419
182 3420
182 3421
182 3422
182 3423
182 3424
182 3425
182 3426
182 3427
183 3428
183 3429
183 3430
183 3431
183 3432
183 3433
183 3434
183 3435
183 3436
183 3437
183 3438
183 3439
183 3440
183 3441
183 3442
183 3443
184 3444
184 3445
184 3446
184 3447
184 3448
184 3449
184 3450
184 3451
184 3452
184 3453
184 3454
184 3455
184 3456
184 3457
184 3458
184 3459
185 3460
185 3461
185 3462
185 3463
185 3464
185 3465
185 3466
185 3467
185 3468
185 3469
185 3470
185 3471
185 3472
185 3473
185 3474
185 3475
186 3476
186 3477
186 3478
186 3479
186 3480
186 3481
186 3482
186 3483
186 3484
186 3485
186 3486
186 3487
186 3488
186 3489
186 3490
186 3491
187 3492
187 3493
187 3494
187 3495
187 3496
187 3497
187 3498
187 3499
187 3500
187 3501
187 3502
187 3503
187 3504
187 3505
187 3506
187 3507
188 3508
188 3509
188 3510
188 3511
188 3512
188 3513
188 3514
188 3515
188 3516
188 3517
188 3518
188 3519
188 3520
188 3521
188 3522
188 3523
189 3524
189 3525
189 3526
189 3527
189 3528
189 3529
189 3530
189 3531
189 3532
189 3533
189 3534
189 3535
189 3536
189 3537
189 3538
189 3539
190 3540
190 3541
190 3542
190 3543
190 3544
190 3545
190 3546
190 3547
190 3548
190 3549
190 3550
190 3551
190 3552
190 3553
190 3554
190 3555
191 3556
191 3557
191 3558
191 3559
191 3560
191 3561
191 3562
191 3563
191 3564
191 3565
191 3566
191 3567
191 3568
191 3569
191 3570
191 3571
192 3572
192 3573
192 3574
192 3575
192 3576
192 3577
192 3578
192 3579
192 3580
192 3581
192 3582
192 3583
192 3584
192 3585
192 3586
192 3587
193 3588
193 3589
193 3590
193 3591
193 3592
193 3593
193 3594
193 3595
193 3596
193 3597
193 3598
193 3599
193 3600
193 3601
193 3602
193 3603
194 3604
194 3605
194 3606
194 3607
194 3608
194 3609
194 3610
194 3611
194 3612
194 3613
194 3614
194 3615
194 3616
194 3617
194 3618
194 3619
195 3620
195 3621
195 3622
195 3623
195 3624
195 3625
195 3626
195 3627
195 3628
195 3629
195 3630
195 3631
195 3632
195 3633
195 3634
195 3635
196 3636
196 3637
196 3638
196 3639
196 3640
196 3641
196 3642
196 3643
196 3644
196 3645
196 3646
196 3647
196 3648
196 3649
196 3650
196 3651
197 3652
197 3653
197 3654
197 3655
197 3656
197 3657
197 3658
197 3659
197 3660
197 3661
197 3662
197 3663
197 3664
197 3665
197 3666
197 3667
198 3668
198 3669
198 3670
198 3671
198 3672
198 3673
198 3674
198 3675
198 3676
198 3677
198 3678
198 3679
198 3680
198 3681
198 3682
198 3683
199 3684
199 3685
199 3686
199 3687
199 3688
199 3689
199 3690
199 3691
199 3692
199 3693
199 3694
199 3695
199 3696
199 3697
199 3698
199 3699
200 3700
200 3701
200 3702
200 3703
200 3704
200 3705
200 3706
200 3707
200 3708
200 3709
200 3710
200 3711
200 3712
200 3713
200 3714
200 3715
201 3716
201 3717
201 3718
201 3719
201 3720
201 3721
201 3722
201 3723
201 3724
201 3725
201 3726
201 3727
201 3728
201 3729
201 3730
201 3731
202 3732
202 3733
202 3734
202 3735
202 3736
202 3737
202 3738
202 3739
202 3740
202 3741
202 3742
202 3743
202 3744
202 3745
202 3746
202 3747
203 3748
203 3749
203 3750
203 3751
203 3752
203 3753
203 3754
203 3755
203 3756
203 3757
203 3758
203 3759
203 3760
203 3761
203 3762
203 3763
204 3764
204 3765
204 3766
204 3767
204 3768
204 3769
204 3770
204 3771
204 3772
204 3773
204 3774
204 3775
204 3776
204 3777
204 3778
204 3779
205 3780
205 3781
205 3782
205 3783
205 3784
205 3785
205 3786
205 3787
205 3788
205 3789
205 3790
205 3791
205 3792
205 3793
205 3794
205 3795
206 3796
206 3797
206 3798
206 3799
206 3800
206 3801
206 3802
206 3803
206 3804
206 3805
206 3806
206 3807
206 3808
206 3809
206 3810
206 3811
207 3812
207 3813
207 3814
207 3815
207 3816
207 3817
207 3818
207 3819
207 3820
207 3821
207 3822
207 3823
207 3824
207 3825
207 3826
207 3827
208 3828
208 3829
208 3830
208 3831
208 3832
208 3833
208 3834
208 3835
208 3836
208 3837
208 3838
208 3839
208 3840
208 3841
208 3842
208 3843
209 3844
209 3845
209 3846
209 3847
209 3848
209 3849
209 3850
209 3851
209 3852
209 3853
209 3854
209 3855
209 3856
209 3857
209 3858
209 3859
210 3860
210 3861
210 3862
210 3863
210 3864
210 3865
210 3866
210 3867
210 3868
210 3869
210 3870
210 3871
210 3872
210 3873
210 3874
210 3875
211 3876
211 3877
211 3878
211 3879
211 3880
211 3881
211 3882
211 3883
211 3884
211 3885
211 3886
211 3887
211 3888
211 3889
211 3890
211 3891
212 3892
212 3893
212 3894
212 3895
212 3896
212 3897
212 3898
212 3899
212 3900
212 3901
212 3902
212 3903
212 3904
212 3905
212 3906
212 3907
213 3908
213 3909
213 3910
213 3911
213 3912
213 3913
213 3914
213 3915
213 3916
213 3917
213 3918
213 3919
213 3920
213 3921
213 3922
213 3923
214 3924
214 3925
214 3926
214 3927
214 3928
214 3929
214 3930
214 3931
214 3932
214 3933
214 3934
214 3935
214 3936
214 3937
214 3938
214 3939
215 3940
215 3941
215 3942
215 3943
215 3944
215 3945
215 3946
215 3947
215 3948
215 3949
215 3950
215 3951
215 3952
215 3953
215 3954
215 3955
216 3956
216 3957
216 3958
216 3959
216 3960
216 3961
216 3962
216 3963
216 3964
216 3965
216 3966
216 3967
216 3968
216 3969
216 3970
216 3971
217 3972
217 3973
217 3974
217 3975
217 3976
217 3977
217 3978
217 3979
217 3980
217 3981
217 3982
217 3983
217 3984
217 3985
217 3986
217 3987
218 3988
218 3989
218 3990
218 3991
218 3992
218 3993
218 3994
218 3995
218 3996
218 3997
218 3998
218 3999
218 4000
218 4001
218 4002
218 4003
219 4004
219 4005
219 4006
219 4007
219 4008
219 4009
219 4010
219 4011
219 4012
219 4013
219 4014
219 4015
219 4016
219 4017
219 4018
219 4019
220 4020
220 4021
220 4022
220 4023
220 4024
220 4025
220 4026
220 4027
220 4028
220 4029
220 4030
220 4031
220 4032
220 4033
220 4034
220 4035
221 4036
221 4037
221 4038
221 4039
221 4040
221 4041
221 4042
221 4043
221 4044
221 4045
221 4046
221 4047
221 4048
221 4049
221 4050
221 4051
222 4052
222 4053
222 4054
222 4055
222 4056
222 4057
222 4058
222 4059
222 4060
222 4061
222 4062
222 4063
222 4064
222 4065
222 4066
222 4067
223 4068
223 4069
223 4070
223 4071
223 4072
223 4073
223 4074
223 4075
223 4076
223 4077
223 4078
223 4079
223 4080
223 4081
223 4082
223 4083
224 4084
224 4085
224 4086
224 4087
224 4088
224 4089
224 4090
224 4091
224 4092
224 4093
224 4094
224 4095
224 4096
224 4097
224 4098
224 4099
225 4100
225 4101
225 4102
225 4103
225 4104
225 4105
225 4106
225 4107
225 4108
225 4109
225 4110
225 4111
225 4112
225 4113
225 4114
225 4115
226 4116
226 4117
226 4118
226 4119
226 4120
226 4121
226 4122
226 4123
226 4124
226 4125
226 4126
226 4127
226 4128
226 4129
226 4130
226 4131
227 4132
227 4133
227 4134
227 4135
227 4136
227 4137
227 4138
227 4139
227 4140
227 4141
227 4142
227 4143
227 4144
227 4145
227 4146
227 4147
228 4148
228 4149
228 4150
228 4151
228 4152
228 4153
228 4154
228 4155
228 4156
228 4157
228 4158
228 4159
228 4160
228 4161
228 4162
228 4163
229 4164
229 4165
229 4166
229 4167
229 4168
229 4169
229 4170
229 4171
229 4172
229 4173
229 4174
229 4175
229 4176
229 4177
229 4178
229 4179
230 4180
230 4181
230 4182
230 4183
230 4184
230 4185
230 4186
230 4187
230 4188
230 4189
230 4190
230 4191
230 4192
230 4193
230 4194
230 4195
231 4196
231 4197
231 4198
231 4199
231 4200
231 4201
231 4202
231 4203
231 4204
231 4205
231 4206
231 4207
231 4208
231 4209
231 4210
231 4211
232 4212
232 4213
232 4214
232 4215
232 4216
232 4217
232 4218
232 4219
232 4220
232 4221
232 4222
232 4223
232 4224
232 4225
232 4226
232 4227
233 4228
233 4229
233 4230
233 4231
233 4232
233 4233
233 4234
233 4235
233 4236
233 4237
233 4238
233 4239
233 4240
233 4241
233 4242
233 4243
234 4244
234 4245
234 4246
234 4247
234 4248
234 4249
234 4250
234 4251
234 4252
234 4253
234 4254
234 4255
234 4256
234 4257
234 4258
234 4259
235 4260
235 4261
235 4262
235 4263
235 4264
235 4265
235 4266
235 4267
235 4268
235 4269
235 4270
235 4271
235 4272
235 4273
235 4274
235 4275
236 4276
236 4277
236 4278
236 4279
236 4280
236 4281
236 4282
236 4283
236 4284
236 4285
236 4286
236 4287
236 4288
236 4289
236 4290
236 4291
237 4292
237 4293
237 4294
237 4295
237 4296
237 4297
237 4298
237 4299
237 4300
237 4301
237 4302
237 4303
237 4304
237 4305
237 4306
237 4307
238 4308
238 4309
238 4310
238 4311
238 4312
238 4313
238 4314
238 4315
238 4316
238 4317
238 4318
238 4319
238 4320
238 4321
238 4322
238 4323
239 4324
239 4325
239 4326
239 4327
239 4328
239 4329
239 4330
239 4331
239 4332
239 4333
239 4334
239 4335
239 4336
239 4337
239 4338
239 4339
240 4340
240 4341
240 4342
240 4343
240 4344
240 4345
240 4346
240 4347
240 4348
240 4349
240 4350
240 4351
240 4352
240 4353
240 4354
240 4355
241 4356
241 4357
241 4358
241 4359
241 4360
241 4361
241 4362
241 4363
241 4364
241 4365
241 4366
241 4367
241 4368
241 4369
241 4370
241 4371
242 4372
242 4373
242 4374
242 4375
242 4376
242 4377
242 4378
242 4379
242 4380
242 4381
242 4382
242 4383
242 4384
242 4385
242 4386
242 4387
243 4388
243 4389
243 4390
243 4391
243 4392
243 4393
243 4394
243 4395
243 4396
243 4397
243 4398
243 4399
243 4400
243 4401
243 4402
243 4403
244 4404
244 4405
244 4406
244 4407
244 4408
244 4409
244 4410
244 4411
244 4412
244 4413
244 4414
244 4415
244 4416
244 4417
244 4418
244 4419
245 4420
245 4421
245 4422
245 4423
245 4424
245 4425
245 4426
245 4427
245 4428
245 4429
245 4430
245 4431
245 4432
245 4433
245 4434
245 4435
246 4436
246 4437
246 4438
246 4439
246 4440
246 4441
246 4442
246 4443
246 4444
246 4445
246 4446
246 4447
246 4448
246 4449
246 4450
246 4451
247 4452
247 4453
247 4454
247 4455
247 4456
247 4457
247 4458
247 4459
247 4460
247 4461
247 4462
247 4463
247 4464
247 4465
247 4466
247 4467
248 4468
248 4469
248 4470
248 4471
248 4472
248 4473
248 4474
248 4475
248 4476
248 4477
248 4478
248 4479
248 4480
248 4481
248 4482
248 4483
249 4484
249 4485
249 4486
249 4487
249 4488
249 4489
249 4490
249 4491
249 4492
249 4493
249 4494
249 4495
249 4496
249 4497
249 4498
249 4499
250 4500
250 4501
250 4502
250 4503
250 4504
250 4505
250 4506
250 4507
250 4508
250 4509
250 4510
250 4511
250 4512
250 4513
250 4514
250 4515
251 4516
251 4517
251 4518
251 4519
251 4520
251 4521
251 4522
251 4523
251 4524
251 4525
251 4526
251 4527
251 4528
251 4529
251 4530
251 4531
252 4532
252 4533
252 4534
252 4535
252 4536
252 4537
252 4538
252 4539
252 4540
252 4541
252 4542
252 4543
252 4544
252 4545
252 4546
252 4547
253 4548
253 4549
253 4550
253 4551
253 4552
253 4553
253 4554
253 4555
253 4556
253 4557
253 4558
253 4559
253 4560
253 4561
253 4562
253 4563
254 4564
254 4565
254 4566
254 4567
254 4568
254 4569
254 4570
254 4571
254 4572
254 4573
254 4574
254 4575
254 4576
254 4577
254 4578
254 4579
255 4580
255 4581
255 4582
255 4583
255 4584
255 4585
255 4586
255 4587
255 4588
255 4589
255 4590
255 4591
255 4592
255 4593
255 4594
255 4595
256 4596
256 4597
256 4598
256 4599
256 4600
256 4601
256 4602
256 4603
256 4604
256 4605
256 4606
256 4607
256 4608
256 4609
256 4610
256 4611
257 4612
257 4613
257 4614
257 4615
257 4616
257 4617
257 4618
257 4619
257 4620
257 4621
257 4622
257 4623
257 4624
257 4625
257 4626
257 4627
258 4628
258 4629
258 4630
258 4631
258 4632
258 4633
258 4634
258 4635
258 4636
258 4637
258 4638
258 4639
258 4640
258 4641
258 4642
258 4643
259 4644
259 4645
259 4646
259 4647
259 4648
259 4649
259 4650
259 4651
259 4652
259 4653
259 4654
259 4655
259 4656
259 4657
259 4658
259 4659
260 4660
260 4661
260 4662
260 4663
260 4664
260 4665
260 4666
260 4667
260 4668
260 4669
260 4670
260 4671
260 4672
260 4673
260 4674
260 4675
261 4676
261 4677
261 4678
261 4679
261 4680
261 4681
261 4682
261 4683
261 4684
261 4685
261 4686
261 4687
261 4688
261 4689
261 4690
261 4691
262 4692
262 4693
262 4694
262 4695
262 4696
262 4697
262 4698
262 4699
262 4700
262 4701
262 4702
262 4703
262 4704
262 4705
262 4706
262 4707
263 4708
263 4709
263 4710
263 4711
263 4712
263 4713
263 4714
263 4715
263 4716
263 4717
263 4718
263 4719
263 4720
263 4721
263 4722
263 4723
264 4724
264 4725
264 4726
264 4727
264 4728
264 4729
264 4730
264 4731
264 4732
264 4733
264 4734
264 4735
264 4736
264 4737
264 4738
264 4739
265 4740
265 4741
265 4742
265 4743
265 4744
265 4745
265 4746
265 4747
265 4748
265 4749
265 4750
265 4751
265 4752
265 4753
265 4754
265 4755
266 4756
266 4757
266 4758
266 4759
266 4760
266 4761
266 4762
266 4763
266 4764
266 4765
266 4766
266 4767
266 4768
266 4769
266 4770
266 4771
267 4772
267 4773
267 4774
267 4775
267 4776
267 4777
267 4778
267 4779
267 4780
267 4781
267 4782
267 4783
267 4784
267 4785
267 4786
267 4787
268 4788
268 4789
268 4790
268 4791
268 4792
268 4793
268 4794
268 4795
268 4796
268 4797
268 4798
268 4799
268 4800
268 4801
268 4802
268 4803
269 4804
269 4805
269 4806
269 4807
269 4808
269 4809
269 4810
269 4811
269 4812
269 4813
269 4814
269 4815
269 4816
269 4817
269 4818
269 4819
270 4820
270 4821
270 4822
270 4823
270 4824
270 4825
270 4826
270 4827
270 4828
270 4829
270 4830
270 4831
270 4832
270 4833
270 4834
270 4835
271 4836
271 4837
271 4838
271 4839
271 4840
271 4841
271 4842
271 4843
271 4844
271 4845
271 4846
271 4847
271 4848
271 4849
271 4850
271 4851
272 4852
272 4853
272 4854
272 4855
272 4856
272 4857
272 4858
272 4859
272 4860
272 4861
272 4862
272 4863
272 4864
272 4865
272 4866
272 4867
273 4868
273 4869
273 4870
273 4871
273 4872
273 4873
273 4874
273 4875
273 4876
273 4877
273 4878
273 4879
273 4880
273 4881
273 4882
273 4883
274 4884
274 4885
274 4886
274 4887
274 4888
274 4889
274 4890
274 4891
274 4892
274 4893
274 4894
274 4895
274 4896
274 4897
274 4898
274 4899
275 4900
275 4901
275 4902
275 4903
275 4904
275 4905
275 4906
275 4907
275 4908
275 4909
275 4910
275 4911
275 4912
275 4913
275 4914
275 4915
276 4916
276 4917
276 4918
276 4919
276 4920
276 4921
276 4922
276 4923
276 4924
276 4925
276 4926
276 4927
276 4928
276 4929
276 4930
276 4931
277 4932
277 4933
277 4934
277 4935
277 4936
277 4937
277 4938
277 4939
277 4940
277 4941
277 4942
277 4943
277 4944
277 4945
277 4946
277 4947
278 4948
278 4949
278 4950
278 4951
278 4952
278 4953
278 4954
278 4955
278 4956
278 4957
278 4958
278 4959
278 4960
278 4961
278 4962
278 4963
279 4964
279 4965
279 4966
279 4967
279 4968
279 4969
279 4970
279 4971
279 4972
279 4973
279 4974
279 4975
279 4976
279 4977
279 4978
279 4979
280 4980
280 4981
280 4982
280 4983
280 4984
280 4985
280 4986
280 4987
280 4988
280 4989
280 4990
280 4991
280 4992
280 4993
280 4994
280 4995
281 4996
281 4997
281 4998
281 4999
281 5000
281 5001
281 5002
281 5003
281 5004
281 5005
281 5006
281 5007
281 5008
281 5009
281 5010
281 5011
282 5012
282 5013
282 5014
282 5015
282 5016
282 5017
282 5018
282 5019
282 5020
282 5021
282 5022
282 5023
282 5024
282 5025
282 5026
282 5027
283 5028
283 5029
283 5030
283 5031
283 5032
283 5033
283 5034
283 5035
283 5036
283 5037
283 5038
283 5039
283 5040
283 5041
283 5042
283 5043
284 5044
284 5045
284 5046
284 5047
284 5048
284 5049
284 5050
284 5051
284 5052
284 5053
284 5054
284 5055
284 5056
284 5057
284 5058
284 5059
285 5060
285 5061
285 5062
285 5063
285 5064
285 5065
285 5066
285 5067
285 5068
285 5069
285 5070
285 5071
285 5072
285 5073
285 5074
285 5075
286 5076
286 5077
286 5078
286 5079
286 5080
286 5081
286 5082
286 5083
286 5084
286 5085
286 5086
286 5087
286 5088
286 5089
286 5090
286 5091
287 5092
287 5093
287 5094
287 5095
287 5096
287 5097
287 5098
287 5099
287 5100
287 5101
287 5102
287 5103
287 5104
287 5105
287 5106
287 5107
288 5108
288 5109
288 5110
288 5111
288 5112
288 5113
288 5114
288 5115
288 5116
288 5117
288 5118
288 5119
288 5120
288 5121
288 5122
288 5123
289 5124
289 5125
289 5126
289 5127
289 5128
289 5129
289 5130
289 5131
289 5132
289 5133
289 5134
289 5135
289 5136
289 5137
289 5138
289 5139
290 5140
290 5141
290 5142
290 5143
290 5144
290 5145
290 5146
290 5147
290 5148
290 5149
290 5150
290 5151
290 5152
290 5153
290 5154
290 5155
291 5156
291 5157
291 5158
291 5159
291 5160
291 5161
291 5162
291 5163
291 5164
291 5165
291 5166
291 5167
291 5168
291 5169
291 5170
291 5171
292 5172
292 5173
292 5174
292 5175
292 5176
292 5177
292 5178
292 5179
292 5180
292 5181
292 5182
292 5183
292 5184
292 5185
292 5186
292 5187
293 5188
293 5189
293 5190
293 5191
293 5192
293 5193
293 5194
293 5195
293 5196
293 5197
293 5198
293 5199
293 5200
293 5201
293 5202
293 5203
294 5204
294 5205
294 5206
294 5207
294 5208
294 5209
294 5210
294 5211
294 5212
294 5213
294 5214
294 5215
294 5216
294 5217
294 5218
294 5219
295 5220
295 5221
295 5222
295 5223
295 5224
295 5225
295 5226
295 5227
295 5228
295 5229
295 5230
295 5231
295 5232
295 5233
295 5234
295 5235
296 5236
296 5237
296 5238
296 5239
296 5240
296 5241
296 5242
296 5243
296 5244
296 5245
296 5246
296 5247
296 5248
296 5249
296 5250
296 5251
297 5252
297 5253
297 5254
297 5255
297 5256
297 5257
297 5258
297 5259
297 5260
297 5261
297 5262
297 5263
297 5264
297 5265
297 5266
297 5267
298 5268
298 5269
298 5270
298 5271
298 5272
298 5273
298 5274
298 5275
298 5276
298 5277
298 5278
298 5279
298 5280
298 5281
298 5282
298 5283
299 5284
299 5285
299 5286
299 5287
299 5288
299 5289
299 5290
299 5291
299 5292
299 5293
299 5294
299 5295
299 5296
299 5297
299 5298
299 5299
300 5300
300 5301
300 5302
300 5303
300 5304
300 5305
300 5306
300 5307
300 5308
300 5309
300 5310
300 5311
300 5312
300 5313
300 5314
300 5315
301 5316
301 5317
301 5318
301 5319
301 5320
301 5321
301 5322
301 5323
301 5324
301 5325
301 5326
301 5327
301 5328
301 5329
301 5330
301 5331
302 5332
302 5333
302 5334
302 5335
302 5336
302 5337
302 5338
302 5339
302 5340
302 5341
302 5342
302 5343
302 5344
302 5345
302 5346
302 5347
303 5348
303 5349
303 5350
303 5351
303 5352
303 5353
303 5354
303 5355
303 5356
303 5357
303 5358
303 5359
303 5360
303 5361
303 5362
303 5363
304 5364
304 5365
304 5366
304 5367
304 5368
304 5369
304 5370
304 5371
304 5372
304 5373
304 5374
304 5375
304 5376
304 5377
304 5378
304 5379
305 5380
305 5381
305 5382
305 5383
305 5384
305 5385
305 5386
305 5387
305 5388
305 5389
305 5390
305 5391
305 5392
305 5393
305 5394
305 5395
306 5396
306 5397
306 5398
306 5399
306 5400
306 5401
306 5402
306 5403
306 5404
306 5405
306 5406
306 5407
306 5408
306 5409
306 5410
306 5411
307 5412
307 5413
307 5414
307 5415
307 5416
307 5417
307 5418
307 5419
307 5420
307 5421
307 5422
307 5423
307 5424
307 5425
307 5426
307 5427
308 5428
308 5429
308 5430
308 5431
308 5432
308 5433
308 5434
308 5435
308 5436
308 5437
308 5438
308 5439
308 5440
308 5441
308 5442
308 5443
309 5444
309 5445
309 5446
309 5447
309 5448
309 5449
309 5450
309 5451
309 5452
309 5453
309 5454
309 5455
309 5456
309 5457
309 5458
309 5459
310 5460
310 5461
310 5462
310 5463
310 5464
310 5465
310 5466
310 5467
310 5468
310 5469
310 5470
310 5471
310 5472
310 5473
310 5474
310 5475
311 5476
311 5477
311 5478
311 5479
311 5480
311 5481
311 5482
311 5483
311 5484
311 5485
311 5486
311 5487
311 5488
311 5489
311 5490
311 5491
312 5492
312 5493
312 5494
312 5495
312 5496
312 5497
312 5498
312 5499
312 5500
312 5501
312 5502
312 5503
312 5504
312 5505
312 5506
312 5507
313 5508
313 5509
313 5510
313 5511
313 5512
313 5513
313 5514
313 5515
313 5516
313 5517
313 5518
313 5519
313 5520
313 5521
313 5522
313 5523
314 5524
314 5525
314 5526
314 5527
314 5528
314 5529
314 5530
314 5531
314 5532
314 5533
314 5534
314 5535
314 5536
314 5537
314 5538
314 5539
315 5540
315 5541
315 5542
315 5543
315 5544
315 5545
315 5546
315 5547
315 5548
315 5549
315 5550
315 5551
315 5552
315 5553
315 5554
315 5555
316 5556
316 5557
316 5558
316 5559
316 5560
316 5561
316 5562
316 5563
316 5564
316 5565
316 5566
316 5567
316 5568
316 5569
316 5570
316 5571
317 5572
317 5573
317 5574
317 5575
317 5576
317 5577
317 5578
317 5579
317 5580
317 5581
317 5582
317 5583
317 5584
317 5585
317 5586
317 5587
318 5588
318 5589
318 5590
318 5591
318 5592
318 5593
318 5594
318 5595
318 5596
318 5597
318 5598
318 5599
318 5600
318 5601
318 5602
318 5603
319 5604
319 5605
319 5606
319 5607
319 5608
319 5609
319 5610
319 5611
319 5612
319 5613
319 5614
319 5615
319 5616
319 5617
319 5618
319 5619
320 5620
320 5621
320 5622
320 5623
320 5624
320 5625
320 5626
320 5627
320 5628
320 5629
320 5630
320 5631
320 5632
320 5633
320 5634
320 5635
321 5636
321 5637
321 5638
321 5639
321 5640
321 5641
321 5642
321 5643
321 5644
321 5645
321 5646
321 5647
321 5648
321 5649
321 5650
321 5651
322 5652
322 5653
322 5654
322 5655
322 5656
322 5657
322 5658
322 5659
322 5660
322 5661
322 5662
322 5663
322 5664
322 5665
322 5666
322 5667
323 5668
323 5669
323 5670
323 5671
323 5672
323 5673
323 5674
323 5675
323 5676
323 5677
323 5678
323 5679
323 5680
323 5681
323 5682
323 5683
324 5684
324 5685
324 5686
324 5687
324 5688
324 5689
324 5690
324 5691
324 5692
324 5693
324 5694
324 5695
324 5696
324 5697
324 5698
324 5699
325 5700
325 5701
325 5702
325 5703
325 5704
325 5705
325 5706
325 5707
325 5708
325 5709
325 5710
325 5711
325 5712
325 5713
325 5714
325 5715
326 5716
326 5717
326 5718
326 5719
326 5720
326 5721
326 5722
326 5723
326 5724
326 5725
326 5726
326 5727
326 5728
326 5729
326 5730
326 5731
327 5732
327 5733
327 5734
327 5735
327 5736
327 5737
327 5738
327 5739
327 5740
327 5741
327 5742
327 5743
327 5744
327 5745
327 5746
327 5747
328 5748
328 5749
328 5750
328 5751
328 5752
328 5753
328 5754
328 5755
328 5756
328 5757
328 5758
328 5759
328 5760
328 5761
328 5762
328 5763
329 5764
329 5765
329 5766
329 5767
329 5768
329 5769
329 5770
329 5771
329 5772
329 5773
329 5774
329 5775
329 5776
329 5777
329 5778
329 5779
330 5780
330 5781
330 5782
330 5783
330 5784
330 5785
330 5786
330 5787
330 5788
330 5789
330 5790
330 5791
330 5792
330 5793
330 5794
330 5795
331 5796
331 5797
331 5798
331 5799
331 5800
331 5801
331 5802
331 5803
331 5804
331 5805
331 5806
331 5807
331 5808
331 5809
331 5810
331 5811
332 5812
332 5813
332 5814
332 5815
332 5816
332 5817
332 5818
332 5819
332 5820
332 5821
332 5822
332 5823
332 5824
332 5825
332 5826
332 5827
333 5828
333 5829
333 5830
333 5831
333 5832
333 5833
333 5834
333 5835
333 5836
333 5837
333 5838
333 5839
333 5840
333 5841
333 5842
333 5843
334 5844
334 5845
334 5846
334 5847
334 5848
334 5849
334 5850
334 5851
334 5852
334 5853
334 5854
334 5855
334 5856
334 5857
334 5858
334 5859
335 5860
335 5861
335 5862
335 5863
335 5864
335 5865
335 5866
335 5867
335 5868
335 5869
335 5870
335 5871
335 5872
335 5873
335 5874
335 5875
336 5876
336 5877
336 5878
336 5879
336 5880
336 5881
336 5882
336 5883
336 5884
336 5885
336 5886
336 5887
336 5888
336 5889
336 5890
336 5891
337 5892
337 5893
337 5894
337 5895
337 5896
337 5897
337 5898
337 5899
337 5900
337 5901
337 5902
337 5903
337 5904
337 5905
337 5906
337 5907
338 5908
338 5909
338 5910
338 5911
338 5912
338 5913
338 5914
338 5915
338 5916
338 5917
338 5918
338 5919
338 5920
338 5921
338 5922
338 5923
339 5924
339 5925
339 5926
339 5927
339 5928
339 5929
339 5930
339 5931
339 5932
339 5933
339 5934
339 5935
339 5936
339 5937
339 5938
339 5939
340 5940
340 5941
340 5942
340 5943
340 5944
340 5945
340 5946
340 5947
340 5948
340 5949
340 5950
340 5951
340 5952
340 5953
340 5954
340 5955
341 5956
341 5957
341 5958
341 5959
341 5960
341 5961
341 5962
341 5963
341 5964
341 5965
341 5966
341 5967
341 5968
341 5969
341 5970
341 5971
342 5972
342 5973
342 5974
342 5975
342 5976
342 5977
342 5978
342 5979
342 5980
342 5981
342 5982
342 5983
342 5984
342 5985
342 5986
342 5987
343 5988
343 5989
343 5990
343 5991
343 5992
343 5993
343 5994
343 5995
343 5996
343 5997
343 5998
343 5999
343 6000
343 6001
343 6002
343 6003
344 6004
344 6005
344 6006
344 6007
344 6008
344 6009
344 6010
344 6011
344 6012
344 6013
344 6014
344 6015
344 6016
344 6017
344 6018
344 6019
345 6020
345 6021
345 6022
345 6023
345 6024
345 6025
345 6026
345 6027
345 6028
345 6029
345 6030
345 6031
345 6032
345 6033
345 6034
345 6035
346 6036
346 6037
346 6038
346 6039
346 6040
346 6041
346 6042
346 6043
346 6044
346 6045
346 6046
346 6047
346 6048
346 6049
346 6050
346 6051
347 6052
347 6053
347 6054
347 6055
347 6056
347 6057
347 6058
347 6059
347 6060
347 6061
347 6062
347 6063
347 6064
347 6065
347 6066
347 6067
348 6068
348 6069
348 6070
348 6071
348 6072
348 6073
348 6074
348 6075
348 6076
348 6077
348 6078
348 6079
348 6080
348 6081
348 6082
348 6083
349 6084
349 6085
349 6086
349 6087
349 6088
349 6089
349 6090
349 6091
349 6092
349 6093
349 6094
349 6095
349 6096
349 6097
349 6098
349 6099
350 6100
350 6101
350 6102
350 6103
350 6104
350 6105
350 6106
350 6107
350 6108
350 6109
350 6110
350 6111
350 6112
350 6113
350 6114
350 6115
351 6116
351 6117
351 6118
351 6119
351 6120
351 6121
351 6122
351 6123
351 6124
351 6125
351 6126
351 6127
351 6128
351 6129
351 6130
351 6131
352 6132
352 6133
352 6134
352 6135
352 6136
352 6137
352 6138
352 6139
352 6140
352 6141
352 6142
352 6143
352 6144
352 6145
352 6146
352 6147
353 6148
353 6149
353 6150
353 6151
353 6152
353 6153
353 6154
353 6155
353 6156
353 6157
353 6158
353 6159
353 6160
353 6161
353 6162
353 6163
354 6164
354 6165
354 6166
354 6167
354 6168
354 6169
354 6170
354 6171
354 6172
354 6173
354 6174
354 6175
354 6176
354 6177
354 6178
354 6179
355 6180
355 6181
355 6182
355 6183
355 6184
355 6185
355 6186
355 6187
355 6188
355 6189
355 6190
355 6191
355 6192
355 6193
355 6194
355 6195
356 6196
356 6197
356 6198
356 6199
356 6200
356 6201
356 6202
356 6203
356 6204
356 6205
356 6206
356 6207
356 6208
356 6209
356 6210
356 6211
357 6212
357 6213
357 6214
357 6215
357 6216
357 6217
357 6218
357 6219
357 6220
357 6221
357 6222
357 6223
357 6224
357 6225
357 6226
357 6227
358 6228
358 6229
358 6230
358 6231
358 6232
358 6233
358 6234
358 6235
358 6236
358 6237
358 6238
358 6239
358 6240
358 6241
358 6242
358 6243
359 6244
359 6245
359 6246
359 6247
359 6248
359 6249
359 6250
359 6251
359 6252
359 6253
359 6254
359 6255
359 6256
359 6257
359 6258
359 6259
360 6260
360 6261
360 6262
360 6263
360 6264
360 6265
360 6266
360 6267
360 6268
360 6269
360 6270
360 6271
360 6272
360 6273
360 6274
360 6275
361 6276
361 6277
361 6278
361 6279
361 6280
361 6281
361 6282
361 6283
361 6284
361 6285
361 6286
361 6287
361 6288
361 6289
361 6290
361 6291
362 6292
362 6293
362 6294
362 6295
362 6296
362 6297
362 6298
362 6299
362 6300
362 6301
362 6302
362 6303
362 6304
362 6305
362 6306
362 6307
363 6308
363 6309
363 6310
363 6311
363 6312
363 6313
363 6314
363 6315
363 6316
363 6317
363 6318
363 6319
363 6320
363 6321
363 6322
363 6323
364 6324
364 6325
364 6326
364 6327
364 6328
364 6329
364 6330
364 6331
364 6332
364 6333
364 6334
364 6335
364 6336
364 6337
364 6338
364 6339
365 6340
365 6341
365 6342
365 6343
365 6344
365 6345
365 6346
365 6347
365 6348
365 6349
365 6350
365 6351
365 6352
365 6353
365 6354
365 6355
366 6356
366 6357
366 6358
366 6359
366 6360
366 6361
366 6362
366 6363
366 6364
366 6365
366 6366
366 6367
366 6368
366 6369
366 6370
366 6371
367 6372
367 6373
367 6374
367 6375
367 6376
367 6377
367 6378
367 6379
367 6380
367 6381
367 6382
367 6383
367 6384
367 6385
367 6386
367 6387
368 6388
368 6389
368 6390
368 6391
368 6392
368 6393
368 6394
368 6395
368 6396
368 6397
368 6398
368 6399
368 6400
368 6401
368 6402
368 6403
369 6404
369 6405
369 6406
369 6407
369 6408
369 6409
369 6410
369 6411
369 6412
369 6413
369 6414
369 6415
369 6416
369 6417
369 6418
369 6419
370 6420
370 6421
370 6422
370 6423
370 6424
370 6425
370 6426
370 6427
370 6428
370 6429
370 6430
370 6431
370 6432
370 6433
370 6434
370 6435
371 6436
371 6437
371 6438
371 6439
371 6440
371 6441
371 6442
371 6443
371 6444
371 6445
371 6446
371 6447
371 6448
371 6449
371 6450
371 6451
372 6452
372 6453
372 6454
372 6455
372 6456
372 6457
372 6458
372 6459
372 6460
372 6461
372 6462
372 6463
372 6464
372 6465
372 6466
372 6467
373 6468
373 6469
373 6470
373 6471
373 6472
373 6473
373 6474
373 6475
373 6476
373 6477
373 6478
373 6479
373 6480
373 6481
373 6482
373 6483
374 6484
374 6485
374 6486
374 6487
374 6488
374 6489
374 6490
374 6491
374 6492
374 6493
374 6494
374 6495
374 6496
374 6497
374 6498
374 6499
375 6500
375 6501
375 6502
375 6503
375 6504
375 6505
375 6506
375 6507
375 6508
375 6509
375 6510
375 6511
375 6512
375 6513
375 6514
375 6515
376 6516
376 6517
376 6518
376 6519
376 6520
376 6521
376 6522
376 6523
376 6524
376 6525
376 6526
376 6527
376 6528
376 6529
376 6530
376 6531
377 6532
377 6533
377 6534
377 6535
377 6536
377 6537
377 6538
377 6539
377 6540
377 6541
377 6542
377 6543
377 6544
377 6545
377 6546
377 6547
378 6548
378 6549
378 6550
378 6551
378 6552
378 6553
378 6554
378 6555
378 6556
378 6557
378 6558
378 6559
378 6560
378 6561
378 6562
378 6563
379 6564
379 6565
379 6566
379 6567
379 6568
379 6569
379 6570
379 6571
379 6572
379 6573
379 6574
379 6575
379 6576
379 6577
379 6578
379 6579
380 6580
380 6581
380 6582
380 6583
380 6584
380 6585
380 6586
380 6587
380 6588
380 6589
380 6590
380 6591
380 6592
380 6593
380 6594
380 6595
381 6596
381 6597
381 6598
381 6599
381 6600
381 6601
381 6602
381 6603
381 6604
381 6605
381 6606
381 6607
381 6608
381 6609
381 6610
381 6611
382 6612
382 6613
382 6614
382 6615
382 6616
382 6617
382 6618
382 6619
382 6620
382 6621
382 6622
382 6623
382 6624
382 6625
382 6626
382 6627
383 6628
383 6629
383 6630
383 6631
383 6632
383 6633
383 6634
383 6635
383 6636
383 6637
383 6638
383 6639
383 6640
383 6641
383 6642
383 6643
384 6644
384 6645
384 6646
384 6647
384 6648
384 6649
384 6650
384 6651
384 6652
384 6653
384 6654
384 6655
384 6656
384 6657
384 6658
384 6659
385 6660
385 6661
385 6662
385 6663
385 6664
385 6665
385 6666
385 6667
385 6668
385 6669
385 6670
385 6671
385 6672
385 6673
385 6674
385 6675
386 6676
386 6677
386 6678
386 6679
386 6680
386 6681
386 6682
386 6683
386 6684
386 6685
386 6686
386 6687
386 6688
386 6689
386 6690
386 6691
387 6692
387 6693
387 6694
387 6695
387 6696
387 6697
387 6698
387 6699
387 6700
387 6701
387 6702
387 6703
387 6704
387 6705
387 6706
387 6707
388 6708
388 6709
388 6710
388 6711
388 6712
388 6713
388 6714
388 6715
388 6716
388 6717
388 6718
388 6719
388 6720
388 6721
388 6722
388 6723
389 6724
389 6725
389 6726
389 6727
389 6728
389 6729
389 6730
389 6731
389 6732
389 6733
389 6734
389 6735
389 6736
389 6737
389 6738
389 6739
390 6740
390 6741
390 6742
390 6743
390 6744
390 6745
390 6746
390 6747
390 6748
390 6749
390 6750
390 6751
390 6752
390 6753
390 6754
390 6755
391 6756
391 6757
391 6758
391 6759
391 6760
391 6761
391 6762
391 6763
391 6764
391 6765
391 6766
391 6767
391 6768
391 6769
391 6770
391 6771
392 6772
392 6773
392 6774
392 6775
392 6776
392 6777
392 6778
392 6779
392 6780
392 6781
392 6782
392 6783
392 6784
392 6785
392 6786
392 6787
393 6788
393 6789
393 6790
393 6791
393 6792
393 6793
393 6794
393 6795
393 6796
393 6797
393 6798
393 6799
393 6800
393 6801
393 6802
393 6803
394 6804
394 6805
394 6806
394 6807
394 6808
394 6809
394 6810
394 6811
394 6812
394 6813
394 6814
394 6815
394 6816
394 6817
394 6818
394 6819
395 6820
395 6821
395 6822
395 6823
395 6824
395 6825
395 6826
395 6827
395 6828
395 6829
395 6830
395 6831
395 6832
395 6833
395 6834
395 6835
396 6836
396 6837
396 6838
396 6839
396 6840
396 6841
396 6842
396 6843
396 6844
396 6845
396 6846
396 6847
396 6848
396 6849
396 6850
396 6851
397 6852
397 6853
397 6854
397 6855
397 6856
397 6857
397 6858
397 6859
397 6860
397 6861
397 6862
397 6863
397 6864
397 6865
397 6866
397 6867
398 6868
398 6869
398 6870
398 6871
398 6872
398 6873
398 6874
398 6875
398 6876
398 6877
398 6878
398 6879
398 6880
398 6881
398 6882
398 6883
399 6884
399 6885
399 6886
399 6887
399 6888
399 6889
399 6890
399 6891
399 6892
399 6893
399 6894
399 6895
399 6896
399 6897
399 6898
399 6899
400 6900
400 6901
400 6902
400 6903
400 6904
400 6905
400 6906
400 6907
400 6908
400 6909
400 6910
400 6911
400 6912
400 6913
400 6914
400 6915
401 6916
401 6917
401 6918
401 6919
401 6920
401 6921
401 6922
401 6923
401 6924
401 6925
401 6926
401 6927
401 6928
401 6929
401 6930
401 6931
402 6932
402 6933
402 6934
402 6935
402 6936
402 6937
402 6938
402 6939
402 6940
402 6941
402 6942
402 6943
402 6944
402 6945
402 6946
402 6947
403 6948
403 6949
403 6950
403 6951
403 6952
403 6953
403 6954
403 6955
403 6956
403 6957
403 6958
403 6959
403 6960
403 6961
403 6962
403 6963
404 6964
404 6965
404 6966
404 6967
404 6968
404 6969
404 6970
404 6971
404 6972
404 6973
404 6974
404 6975
404 6976
404 6977
404 6978
404 6979
405 6980
405 6981
405 6982
405 6983
405 6984
405 6985
405 6986
405 6987
405 6988
405 6989
405 6990
405 6991
405 6992
405 6993
405 6994
405 6995
406 6996
406 6997
406 6998
406 6999
406 7000
406 7001
406 7002
406 7003
406 7004
406 7005
406 7006
406 7007
406 7008
406 7009
406 7010
406 7011
407 7012
407 7013
407 7014
407 7015
407 7016
407 7017
407 7018
407 7019
407 7020
407 7021
407 7022
407 7023
407 7024
407 7025
407 7026
407 7027
408 7028
408 7029
408 7030
408 7031
408 7032
408 7033
408 7034
408 7035
408 7036
408 7037
408 7038
408 7039
408 7040
408 7041
408 7042
408 7043
409 7044
409 7045
409 7046
409 7047
409 7048
409 7049
409 7050
409 7051
409 7052
409 7053
409 7054
409 7055
409 7056
409 7057
409 7058
409 7059
410 7060
410 7061
410 7062
410 7063
410 7064
410 7065
410 7066
410 7067
410 7068
410 7069
410 7070
410 7071
410 7072
410 7073
410 7074
410 7075
411 7076
411 7077
411 7078
411 7079
411 7080
411 7081
411 7082
411 7083
411 7084
411 7085
411 7086
411 7087
411 7088
411 7089
411 7090
411 7091
412 7092
412 7093
412 7094
412 7095
412 7096
412 7097
412 7098
412 7099
412 7100
412 7101
412 7102
412 7103
412 7104
412 7105
412 7106
412 7107
413 7108
413 7109
413 7110
413 7111
413 7112
413 7113
413 7114
413 7115
413 7116
413 7117
413 7118
413 7119
413 7120
413 7121
413 7122
413 7123
414 7124
414 7125
414 7126
414 7127
414 7128
414 7129
414 7130
414 7131
414 7132
414 7133
414 7134
414 7135
414 7136
414 7137
414 7138
414 7139
415 7140
415 7141
415 7142
415 7143
415 7144
415 7145
415 7146
415 7147
415 7148
415 7149
415 7150
415 7151
415 7152
415 7153
415 7154
415 7155
416 7156
416 7157
416 7158
416 7159
416 7160
416 7161
416 7162
416 7163
416 7164
416 7165
416 7166
416 7167
416 7168
416 7169
416 7170
416 7171
417 7172
417 7173
417 7174
417 7175
417 7176
417 7177
417 7178
417 7179
417 7180
417 7181
417 7182
417 7183
417 7184
417 7185
417 7186
417 7187
418 7188
418 7189
418 7190
418 7191
418 7192
418 7193
418 7194
418 7195
418 7196
418 7197
418 7198
418 7199
418 7200
418 7201
418 7202
418 7203
419 7204
419 7205
419 7206
419 7207
419 7208
419 7209
419 7210
419 7211
419 7212
419 7213
419 7214
419 7215
419 7216
419 7217
419 7218
419 7219
420 7220
420 7221
420 7222
420 7223
420 7224
420 7225
420 7226
420 7227
420 7228
420 7229
420 7230
420 7231
420 7232
420 7233
420 7234
420 7235
421 7236
421 7237
421 7238
421 7239
421 7240
421 7241
421 7242
421 7243
421 7244
421 7245
421 7246
421 7247
421 7248
421 7249
421 7250
421 7251
422 7252
422 7253
422 7254
422 7255
422 7256
422 7257
422 7258
422 7259
422 7260
422 7261
422 7262
422 7263
422 7264
422 7265
422 7266
422 7267
423 7268
423 7269
423 7270
423 7271
423 7272
423 7273
423 7274
423 7275
423 7276
423 7277
423 7278
423 7279
423 7280
423 7281
423 7282
423 7283
424 7284
424 7285
424 7286
424 7287
424 7288
424 7289
424 7290
424 7291
424 7292
424 7293
424 7294
424 7295
424 7296
424 7297
424 7298
424 7299
425 7300
425 7301
425 7302
425 7303
425 7304
425 7305
425 7306
425 7307
425 7308
425 7309
425 7310
425 7311
425 7312
425 7313
425 7314
425 7315
426 7316
426 7317
426 7318
426 7319
426 7320
426 7321
426 7322
426 7323
426 7324
426 7325
426 7326
426 7327
426 7328
426 7329
426 7330
426 7331
427 7332
427 7333
427 7334
427 7335
427 7336
427 7337
427 7338
427 7339
427 7340
427 7341
427 7342
427 7343
427 7344
427 7345
427 7346
427 7347
428 7348
428 7349
428 7350
428 7351
428 7352
428 7353
428 7354
428 7355
428 7356
428 7357
428 7358
428 7359
428 7360
428 7361
428 7362
428 7363
429 7364
429 7365
429 7366
429 7367
429 7368
429 7369
429 7370
429 7371
429 7372
429 7373
429 7374
429 7375
429 7376
429 7377
429 7378
429 7379
430 7380
430 7381
430 7382
430 7383
430 7384
430 7385
430 7386
430 7387
430 7388
430 7389
430 7390
430 7391
430 7392
430 7393
430 7394
430 7395
431 7396
431 7397
431 7398
431 7399
431 7400
431 7401
431 7402
431 7403
431 7404
431 7405
431 7406
431 7407
431 7408
431 7409
431 7410
431 7411
432 7412
432 7413
432 7414
432 7415
432 7416
432 7417
432 7418
432 7419
432 7420
432 7421
432 7422
432 7423
432 7424
432 7425
432 7426
432 7427
433 7428
433 7429
433 7430
433 7431
433 7432
433 7433
433 7434
433 7435
433 7436
433 7437
433 7438
433 7439
433 7440
433 7441
433 7442
433 7443
434 7444
434 7445
434 7446
434 7447
434 7448
434 7449
434 7450
434 7451
434 7452
434 7453
434 7454
434 7455
434 7456
434 7457
434 7458
434 7459
435 7460
435 7461
435 7462
435 7463
435 7464
435 7465
435 7466
435 7467
435 7468
435 7469
435 7470
435 7471
435 7472
435 7473
435 7474
435 7475
436 7476
436 7477
436 7478
436 7479
436 7480
436 7481
436 7482
436 7483
436 7484
436 7485
436 7486
436 7487
436 7488
436 7489
436 7490
436 7491
437 7492
437 7493
437 7494
437 7495
437 7496
437 7497
437 7498
437 7499
437 7500
437 7501
437 7502
437 7503
437 7504
437 7505
437 7506
437 7507
438 7508
438 7509
438 7510
438 7511
438 7512
438 7513
438 7514
438 7515
438 7516
438 7517
438 7518
438 7519
438 7520
438 7521
438 7522
438 7523
439 7524
439 7525
439 7526
439 7527
439 7528
439 7529
439 7530
439 7531
439 7532
439 7533
439 7534
439 7535
439 7536
439 7537
439 7538
439 7539
440 7540
440 7541
440 7542
440 7543
440 7544
440 7545
440 7546
440 7547
440 7548
440 7549
440 7550
440 7551
440 7552
440 7553
440 7554
440 7555
441 7556
441 7557
441 7558
441 7559
441 7560
441 7561
441 7562
441 7563
441 7564
441 7565
441 7566
441 7567
441 7568
441 7569
441 7570
441 7571
442 7572
442 7573
442 7574
442 7575
442 7576
442 7577
442 7578
442 7579
442 7580
442 7581
442 7582
442 7583
442 7584
442 7585
442 7586
442 7587
443 7588
443 7589
443 7590
443 7591
443 7592
443 7593
443 7594
443 7595
443 7596
443 7597
443 7598
443 7599
443 7600
443 7601
443 7602
443 7603
444 7604
444 7605
444 7606
444 7607
444 7608
444 7609
444 7610
444 7611
444 7612
444 7613
444 7614
444 7615
444 7616
444 7617
444 7618
444 7619
445 7620
445 7621
445 7622
445 7623
445 7624
445 7625
445 7626
445 7627
445 7628
445 7629
445 7630
445 7631
445 7632
445 7633
445 7634
445 7635
446 7636
446 7637
446 7638
446 7639
446 7640
446 7641
446 7642
446 7643
446 7644
446 7645
446 7646
446 7647
446 7648
446 7649
446 7650
446 7651
447 7652
447 7653
447 7654
447 7655
447 7656
447 7657
447 7658
447 7659
447 7660
447 7661
447 7662
447 7663
447 7664
447 7665
447 7666
447 7667
448 7668
448 7669
448 7670
448 7671
448 7672
448 7673
448 7674
448 7675
448 7676
448 7677
448 7678
448 7679
448 7680
448 7681
448 7682
448 7683
449 7684
449 7685
449 7686
449 7687
449 7688
449 7689
449 7690
449 7691
449 7692
449 7693
449 7694
449 7695
449 7696
449 7697
449 7698
449 7699
450 7700
450 7701
450 7702
450 7703
450 7704
450 7705
450 7706
450 7707
450 7708
450 7709
450 7710
450 7711
450 7712
450 7713
450 7714
450 7715
451 7716
451 7717
451 7718
451 7719
451 7720
451 7721
451 7722
451 7723
451 7724
451 7725
451 7726
451 7727
451 7728
451 7729
451 7730
451 7731
452 7732
452 7733
452 7734
452 7735
452 7736
452 7737
452 7738
452 7739
452 7740
452 7741
452 7742
452 7743
452 7744
452 7745
452 7746
452 7747
453 7748
453 7749
453 7750
453 7751
453 7752
453 7753
453 7754
453 7755
453 7756
453 7757
453 7758
453 7759
453 7760
453 7761
453 7762
453 7763
454 7764
454 7765
454 7766
454 7767
454 7768
454 7769
454 7770
454 7771
454 7772
454 7773
454 7774
454 7775
454 7776
454 7777
454 7778
454 7779
455 7780
455 7781
455 7782
455 7783
455 7784
455 7785
455 7786
455 7787
455 7788
455 7789
455 7790
455 7791
455 7792
455 7793
455 7794
455 7795
456 7796
456 7797
456 7798
456 7799
456 7800
456 7801
456 7802
456 7803
456 7804
456 7805
456 7806
456 7807
456 7808
456 7809
456 7810
456 7811
457 7812
457 7813
457 7814
457 7815
457 7816
457 7817
457 7818
457 7819
457 7820
457 7821
457 7822
457 7823
457 7824
457 7825
457 7826
457 7827
458 7828
458 7829
458 7830
458 7831
458 7832
458 7833
458 7834
458 7835
458 7836
458 7837
458 7838
458 7839
458 7840
458 7841
458 7842
458 7843
459 7844
459 7845
459 7846
459 7847
459 7848
459 7849
459 7850
459 7851
459 7852
459 7853
459 7854
459 7855
459 7856
459 7857
459 7858
459 7859
460 7860
460 7861
460 7862
460 7863
460 7864
460 7865
460 7866
460 7867
460 7868
460 7869
460 7870
460 7871
460 7872
460 7873
460 7874
460 7875
461 7876
461 7877
461 7878
461 7879
461 7880
461 7881
461 7882
461 7883
461 7884
461 7885
461 7886
461 7887
461 7888
461 7889
461 7890
461 7891
462 7892
462 7893
462 7894
462 7895
462 7896
462 7897
462 7898
462 7899
462 7900
462 7901
462 7902
462 7903
462 7904
462 7905
462 7906
462 7907
463 7908
463 7909
463 7910
463 7911
463 7912
463 7913
463 7914
463 7915
463 7916
463 7917
463 7918
463 7919
463 7920
463 7921
463 7922
463 7923
464 7924
464 7925
464 7926
464 7927
464 7928
464 7929
464 7930
464 7931
464 7932
464 7933
464 7934
464 7935
464 7936
464 7937
464 7938
464 7939
465 7940
465 7941
465 7942
465 7943
465 7944
465 7945
465 7946
465 7947
465 7948
465 7949
465 7950
465 7951
465 7952
465 7953
465 7954
465 7955
466 7956
466 7957
466 7958
466 7959
466 7960
466 7961
466 7962
466 7963
466 7964
466 7965
466 7966
466 7967
466 7968
466 7969
466 7970
466 7971
467 7972
467 7973
467 7974
467 7975
467 7976
467 7977
467 7978
467 7979
467 7980
467 7981
467 7982
467 7983
467 7984
467 7985
467 7986
467 7987
468 7988
468 7989
468 7990
468 7991
468 7992
468 7993
468 7994
468 7995
468 7996
468 7997
468 7998
468 7999
468 8000
468 8001
468 8002
468 8003
469 8004
469 8005
469 8006
469 8007
469 8008
469 8009
469 8010
469 8011
469 8012
469 8013
469 8014
469 8015
469 8016
469 8017
469 8018
469 8019
470 8020
470 8021
470 8022
470 8023
470 8024
470 8025
470 8026
470 8027
470 8028
470 8029
470 8030
470 8031
470 8032
470 8033
470 8034
470 8035
471 8036
471 8037
471 8038
471 8039
471 8040
471 8041
471 8042
471 8043
471 8044
471 8045
471 8046
471 8047
471 8048
471 8049
471 8050
471 8051
472 8052
472 8053
472 8054
472 8055
472 8056
472 8057
472 8058
472 8059
472 8060
472 8061
472 8062
472 8063
472 8064
472 8065
472 8066
472 8067
473 8068
473 8069
473 8070
473 8071
473 8072
473 8073
473 8074
473 8075
473 8076
473 8077
473 8078
473 8079
473 8080
473 8081
473 8082
473 8083
474 8084
474 8085
474 8086
474 8087
474 8088
474 8089
474 8090
474 8091
474 8092
474 8093
474 8094
474 8095
474 8096
474 8097
474 8098
474 8099
475 8100
475 8101
475 8102
475 8103
475 8104
475 8105
475 8106
475 8107
475 8108
475 8109
475 8110
475 8111
475 8112
475 8113
475 8114
475 8115
476 8116
476 8117
476 8118
476 8119
476 8120
476 8121
476 8122
476 8123
476 8124
476 8125
476 8126
476 8127
476 8128
476 8129
476 8130
476 8131
477 8132
477 8133
477 8134
477 8135
477 8136
477 8137
477 8138
477 8139
477 8140
477 8141
477 8142
477 8143
477 8144
477 8145
477 8146
477 8147
478 8148
478 8149
478 8150
478 8151
478 8152
478 8153
478 8154
478 8155
478 8156
478 8157
478 8158
478 8159
478 8160
478 8161
478 8162
478 8163
479 8164
479 8165
479 8166
479 8167
479 8168
479 8169
479 8170
479 8171
479 8172
479 8173
479 8174
479 8175
479 8176
479 8177
479 8178
479 8179
480 8180
480 8181
480 8182
480 8183
480 8184
480 8185
480 8186
480 8187
480 8188
480 8189
480 8190
480 8191
480 8192
480 8193
480 8194
480 8195
481 8196
481 8197
481 8198
481 8199
481 8200
481 8201
481 8202
481 8203
481 8204
481 8205
481 8206
481 8207
481 8208
481 8209
481 8210
481 8211
482 8212
482 8213
482 8214
482 8215
482 8216
482 8217
482 8218
482 8219
482 8220
482 8221
482 8222
482 8223
482 8224
482 8225
482 8226
482 8227
483 8228
483 8229
483 8230
483 8231
483 8232
483 8233
483 8234
483 8235
483 8236
483 8237
483 8238
483 8239
483 8240
483 8241
483 8242
483 8243
484 8244
484 8245
484 8246
484 8247
484 8248
484 8249
484 8250
484 8251
484 8252
484 8253
484 8254
484 8255
484 8256
484 8257
484 8258
484 8259
485 8260
485 8261
485 8262
485 8263
485 8264
485 8265
485 8266
485 8267
485 8268
485 8269
485 8270
485 8271
485 8272
485 8273
485 8274
485 8275
486 8276
486 8277
486 8278
486 8279
486 8280
486 8281
486 8282
486 8283
486 8284
486 8285
486 8286
486 8287
486 8288
486 8289
486 8290
486 8291
487 8292
487 8293
487 8294
487 8295
487 8296
487 8297
487 8298
487 8299
487 8300
487 8301
487 8302
487 8303
487 8304
487 8305
487 8306
487 8307
488 8308
488 8309
488 8310
488 8311
488 8312
488 8313
488 8314
488 8315
488 8316
488 8317
488 8318
488 8319
488 8320
488 8321
488 8322
488 8323
489 8324
489 8325
489 8326
489 8327
489 8328
489 8329
489 8330
489 8331
489 8332
489 8333
489 8334
489 8335
489 8336
489 8337
489 8338
489 8339
490 8340
490 8341
490 8342
490 8343
490 8344
490 8345
490 8346
490 8347
490 8348
490 8349
490 8350
490 8351
490 8352
490 8353
490 8354
490 8355
491 8356
491 8357
491 8358
491 8359
491 8360
491 8361
491 8362
491 8363
491 8364
491 8365
491 8366
491 8367
491 8368
491 8369
491 8370
491 8371
492 8372
492 8373
492 8374
492 8375
492 8376
492 8377
492 8378
492 8379
492 8380
492 8381
492 8382
492 8383
492 8384
492 8385
492 8386
492 8387
493 8388
493 8389
493 8390
493 8391
493 8392
493 8393
493 8394
493 8395
493 8396
493 8397
493 8398
493 8399
493 8400
493 8401
493 8402
493 8403
494 8404
494 8405
494 8406
494 8407
494 8408
494 8409
494 8410
494 8411
494 8412
494 8413
494 8414
494 8415
494 8416
494 8417
494 8418
494 8419
495 8420
495 8421
495 8422
495 8423
495 8424
495 8425
495 8426
495 8427
495 8428
495 8429
495 8430
495 8431
495 8432
495 8433
495 8434
495 8435
496 8436
496 8437
496 8438
496 8439
496 8440
496 8441
496 8442
496 8443
496 8444
496 8445
496 8446
496 8447
496 8448
496 8449
496 8450
496 8451
497 8452
497 8453
497 8454
497 8455
497 8456
497 8457
497 8458
497 8459
497 8460
497 8461
497 8462
497 8463
497 8464
497 8465
497 8466
497 8467
498 8468
498 8469
498 8470
498 8471
498 8472
498 8473
498 8474
498 8475
498 8476
498 8477
498 8478
498 8479
498 8480
498 8481
498 8482
498 8483
499 8484
499 8485
499 8486
499 8487
499 8488
499 8489
499 8490
499 8491
499 8492
499 8493
499 8494
499 8495
499 8496
499 8497
499 8498
499 8499
