0 352
0 368
0 2
0 399
0 156
0 461
0 286
0 477
1 465
1 205
1 270
1 377
1 268
1 77
1 366
1 15
2 205
2 3
2 72
2 445
2 479
2 125
2 285
3 96
3 356
3 357
3 198
3 151
3 374
3 331
4 11
4 227
4 116
4 487
4 234
4 231
4 124
4 189
5 322
5 238
5 455
5 425
5 218
5 103
5 110
5 446
6 160
6 495
6 328
6 105
6 251
6 297
6 334
6 271
7 392
7 402
7 71
7 248
7 210
7 333
7 430
7 381
8 224
8 97
8 323
8 404
8 85
8 246
8 199
8 424
9 208
9 434
9 399
9 359
9 40
9 47
9 237
9 207
10 132
10 486
10 454
10 233
10 25
10 60
10 205
10 222
11 385
11 370
11 22
11 167
11 228
11 494
11 479
12 272
12 257
12 418
12 468
12 406
12 138
12 331
12 42
13 289
13 51
13 38
13 129
13 371
13 65
13 110
13 335
14 369
14 50
14 165
14 440
14 473
14 431
14 444
14 117
15 289
15 149
15 342
15 177
15 26
15 157
15 77
16 480
16 64
16 382
16 376
16 42
16 108
16 46
16 415
17 352
17 305
17 306
17 307
17 52
17 438
17 185
17 498
18 475
18 436
18 25
18 154
18 187
18 362
18 190
18 463
19 216
19 340
19 341
19 200
19 468
19 458
19 108
19 277
20 130
20 373
20 453
20 357
20 441
20 202
20 283
20 111
21 416
21 289
21 371
21 116
21 336
21 241
21 362
21 78
22 65
22 498
22 379
22 310
22 265
22 331
22 194
23 440
23 290
23 311
23 24
23 217
23 331
23 31
23 239
24 113
24 258
24 403
24 85
24 106
24 190
24 261
25 224
25 455
25 216
25 188
25 386
25 334
26 29
26 356
26 357
26 489
26 58
26 380
26 36
27 42
27 482
27 179
27 341
27 342
27 136
27 490
27 237
28 176
28 433
28 489
28 321
28 343
28 473
28 427
28 337
29 418
29 323
29 212
29 427
29 76
29 258
29 190
30 211
30 133
30 422
30 217
30 204
30 301
30 158
30 101
31 80
31 289
31 178
31 190
31 214
31 226
31 110
32 290
32 259
32 326
32 151
32 267
32 140
32 443
32 463
33 104
33 466
33 275
33 423
33 56
33 249
33 76
33 493
34 417
34 405
34 231
34 488
34 236
34 347
34 200
34 269
35 98
35 499
35 245
35 390
35 251
35 218
35 411
35 69
36 354
36 228
36 294
36 472
36 137
36 274
36 111
37 257
37 484
37 358
37 113
37 72
37 120
37 123
37 365
38 304
38 424
38 146
38 360
38 41
38 363
38 45
39 322
39 339
39 407
39 138
39 493
39 253
39 254
39 367
40 299
40 356
40 63
40 87
40 43
40 435
40 301
41 464
41 81
41 387
41 337
41 136
41 346
41 200
42 400
42 325
42 102
42 169
42 410
43 401
43 440
43 373
43 422
43 296
43 89
43 397
44 256
44 113
44 290
44 245
44 346
44 236
44 53
44 239
45 340
45 295
45 168
45 292
45 90
45 171
45 238
46 145
46 100
46 342
46 454
46 471
46 324
46 491
47 321
47 325
47 311
47 490
47 219
47 53
47 149
48 117
48 150
48 183
48 266
48 359
48 93
48 430
48 109
49 311
49 286
49 439
49 462
49 122
49 347
49 414
49 213
50 290
50 462
50 361
50 330
50 175
50 461
50 477
51 465
51 210
51 276
51 421
51 216
51 356
51 242
52 176
52 194
52 483
52 118
52 199
52 361
52 250
53 355
53 163
53 472
53 362
53 398
53 181
54 481
54 162
54 484
54 392
54 409
54 202
54 312
54 303
55 67
55 115
55 137
55 474
55 298
55 332
55 330
55 159
56 96
56 82
56 116
56 441
56 411
56 381
56 430
57 273
57 66
57 499
57 196
57 101
57 230
57 184
57 350
58 307
58 100
58 101
58 195
58 170
58 281
58 301
59 80
59 376
59 481
59 197
59 262
59 279
59 152
59 205
60 339
60 273
60 163
60 309
60 342
60 295
60 437
61 172
61 389
61 470
61 151
61 440
61 169
61 371
61 108
62 232
62 98
62 260
62 181
62 369
62 472
62 317
62 335
63 336
63 472
63 498
63 451
63 433
63 90
63 407
64 192
64 385
64 150
64 297
64 265
64 156
64 270
65 194
65 357
65 104
65 486
65 266
65 91
66 195
66 169
66 453
66 406
66 329
66 491
66 270
67 161
67 274
67 265
67 266
67 466
67 158
67 207
68 290
68 307
68 84
68 407
68 264
68 329
68 91
68 75
69 256
69 322
69 486
69 103
69 323
69 235
69 238
70 435
70 228
70 485
70 311
70 148
70 359
70 313
70 223
71 466
71 367
71 278
71 345
71 264
71 217
71 231
72 208
72 82
72 420
72 398
72 492
72 430
73 226
73 179
73 196
73 181
73 328
73 394
73 218
73 229
74 288
74 432
74 161
74 296
74 442
74 285
74 494
74 351
75 240
75 129
75 355
75 353
75 265
75 410
75 435
76 419
76 227
76 388
76 392
76 266
76 463
77 482
77 459
77 415
77 113
77 346
77 123
78 344
78 424
78 436
78 408
78 172
78 264
78 463
79 161
79 418
79 292
79 197
79 120
79 426
79 443
79 348
80 178
80 278
80 310
80 376
80 284
80 157
81 320
81 343
81 423
81 104
81 215
81 477
81 370
82 272
82 224
82 454
82 487
82 318
82 127
83 496
83 432
83 226
83 133
83 440
83 178
83 462
83 447
84 96
84 321
84 478
84 473
84 122
84 334
84 149
85 177
85 293
85 361
85 330
85 235
85 462
86 352
86 498
86 387
86 494
86 296
86 316
86 333
86 366
87 288
87 420
87 393
87 264
87 292
87 93
87 350
88 193
88 226
88 361
88 475
88 108
88 253
88 142
88 399
89 340
89 309
89 380
89 490
89 188
89 234
89 462
90 161
90 260
90 246
90 264
90 475
90 428
91 467
91 310
91 454
91 257
91 446
91 495
92 208
92 273
92 131
92 197
92 134
92 183
92 300
92 109
93 128
93 422
93 456
93 199
93 140
93 175
94 376
94 290
94 295
94 168
94 395
94 188
94 494
94 415
95 144
95 237
95 254
95 486
95 424
95 173
95 222
95 191
96 305
96 246
96 266
96 299
96 494
97 208
97 449
97 309
97 241
97 427
97 268
97 206
98 292
98 151
98 267
98 218
98 491
98 333
99 496
99 193
99 114
99 259
99 162
99 185
99 186
99 429
100 195
100 430
100 314
100 387
100 349
100 351
101 164
101 204
101 183
101 332
101 109
102 257
102 259
102 372
102 165
102 249
102 187
102 398
103 144
103 459
103 342
103 495
103 344
103 427
104 451
104 235
104 439
104 326
104 375
105 209
105 419
105 164
105 230
105 484
105 252
105 157
106 305
106 196
106 454
106 423
106 475
106 428
106 446
107 448
107 327
107 171
107 439
107 375
107 248
107 379
107 444
108 306
108 197
108 201
108 170
109 404
109 357
109 300
109 443
109 174
110 157
110 120
110 485
110 174
110 437
111 182
111 118
111 263
111 136
111 154
111 428
112 336
112 129
112 388
112 118
112 183
112 395
112 332
112 365
113 326
113 281
113 186
113 190
114 464
114 211
114 393
114 364
114 141
114 334
114 447
115 208
115 209
115 162
115 442
115 298
115 221
115 174
116 224
116 129
116 391
116 251
116 373
117 340
117 414
117 151
117 420
117 298
117 479
118 360
118 215
118 232
118 361
118 234
119 144
119 171
119 185
119 460
119 155
119 300
119 365
119 494
120 336
120 274
120 469
120 295
120 191
121 225
121 194
121 149
121 328
121 399
121 413
121 142
121 261
122 390
122 182
122 404
122 218
122 301
122 373
123 271
123 132
123 312
123 347
123 188
123 335
124 147
124 485
124 409
124 153
124 279
124 284
124 398
125 450
125 259
125 443
125 201
125 444
125 492
125 271
126 449
126 211
126 229
126 438
126 167
126 280
126 139
126 188
127 141
127 166
127 454
127 425
127 170
127 221
127 159
128 400
128 292
128 310
128 214
128 470
128 234
128 158
129 147
129 452
129 179
129 134
130 496
130 449
130 258
130 469
130 217
130 233
130 282
131 320
131 400
131 403
131 308
131 133
131 444
131 206
132 417
132 459
132 276
132 426
132 254
132 445
133 353
133 225
133 153
133 410
133 445
134 274
134 483
134 228
134 261
134 388
134 174
135 304
135 193
135 372
135 182
135 461
135 399
135 493
135 319
136 144
136 227
136 243
136 223
136 451
137 327
137 227
137 459
137 199
137 467
137 383
138 272
138 273
138 293
138 360
138 477
138 366
139 176
139 256
139 420
139 494
139 281
139 362
139 173
140 144
140 343
140 183
140 288
140 157
140 303
141 416
141 448
141 488
141 474
141 146
141 191
142 288
142 277
142 327
142 423
142 332
142 399
143 384
143 370
143 371
143 294
143 265
143 314
143 291
143 211
144 314
144 203
144 458
145 257
145 485
145 487
145 472
145 216
145 493
145 223
146 241
146 260
146 213
146 287
146 286
146 399
147 464
147 231
147 408
147 201
147 455
147 238
148 368
148 453
148 249
148 152
148 377
148 394
148 487
149 452
149 310
149 266
149 332
150 192
150 386
150 318
150 488
150 364
150 348
151 181
151 252
151 414
152 449
152 338
152 459
152 280
152 258
152 255
153 372
153 279
153 200
153 298
153 429
153 213
154 243
154 196
154 391
154 249
154 206
154 367
155 352
155 450
155 339
155 163
155 226
155 492
155 349
156 434
156 163
156 357
156 241
156 179
156 175
157 373
157 470
157 234
158 235
158 359
158 315
158 396
158 189
159 465
159 306
159 166
159 363
159 236
159 238
160 384
160 369
160 343
160 474
160 363
160 218
160 254
161 296
161 484
161 456
161 378
162 273
162 402
162 276
162 374
162 391
163 176
163 434
163 418
163 349
164 419
164 374
164 207
164 188
164 461
164 447
165 369
165 388
165 229
165 406
165 359
165 250
166 393
166 497
166 455
166 249
166 282
166 460
167 480
167 289
167 248
167 409
167 443
167 364
168 260
168 421
168 452
168 412
168 284
168 206
169 355
169 438
169 306
169 380
169 302
170 241
170 396
170 284
170 328
170 329
171 481
171 498
171 372
171 486
171 215
172 480
172 209
172 421
172 183
172 485
172 389
173 401
173 371
173 294
173 497
173 424
173 409
174 337
174 437
174 249
174 477
175 467
175 276
175 474
175 379
175 351
176 320
176 338
176 451
176 250
177 432
177 433
177 295
177 458
177 442
177 271
178 496
178 469
178 311
178 328
178 421
179 290
179 436
179 343
179 408
180 304
180 433
180 355
180 261
180 409
180 235
180 205
180 293
181 240
181 499
181 359
181 396
182 230
182 423
182 184
182 223
182 479
183 314
183 186
184 242
184 357
184 455
184 282
184 450
184 287
185 339
185 324
185 426
185 254
185 239
186 212
186 437
186 215
186 494
186 207
187 387
187 212
187 377
187 345
187 220
187 463
188 416
188 381
189 371
189 478
189 376
189 250
189 355
189 333
190 422
190 248
190 253
191 464
191 436
191 198
191 230
191 297
192 464
192 384
192 309
192 278
192 231
192 220
193 369
193 389
193 471
193 377
193 251
194 256
194 342
194 333
194 261
195 359
195 308
195 394
195 347
195 350
196 385
196 499
196 324
196 473
197 345
197 282
197 460
197 364
198 402
198 340
198 408
198 283
198 395
198 210
199 384
199 299
199 446
199 271
200 289
200 247
200 474
200 293
201 450
201 452
201 250
201 467
201 483
202 482
202 326
202 342
202 477
202 413
202 495
203 291
203 270
203 397
203 315
203 253
203 446
203 317
204 338
204 307
204 228
204 341
204 297
204 277
205 352
205 359
205 462
206 256
206 227
206 398
206 483
207 465
207 266
207 397
207 301
208 449
208 487
208 287
209 341
209 310
209 281
209 403
209 366
210 304
210 436
210 213
210 247
210 270
211 464
211 258
211 302
211 445
212 384
212 434
212 453
212 446
212 319
213 320
213 256
213 325
213 428
214 433
214 405
214 326
214 215
214 447
214 364
215 276
215 470
215 345
216 240
216 353
216 269
216 431
217 324
217 453
217 376
217 252
218 337
218 350
219 401
219 274
219 419
219 456
219 313
219 460
219 333
220 225
220 322
220 496
220 358
220 488
220 476
221 486
221 327
221 328
221 315
221 349
221 222
222 498
222 377
222 488
222 425
222 335
223 449
223 434
223 308
223 441
224 497
224 499
224 455
224 463
225 452
225 326
225 282
225 287
225 415
226 227
226 298
226 382
227 294
227 468
228 453
228 373
228 365
229 432
229 242
229 275
229 491
229 402
230 401
230 355
230 344
230 457
231 405
231 470
231 439
232 384
232 416
232 403
232 421
232 285
232 389
233 352
233 258
233 247
233 346
233 478
233 429
234 437
234 409
234 429
235 417
235 439
235 343
236 306
236 484
236 293
236 472
236 441
237 299
237 243
237 489
237 239
237 499
238 474
238 403
238 410
239 347
239 341
239 363
239 299
240 496
240 242
240 388
240 310
240 375
241 262
241 458
241 429
242 318
242 282
242 381
242 270
243 276
243 470
243 331
243 316
243 381
244 288
244 321
244 485
244 433
244 487
244 265
244 272
244 390
245 369
245 277
245 281
245 316
245 413
245 479
246 467
246 358
246 283
246 397
246 318
247 499
247 452
247 485
247 413
247 383
248 337
248 469
248 262
248 360
249 400
249 430
250 275
250 295
250 334
251 263
251 394
251 318
251 319
252 320
252 436
252 424
252 332
252 287
253 258
253 395
253 394
253 269
254 346
254 315
254 477
255 368
255 354
255 437
255 326
255 345
255 329
255 495
256 411
256 278
257 297
257 426
257 269
258 468
259 309
259 471
259 407
259 350
260 344
260 277
260 476
260 415
261 408
261 404
261 420
262 305
262 343
262 374
262 396
262 316
263 383
263 277
263 453
263 280
263 461
263 302
264 358
264 471
264 380
265 305
265 285
266 361
267 427
267 294
267 423
267 311
267 364
267 349
268 416
268 355
268 292
268 309
268 275
268 431
269 308
269 375
269 408
269 471
270 394
270 396
271 402
271 312
271 442
272 356
272 330
272 299
272 301
273 417
273 436
273 465
274 435
274 409
274 397
275 368
275 412
275 381
275 469
276 470
276 315
277 474
277 453
278 368
278 467
278 313
278 303
279 393
279 323
279 379
279 457
279 477
280 497
280 385
280 476
280 380
280 479
281 450
281 377
281 393
282 287
282 325
283 486
283 476
283 285
283 414
283 495
284 438
284 346
284 347
284 397
285 454
285 322
285 431
286 468
286 357
286 481
286 423
286 444
287 405
287 433
288 424
288 443
288 380
289 351
289 382
290 473
291 465
291 418
291 497
291 490
291 300
291 414
292 305
292 348
293 436
293 310
293 331
294 385
294 363
294 337
295 354
295 421
296 379
296 305
296 440
296 492
297 307
297 442
297 478
298 308
298 488
298 363
299 487
299 332
300 373
300 378
300 335
300 383
301 470
301 406
302 496
302 484
302 316
302 409
302 492
303 322
303 486
303 412
303 378
303 383
304 497
304 392
304 425
304 367
305 459
306 368
306 360
306 317
307 346
307 412
307 382
308 384
308 375
308 459
309 389
309 483
311 392
311 394
312 352
312 434
312 499
312 330
312 319
313 439
313 488
313 492
313 474
313 428
314 337
314 370
314 469
314 366
315 466
315 350
315 322
316 466
316 468
316 317
317 400
317 353
317 339
317 420
318 389
318 457
318 442
319 356
319 489
319 475
319 476
320 343
320 476
320 361
321 401
321 402
321 426
321 493
322 425
323 402
323 428
323 412
323 478
324 401
324 392
324 468
324 356
325 376
325 450
325 328
325 397
326 347
327 389
327 461
327 381
327 367
328 358
329 466
329 387
329 437
329 408
330 344
330 340
330 398
331 371
331 445
332 350
333 391
333 413
334 417
334 471
334 442
335 387
335 391
335 457
336 353
336 484
336 364
336 412
337 498
338 482
338 402
338 406
338 386
338 431
339 476
339 406
339 488
340 439
340 472
341 396
341 348
341 460
342 372
344 491
344 375
344 348
345 349
345 382
345 437
346 457
347 435
348 374
348 490
348 426
349 482
349 354
350 431
351 481
351 407
351 412
351 413
352 355
353 456
353 386
353 457
354 484
354 405
354 390
354 471
356 440
358 456
358 452
358 411
360 451
360 404
360 393
361 478
362 400
362 419
362 438
362 430
363 480
363 497
364 475
365 491
365 372
365 427
365 397
366 489
366 479
366 461
367 489
367 411
367 444
368 448
368 450
369 432
369 379
370 497
370 419
370 391
370 456
371 430
372 417
372 435
373 432
374 489
374 475
374 460
375 467
375 410
376 398
377 404
377 417
378 425
378 441
378 410
378 493
378 445
379 473
379 393
380 451
380 492
381 482
382 388
382 448
382 495
383 422
383 493
383 446
384 466
385 466
385 403
385 421
386 464
386 483
386 449
386 478
387 419
387 399
388 465
388 448
389 462
390 401
390 469
390 435
390 482
391 480
391 447
392 456
392 475
393 492
394 491
395 451
395 411
395 460
395 445
396 490
396 427
398 423
400 448
400 469
401 418
403 416
403 443
404 425
404 444
405 451
405 420
405 478
406 464
406 416
407 482
407 460
407 447
408 456
410 465
410 441
411 468
411 463
412 426
413 452
413 414
414 434
414 455
415 425
415 493
415 431
416 487
417 429
418 458
418 427
419 483
420 448
421 424
422 483
422 454
422 428
426 471
428 458
429 432
429 461
431 444
432 481
433 489
434 438
435 438
438 473
439 481
440 441
441 442
443 490
445 473
446 480
447 448
447 467
449 463
450 455
457 485
457 490
458 496
458 491
459 498
462 476
472 480
479 480
481 495
0 500
0 501
0 502
0 503
0 504
0 505
0 506
0 507
0 508
0 509
0 510
0 511
1 512
1 513
1 514
1 515
1 516
1 517
1 518
1 519
1 520
1 521
1 522
1 523
2 524
2 525
2 526
2 527
2 528
2 529
2 530
2 531
2 532
2 533
2 534
2 535
3 536
3 537
3 538
3 539
3 540
3 541
3 542
3 543
3 544
3 545
3 546
3 547
4 548
4 549
4 550
4 551
4 552
4 553
4 554
4 555
4 556
4 557
4 558
4 559
5 560
5 561
5 562
5 563
5 564
5 565
5 566
5 567
5 568
5 569
5 570
5 571
6 572
6 573
6 574
6 575
6 576
6 577
6 578
6 579
6 580
6 581
6 582
6 583
7 584
7 585
7 586
7 587
7 588
7 589
7 590
7 591
7 592
7 593
7 594
7 595
8 596
8 597
8 598
8 599
8 600
8 601
8 602
8 603
8 604
8 605
8 606
8 607
9 608
9 609
9 610
9 611
9 612
9 613
9 614
9 615
9 616
9 617
9 618
9 619
10 620
10 621
10 622
10 623
10 624
10 625
10 626
10 627
10 628
10 629
10 630
10 631
11 632
11 633
11 634
11 635
11 636
11 637
11 638
11 639
11 640
11 641
11 642
11 643
12 644
12 645
12 646
12 647
12 648
12 649
12 650
12 651
12 652
12 653
12 654
12 655
13 656
13 657
13 658
13 659
13 660
13 661
13 662
13 663
13 664
13 665
13 666
13 667
14 668
14 669
14 670
14 671
14 672
14 673
14 674
14 675
14 676
14 677
14 678
14 679
15 680
15 681
15 682
15 683
15 684
15 685
15 686
15 687
15 688
15 689
15 690
15 691
16 692
16 693
16 694
16 695
16 696
16 697
16 698
16 699
16 700
16 701
16 702
16 703
17 704
17 705
17 706
17 707
17 708
17 709
17 710
17 711
17 712
17 713
17 714
17 715
18 716
18 717
18 718
18 719
18 720
18 721
18 722
18 723
18 724
18 725
18 726
18 727
19 728
19 729
19 730
19 731
19 732
19 733
19 734
19 735
19 736
19 737
19 738
19 739
20 740
20 741
20 742
20 743
20 744
20 745
20 746
20 747
20 748
20 749
20 750
20 751
21 752
21 753
21 754
21 755
21 756
21 757
21 758
21 759
21 760
21 761
21 762
21 763
22 764
22 765
22 766
22 767
22 768
22 769
22 770
22 771
22 772
22 773
22 774
22 775
23 776
23 777
23 778
23 779
23 780
23 781
23 782
23 783
23 784
23 785
23 786
23 787
24 788
24 789
24 790
24 791
24 792
24 793
24 794
24 795
24 796
24 797
24 798
24 799
25 800
25 801
25 802
25 803
25 804
25 805
25 806
25 807
25 808
25 809
25 810
25 811
26 812
26 813
26 814
26 815
26 816
26 817
26 818
26 819
26 820
26 821
26 822
26 823
27 824
27 825
27 826
27 827
27 828
27 829
27 830
27 831
27 832
27 833
27 834
27 835
28 836
28 837
28 838
28 839
28 840
28 841
28 842
28 843
28 844
28 845
28 846
28 847
29 848
29 849
29 850
29 851
29 852
29 853
29 854
29 855
29 856
29 857
29 858
29 859
30 860
30 861
30 862
30 863
30 864
30 865
30 866
30 867
30 868
30 869
30 870
30 871
31 872
31 873
31 874
31 875
31 876
31 877
31 878
31 879
31 880
31 881
31 882
31 883
32 884
32 885
32 886
32 887
32 888
32 889
32 890
32 891
32 892
32 893
32 894
32 895
33 896
33 897
33 898
33 899
33 900
33 901
33 902
33 903
33 904
33 905
33 906
33 907
34 908
34 909
34 910
34 911
34 912
34 913
34 914
34 915
34 916
34 917
34 918
34 919
35 920
35 921
35 922
35 923
35 924
35 925
35 926
35 927
35 928
35 929
35 930
35 931
36 932
36 933
36 934
36 935
36 936
36 937
36 938
36 939
36 940
36 941
36 942
36 943
37 944
37 945
37 946
37 947
37 948
37 949
37 950
37 951
37 952
37 953
37 954
37 955
38 956
38 957
38 958
38 959
38 960
38 961
38 962
38 963
38 964
38 965
38 966
38 967
39 968
39 969
39 970
39 971
39 972
39 973
39 974
39 975
39 976
39 977
39 978
39 979
40 980
40 981
40 982
40 983
40 984
40 985
40 986
40 987
40 988
40 989
40 990
40 991
41 992
41 993
41 994
41 995
41 996
41 997
41 998
41 999
41 1000
41 1001
41 1002
41 1003
42 1004
42 1005
42 1006
42 1007
42 1008
42 1009
42 1010
42 1011
42 1012
42 1013
42 1014
42 1015
43 1016
43 1017
43 1018
43 1019
43 1020
43 1021
43 1022
43 1023
43 1024
43 1025
43 1026
43 1027
44 1028
44 1029
44 1030
44 1031
44 1032
44 1033
44 1034
44 1035
44 1036
44 1037
44 1038
44 1039
45 1040
45 1041
45 1042
45 1043
45 1044
45 1045
45 1046
45 1047
45 1048
45 1049
45 1050
45 1051
46 1052
46 1053
46 1054
46 1055
46 1056
46 1057
46 1058
46 1059
46 1060
46 1061
46 1062
46 1063
47 1064
47 1065
47 1066
47 1067
47 1068
47 1069
47 1070
47 1071
47 1072
47 1073
47 1074
47 1075
48 1076
48 1077
48 1078
48 1079
48 1080
48 1081
48 1082
48 1083
48 1084
48 1085
48 1086
48 1087
49 1088
49 1089
49 1090
49 1091
49 1092
49 1093
49 1094
49 1095
49 1096
49 1097
49 1098
49 1099
50 1100
50 1101
50 1102
50 1103
50 1104
50 1105
50 1106
50 1107
50 1108
50 1109
50 1110
50 1111
51 1112
51 1113
51 1114
51 1115
51 1116
51 1117
51 1118
51 1119
51 1120
51 1121
51 1122
51 1123
52 1124
52 1125
52 1126
52 1127
52 1128
52 1129
52 1130
52 1131
52 1132
52 1133
52 1134
52 1135
53 1136
53 1137
53 1138
53 1139
53 1140
53 1141
53 1142
53 1143
53 1144
53 1145
53 1146
53 1147
54 1148
54 1149
54 1150
54 1151
54 1152
54 1153
54 1154
54 1155
54 1156
54 1157
54 1158
54 1159
55 1160
55 1161
55 1162
55 1163
55 1164
55 1165
55 1166
55 1167
55 1168
55 1169
55 1170
55 1171
56 1172
56 1173
56 1174
56 1175
56 1176
56 1177
56 1178
56 1179
56 1180
56 1181
56 1182
56 1183
57 1184
57 1185
57 1186
57 1187
57 1188
57 1189
57 1190
57 1191
57 1192
57 1193
57 1194
57 1195
58 1196
58 1197
58 1198
58 1199
58 1200
58 1201
58 1202
58 1203
58 1204
58 1205
58 1206
58 1207
59 1208
59 1209
59 1210
59 1211
59 1212
59 1213
59 1214
59 1215
59 1216
59 1217
59 1218
59 1219
60 1220
60 1221
60 1222
60 1223
60 1224
60 1225
60 1226
60 1227
60 1228
60 1229
60 1230
60 1231
61 1232
61 1233
61 1234
61 1235
61 1236
61 1237
61 1238
61 1239
61 1240
61 1241
61 1242
61 1243
62 1244
62 1245
62 1246
62 1247
62 1248
62 1249
62 1250
62 1251
62 1252
62 1253
62 1254
62 1255
63 1256
63 1257
63 1258
63 1259
63 1260
63 1261
63 1262
63 1263
63 1264
63 1265
63 1266
63 1267
64 1268
64 1269
64 1270
64 1271
64 1272
64 1273
64 1274
64 1275
64 1276
64 1277
64 1278
64 1279
65 1280
65 1281
65 1282
65 1283
65 1284
65 1285
65 1286
65 1287
65 1288
65 1289
65 1290
65 1291
66 1292
66 1293
66 1294
66 1295
66 1296
66 1297
66 1298
66 1299
66 1300
66 1301
66 1302
66 1303
67 1304
67 1305
67 1306
67 1307
67 1308
67 1309
67 1310
67 1311
67 1312
67 1313
67 1314
67 1315
68 1316
68 1317
68 1318
68 1319
68 1320
68 1321
68 1322
68 1323
68 1324
68 1325
68 1326
68 1327
69 1328
69 1329
69 1330
69 1331
69 1332
69 1333
69 1334
69 1335
69 1336
69 1337
69 1338
69 1339
70 1340
70 1341
70 1342
70 1343
70 1344
70 1345
70 1346
70 1347
70 1348
70 1349
70 1350
70 1351
71 1352
71 1353
71 1354
71 1355
71 1356
71 1357
71 1358
71 1359
71 1360
71 1361
71 1362
71 1363
72 1364
72 1365
72 1366
72 1367
72 1368
72 1369
72 1370
72 1371
72 1372
72 1373
72 1374
72 1375
73 1376
73 1377
73 1378
73 1379
73 1380
73 1381
73 1382
73 1383
73 1384
73 1385
73 1386
73 1387
74 1388
74 1389
74 1390
74 1391
74 1392
74 1393
74 1394
74 1395
74 1396
74 1397
74 1398
74 1399
75 1400
75 1401
75 1402
75 1403
75 1404
75 1405
75 1406
75 1407
75 1408
75 1409
75 1410
75 1411
76 1412
76 1413
76 1414
76 1415
76 1416
76 1417
76 1418
76 1419
76 1420
76 1421
76 1422
76 1423
77 1424
77 1425
77 1426
77 1427
77 1428
77 1429
77 1430
77 1431
77 1432
77 1433
77 1434
77 1435
78 1436
78 1437
78 1438
78 1439
78 1440
78 1441
78 1442
78 1443
78 1444
78 1445
78 1446
78 1447
79 1448
79 1449
79 1450
79 1451
79 1452
79 1453
79 1454
79 1455
79 1456
79 1457
79 1458
79 1459
80 1460
80 1461
80 1462
80 1463
80 1464
80 1465
80 1466
80 1467
80 1468
80 1469
80 1470
80 1471
81 1472
81 1473
81 1474
81 1475
81 1476
81 1477
81 1478
81 1479
81 1480
81 1481
81 1482
81 1483
82 1484
82 1485
82 1486
82 1487
82 1488
82 1489
82 1490
82 1491
82 1492
82 1493
82 1494
82 1495
83 1496
83 1497
83 1498
83 1499
83 1500
83 1501
83 1502
83 1503
83 1504
83 1505
83 1506
83 1507
84 1508
84 1509
84 1510
84 1511
84 1512
84 1513
84 1514
84 1515
84 1516
84 1517
84 1518
84 1519
85 1520
85 1521
85 1522
85 1523
85 1524
85 1525
85 1526
85 1527
85 1528
85 1529
85 1530
85 1531
86 1532
86 1533
86 1534
86 1535
86 1536
86 1537
86 1538
86 1539
86 1540
86 1541
86 1542
86 1543
87 1544
87 1545
87 1546
87 1547
87 1548
87 1549
87 1550
87 1551
87 1552
87 1553
87 1554
87 1555
88 1556
88 1557
88 1558
88 1559
88 1560
88 1561
88 1562
88 1563
88 1564
88 1565
88 1566
88 1567
89 1568
89 1569
89 1570
89 1571
89 1572
89 1573
89 1574
89 1575
89 1576
89 1577
89 1578
89 1579
90 1580
90 1581
90 1582
90 1583
90 1584
90 1585
90 1586
90 1587
90 1588
90 1589
90 1590
90 1591
91 1592
91 1593
91 1594
91 1595
91 1596
91 1597
91 1598
91 1599
91 1600
91 1601
91 1602
91 1603
92 1604
92 1605
92 1606
92 1607
92 1608
92 1609
92 1610
92 1611
92 1612
92 1613
92 1614
92 1615
93 1616
93 1617
93 1618
93 1619
93 1620
93 1621
93 1622
93 1623
93 1624
93 1625
93 1626
93 1627
94 1628
94 1629
94 1630
94 1631
94 1632
94 1633
94 1634
94 1635
94 1636
94 1637
94 1638
94 1639
95 1640
95 1641
95 1642
95 1643
95 1644
95 1645
95 1646
95 1647
95 1648
95 1649
95 1650
95 1651
96 1652
96 1653
96 1654
96 1655
96 1656
96 1657
96 1658
96 1659
96 1660
96 1661
96 1662
96 1663
97 1664
97 1665
97 1666
97 1667
97 1668
97 1669
97 1670
97 1671
97 1672
97 1673
97 1674
97 1675
98 1676
98 1677
98 1678
98 1679
98 1680
98 1681
98 1682
98 1683
98 1684
98 1685
98 1686
98 1687
99 1688
99 1689
99 1690
99 1691
99 1692
99 1693
99 1694
99 1695
99 1696
99 1697
99 1698
99 1699
100 1700
100 1701
100 1702
100 1703
100 1704
100 1705
100 1706
100 1707
100 1708
100 1709
100 1710
100 1711
101 1712
101 1713
101 1714
101 1715
101 1716
101 1717
101 1718
101 1719
101 1720
101 1721
101 1722
101 1723
102 1724
102 1725
102 1726
102 1727
102 1728
102 1729
102 1730
102 1731
102 1732
102 1733
102 1734
102 1735
103 1736
103 1737
103 1738
103 1739
103 1740
103 1741
103 1742
103 1743
103 1744
103 1745
103 1746
103 1747
104 1748
104 1749
104 1750
104 1751
104 1752
104 1753
104 1754
104 1755
104 1756
104 1757
104 1758
104 1759
105 1760
105 1761
105 1762
105 1763
105 1764
105 1765
105 1766
105 1767
105 1768
105 1769
105 1770
105 1771
106 1772
106 1773
106 1774
106 1775
106 1776
106 1777
106 1778
106 1779
106 1780
106 1781
106 1782
106 1783
107 1784
107 1785
107 1786
107 1787
107 1788
107 1789
107 1790
107 1791
107 1792
107 1793
107 1794
107 1795
108 1796
108 1797
108 1798
108 1799
108 1800
108 1801
108 1802
108 1803
108 1804
108 1805
108 1806
108 1807
109 1808
109 1809
109 1810
109 1811
109 1812
109 1813
109 1814
109 1815
109 1816
109 1817
109 1818
109 1819
110 1820
110 1821
110 1822
110 1823
110 1824
110 1825
110 1826
110 1827
110 1828
110 1829
110 1830
110 1831
111 1832
111 1833
111 1834
111 1835
111 1836
111 1837
111 1838
111 1839
111 1840
111 1841
111 1842
111 1843
112 1844
112 1845
112 1846
112 1847
112 1848
112 1849
112 1850
112 1851
112 1852
112 1853
112 1854
112 1855
113 1856
113 1857
113 1858
113 1859
113 1860
113 1861
113 1862
113 1863
113 1864
113 1865
113 1866
113 1867
114 1868
114 1869
114 1870
114 1871
114 1872
114 1873
114 1874
114 1875
114 1876
114 1877
114 1878
114 1879
115 1880
115 1881
115 1882
115 1883
115 1884
115 1885
115 1886
115 1887
115 1888
115 1889
115 1890
115 1891
116 1892
116 1893
116 1894
116 1895
116 1896
116 1897
116 1898
116 1899
116 1900
116 1901
116 1902
116 1903
117 1904
117 1905
117 1906
117 1907
117 1908
117 1909
117 1910
117 1911
117 1912
117 1913
117 1914
117 1915
118 1916
118 1917
118 1918
118 1919
118 1920
118 1921
118 1922
118 1923
118 1924
118 1925
118 1926
118 1927
119 1928
119 1929
119 1930
119 1931
119 1932
119 1933
119 1934
119 1935
119 1936
119 1937
119 1938
119 1939
120 1940
120 1941
120 1942
120 1943
120 1944
120 1945
120 1946
120 1947
120 1948
120 1949
120 1950
120 1951
121 1952
121 1953
121 1954
121 1955
121 1956
121 1957
121 1958
121 1959
121 1960
121 1961
121 1962
121 1963
122 1964
122 1965
122 1966
122 1967
122 1968
122 1969
122 1970
122 1971
122 1972
122 1973
122 1974
122 1975
123 1976
123 1977
123 1978
123 1979
123 1980
123 1981
123 1982
123 1983
123 1984
123 1985
123 1986
123 1987
124 1988
124 1989
124 1990
124 1991
124 1992
124 1993
124 1994
124 1995
124 1996
124 1997
124 1998
124 1999
125 2000
125 2001
125 2002
125 2003
125 2004
125 2005
125 2006
125 2007
125 2008
125 2009
125 2010
125 2011
126 2012
126 2013
126 2014
126 2015
126 2016
126 2017
126 2018
126 2019
126 2020
126 2021
126 2022
126 2023
127 2024
127 2025
127 2026
127 2027
127 2028
127 2029
127 2030
127 2031
127 2032
127 2033
127 2034
127 2035
128 2036
128 2037
128 2038
128 2039
128 2040
128 2041
128 2042
128 2043
128 2044
128 2045
128 2046
128 2047
129 2048
129 2049
129 2050
129 2051
129 2052
129 2053
129 2054
129 2055
129 2056
129 2057
129 2058
129 2059
130 2060
130 2061
130 2062
130 2063
130 2064
130 2065
130 2066
130 2067
130 2068
130 2069
130 2070
130 2071
131 2072
131 2073
131 2074
131 2075
131 2076
131 2077
131 2078
131 2079
131 2080
131 2081
131 2082
131 2083
132 2084
132 2085
132 2086
132 2087
132 2088
132 2089
132 2090
132 2091
132 2092
132 2093
132 2094
132 2095
133 2096
133 2097
133 2098
133 2099
133 2100
133 2101
133 2102
133 2103
133 2104
133 2105
133 2106
133 2107
134 2108
134 2109
134 2110
134 2111
134 2112
134 2113
134 2114
134 2115
134 2116
134 2117
134 2118
134 2119
135 2120
135 2121
135 2122
135 2123
135 2124
135 2125
135 2126
135 2127
135 2128
135 2129
135 2130
135 2131
136 2132
136 2133
136 2134
136 2135
136 2136
136 2137
136 2138
136 2139
136 2140
136 2141
136 2142
136 2143
137 2144
137 2145
137 2146
137 2147
137 2148
137 2149
137 2150
137 2151
137 2152
137 2153
137 2154
137 2155
138 2156
138 2157
138 2158
138 2159
138 2160
138 2161
138 2162
138 2163
138 2164
138 2165
138 2166
138 2167
139 2168
139 2169
139 2170
139 2171
139 2172
139 2173
139 2174
139 2175
139 2176
139 2177
139 2178
139 2179
140 2180
140 2181
140 2182
140 2183
140 2184
140 2185
140 2186
140 2187
140 2188
140 2189
140 2190
140 2191
141 2192
141 2193
141 2194
141 2195
141 2196
141 2197
141 2198
141 2199
141 2200
141 2201
141 2202
141 2203
142 2204
142 2205
142 2206
142 2207
142 2208
142 2209
142 2210
142 2211
142 2212
142 2213
142 2214
142 2215
143 2216
143 2217
143 2218
143 2219
143 2220
143 2221
143 2222
143 2223
143 2224
143 2225
143 2226
143 2227
144 2228
144 2229
144 2230
144 2231
144 2232
144 2233
144 2234
144 2235
144 2236
144 2237
144 2238
144 2239
145 2240
145 2241
145 2242
145 2243
145 2244
145 2245
145 2246
145 2247
145 2248
145 2249
145 2250
145 2251
146 2252
146 2253
146 2254
146 2255
146 2256
146 2257
146 2258
146 2259
146 2260
146 2261
146 2262
146 2263
147 2264
147 2265
147 2266
147 2267
147 2268
147 2269
147 2270
147 2271
147 2272
147 2273
147 2274
147 2275
148 2276
148 2277
148 2278
148 2279
148 2280
148 2281
148 2282
148 2283
148 2284
148 2285
148 2286
148 2287
149 2288
149 2289
149 2290
149 2291
149 2292
149 2293
149 2294
149 2295
149 2296
149 2297
149 2298
149 2299
150 2300
150 2301
150 2302
150 2303
150 2304
150 2305
150 2306
150 2307
150 2308
150 2309
150 2310
150 2311
151 2312
151 2313
151 2314
151 2315
151 2316
151 2317
151 2318
151 2319
151 2320
151 2321
151 2322
151 2323
152 2324
152 2325
152 2326
152 2327
152 2328
152 2329
152 2330
152 2331
152 2332
152 2333
152 2334
152 2335
153 2336
153 2337
153 2338
153 2339
153 2340
153 2341
153 2342
153 2343
153 2344
153 2345
153 2346
153 2347
154 2348
154 2349
154 2350
154 2351
154 2352
154 2353
154 2354
154 2355
154 2356
154 2357
154 2358
154 2359
155 2360
155 2361
155 2362
155 2363
155 2364
155 2365
155 2366
155 2367
155 2368
155 2369
155 2370
155 2371
156 2372
156 2373
156 2374
156 2375
156 2376
156 2377
156 2378
156 2379
156 2380
156 2381
156 2382
156 2383
157 2384
157 2385
157 2386
157 2387
157 2388
157 2389
157 2390
157 2391
157 2392
157 2393
157 2394
157 2395
158 2396
158 2397
158 2398
158 2399
158 2400
158 2401
158 2402
158 2403
158 2404
158 2405
158 2406
158 2407
159 2408
159 2409
159 2410
159 2411
159 2412
159 2413
159 2414
159 2415
159 2416
159 2417
159 2418
159 2419
160 2420
160 2421
160 2422
160 2423
160 2424
160 2425
160 2426
160 2427
160 2428
160 2429
160 2430
160 2431
161 2432
161 2433
161 2434
161 2435
161 2436
161 2437
161 2438
161 2439
161 2440
161 2441
161 2442
161 2443
162 2444
162 2445
162 2446
162 2447
162 2448
162 2449
162 2450
162 2451
162 2452
162 2453
162 2454
162 2455
163 2456
163 2457
163 2458
163 2459
163 2460
163 2461
163 2462
163 2463
163 2464
163 2465
163 2466
163 2467
164 2468
164 2469
164 2470
164 2471
164 2472
164 2473
164 2474
164 2475
164 2476
164 2477
164 2478
164 2479
165 2480
165 2481
165 2482
165 2483
165 2484
165 2485
165 2486
165 2487
165 2488
165 2489
165 2490
165 2491
166 2492
166 2493
166 2494
166 2495
166 2496
166 2497
166 2498
166 2499
166 2500
166 2501
166 2502
166 2503
167 2504
167 2505
167 2506
167 2507
167 2508
167 2509
167 2510
167 2511
167 2512
167 2513
167 2514
167 2515
168 2516
168 2517
168 2518
168 2519
168 2520
168 2521
168 2522
168 2523
168 2524
168 2525
168 2526
168 2527
169 2528
169 2529
169 2530
169 2531
169 2532
169 2533
169 2534
169 2535
169 2536
169 2537
169 2538
169 2539
170 2540
170 2541
170 2542
170 2543
170 2544
170 2545
170 2546
170 2547
170 2548
170 2549
170 2550
170 2551
171 2552
171 2553
171 2554
171 2555
171 2556
171 2557
171 2558
171 2559
171 2560
171 2561
171 2562
171 2563
172 2564
172 2565
172 2566
172 2567
172 2568
172 2569
172 2570
172 2571
172 2572
172 2573
172 2574
172 2575
173 2576
173 2577
173 2578
173 2579
173 2580
173 2581
173 2582
173 2583
173 2584
173 2585
173 2586
173 2587
174 2588
174 2589
174 2590
174 2591
174 2592
174 2593
174 2594
174 2595
174 2596
174 2597
174 2598
174 2599
175 2600
175 2601
175 2602
175 2603
175 2604
175 2605
175 2606
175 2607
175 2608
175 2609
175 2610
175 2611
176 2612
176 2613
176 2614
176 2615
176 2616
176 2617
176 2618
176 2619
176 2620
176 2621
176 2622
176 2623
177 2624
177 2625
177 2626
177 2627
177 2628
177 2629
177 2630
177 2631
177 2632
177 2633
177 2634
177 2635
178 2636
178 2637
178 2638
178 2639
178 2640
178 2641
178 2642
178 2643
178 2644
178 2645
178 2646
178 2647
179 2648
179 2649
179 2650
179 2651
179 2652
179 2653
179 2654
179 2655
179 2656
179 2657
179 2658
179 2659
180 2660
180 2661
180 2662
180 2663
180 2664
180 2665
180 2666
180 2667
180 2668
180 2669
180 2670
180 2671
181 2672
181 2673
181 2674
181 2675
181 2676
181 2677
181 2678
181 2679
181 2680
181 2681
181 2682
181 2683
182 2684
182 2685
182 2686
182 2687
182 2688
182 2689
182 2690
182 2691
182 2692
182 2693
182 2694
182 2695
183 2696
183 2697
183 2698
183 2699
183 2700
183 2701
183 2702
183 2703
183 2704
183 2705
183 2706
183 2707
184 2708
184 2709
184 2710
184 2711
184 2712
184 2713
184 2714
184 2715
184 2716
184 2717
184 2718
184 2719
185 2720
185 2721
185 2722
185 2723
185 2724
185 2725
185 2726
185 2727
185 2728
185 2729
185 2730
185 2731
186 2732
186 2733
186 2734
186 2735
186 2736
186 2737
186 2738
186 2739
186 2740
186 2741
186 2742
186 2743
187 2744
187 2745
187 2746
187 2747
187 2748
187 2749
187 2750
187 2751
187 2752
187 2753
187 2754
187 2755
188 2756
188 2757
188 2758
188 2759
188 2760
188 2761
188 2762
188 2763
188 2764
188 2765
188 2766
188 2767
189 2768
189 2769
189 2770
189 2771
189 2772
189 2773
189 2774
189 2775
189 2776
189 2777
189 2778
189 2779
190 2780
190 2781
190 2782
190 2783
190 2784
190 2785
190 2786
190 2787
190 2788
190 2789
190 2790
190 2791
191 2792
191 2793
191 2794
191 2795
191 2796
191 2797
191 2798
191 2799
191 2800
191 2801
191 2802
191 2803
192 2804
192 2805
192 2806
192 2807
192 2808
192 2809
192 2810
192 2811
192 2812
192 2813
192 2814
192 2815
193 2816
193 2817
193 2818
193 2819
193 2820
193 2821
193 2822
193 2823
193 2824
193 2825
193 2826
193 2827
194 2828
194 2829
194 2830
194 2831
194 2832
194 2833
194 2834
194 2835
194 2836
194 2837
194 2838
194 2839
195 2840
195 2841
195 2842
195 2843
195 2844
195 2845
195 2846
195 2847
195 2848
195 2849
195 2850
195 2851
196 2852
196 2853
196 2854
196 2855
196 2856
196 2857
196 2858
196 2859
196 2860
196 2861
196 2862
196 2863
197 2864
197 2865
197 2866
197 2867
197 2868
197 2869
197 2870
197 2871
197 2872
197 2873
197 2874
197 2875
198 2876
198 2877
198 2878
198 2879
198 2880
198 2881
198 2882
198 2883
198 2884
198 2885
198 2886
198 2887
199 2888
199 2889
199 2890
199 2891
199 2892
199 2893
199 2894
199 2895
199 2896
199 2897
199 2898
199 2899
200 2900
200 2901
200 2902
200 2903
200 2904
200 2905
200 2906
200 2907
200 2908
200 2909
200 2910
200 2911
201 2912
201 2913
201 2914
201 2915
201 2916
201 2917
201 2918
201 2919
201 2920
201 2921
201 2922
201 2923
202 2924
202 2925
202 2926
202 2927
202 2928
202 2929
202 2930
202 2931
202 2932
202 2933
202 2934
202 2935
203 2936
203 2937
203 2938
203 2939
203 2940
203 2941
203 2942
203 2943
203 2944
203 2945
203 2946
203 2947
204 2948
204 2949
204 2950
204 2951
204 2952
204 2953
204 2954
204 2955
204 2956
204 2957
204 2958
204 2959
205 2960
205 2961
205 2962
205 2963
205 2964
205 2965
205 2966
205 2967
205 2968
205 2969
205 2970
205 2971
206 2972
206 2973
206 2974
206 2975
206 2976
206 2977
206 2978
206 2979
206 2980
206 2981
206 2982
206 2983
207 2984
207 2985
207 2986
207 2987
207 2988
207 2989
207 2990
207 2991
207 2992
207 2993
207 2994
207 2995
208 2996
208 2997
208 2998
208 2999
208 3000
208 3001
208 3002
208 3003
208 3004
208 3005
208 3006
208 3007
209 3008
209 3009
209 3010
209 3011
209 3012
209 3013
209 3014
209 3015
209 3016
209 3017
209 3018
209 3019
210 3020
210 3021
210 3022
210 3023
210 3024
210 3025
210 3026
210 3027
210 3028
210 3029
210 3030
210 3031
211 3032
211 3033
211 3034
211 3035
211 3036
211 3037
211 3038
211 3039
211 3040
211 3041
211 3042
211 3043
212 3044
212 3045
212 3046
212 3047
212 3048
212 3049
212 3050
212 3051
212 3052
212 3053
212 3054
212 3055
213 3056
213 3057
213 3058
213 3059
213 3060
213 3061
213 3062
213 3063
213 3064
213 3065
213 3066
213 3067
214 3068
214 3069
214 3070
214 3071
214 3072
214 3073
214 3074
214 3075
214 3076
214 3077
214 3078
214 3079
215 3080
215 3081
215 3082
215 3083
215 3084
215 3085
215 3086
215 3087
215 3088
215 3089
215 3090
215 3091
216 3092
216 3093
216 3094
216 3095
216 3096
216 3097
216 3098
216 3099
216 3100
216 3101
216 3102
216 3103
217 3104
217 3105
217 3106
217 3107
217 3108
217 3109
217 3110
217 3111
217 3112
217 3113
217 3114
217 3115
218 3116
218 3117
218 3118
218 3119
218 3120
218 3121
218 3122
218 3123
218 3124
218 3125
218 3126
218 3127
219 3128
219 3129
219 3130
219 3131
219 3132
219 3133
219 3134
219 3135
219 3136
219 3137
219 3138
219 3139
220 3140
220 3141
220 3142
220 3143
220 3144
220 3145
220 3146
220 3147
220 3148
220 3149
220 3150
220 3151
221 3152
221 3153
221 3154
221 3155
221 3156
221 3157
221 3158
221 3159
221 3160
221 3161
221 3162
221 3163
222 3164
222 3165
222 3166
222 3167
222 3168
222 3169
222 3170
222 3171
222 3172
222 3173
222 3174
222 3175
223 3176
223 3177
223 3178
223 3179
223 3180
223 3181
223 3182
223 3183
223 3184
223 3185
223 3186
223 3187
224 3188
224 3189
224 3190
224 3191
224 3192
224 3193
224 3194
224 3195
224 3196
224 3197
224 3198
224 3199
225 3200
225 3201
225 3202
225 3203
225 3204
225 3205
225 3206
225 3207
225 3208
225 3209
225 3210
225 3211
226 3212
226 3213
226 3214
226 3215
226 3216
226 3217
226 3218
226 3219
226 3220
226 3221
226 3222
226 3223
227 3224
227 3225
227 3226
227 3227
227 3228
227 3229
227 3230
227 3231
227 3232
227 3233
227 3234
227 3235
228 3236
228 3237
228 3238
228 3239
228 3240
228 3241
228 3242
228 3243
228 3244
228 3245
228 3246
228 3247
229 3248
229 3249
229 3250
229 3251
229 3252
229 3253
229 3254
229 3255
229 3256
229 3257
229 3258
229 3259
230 3260
230 3261
230 3262
230 3263
230 3264
230 3265
230 3266
230 3267
230 3268
230 3269
230 3270
230 3271
231 3272
231 3273
231 3274
231 3275
231 3276
231 3277
231 3278
231 3279
231 3280
231 3281
231 3282
231 3283
232 3284
232 3285
232 3286
232 3287
232 3288
232 3289
232 3290
232 3291
232 3292
232 3293
232 3294
232 3295
233 3296
233 3297
233 3298
233 3299
233 3300
233 3301
233 3302
233 3303
233 3304
233 3305
233 3306
233 3307
234 3308
234 3309
234 3310
234 3311
234 3312
234 3313
234 3314
234 3315
234 3316
234 3317
234 3318
234 3319
235 3320
235 3321
235 3322
235 3323
235 3324
235 3325
235 3326
235 3327
235 3328
235 3329
235 3330
235 3331
236 3332
236 3333
236 3334
236 3335
236 3336
236 3337
236 3338
236 3339
236 3340
236 3341
236 3342
236 3343
237 3344
237 3345
237 3346
237 3347
237 3348
237 3349
237 3350
237 3351
237 3352
237 3353
237 3354
237 3355
238 3356
238 3357
238 3358
238 3359
238 3360
238 3361
238 3362
238 3363
238 3364
238 3365
238 3366
238 3367
239 3368
239 3369
239 3370
239 3371
239 3372
239 3373
239 3374
239 3375
239 3376
239 3377
239 3378
239 3379
240 3380
240 3381
240 3382
240 3383
240 3384
240 3385
240 3386
240 3387
240 3388
240 3389
240 3390
240 3391
241 3392
241 3393
241 3394
241 3395
241 3396
241 3397
241 3398
241 3399
241 3400
241 3401
241 3402
241 3403
242 3404
242 3405
242 3406
242 3407
242 3408
242 3409
242 3410
242 3411
242 3412
242 3413
242 3414
242 3415
243 3416
243 3417
243 3418
243 3419
243 3420
243 3421
243 3422
243 3423
243 3424
243 3425
243 3426
243 3427
244 3428
244 3429
244 3430
244 3431
244 3432
244 3433
244 3434
244 3435
244 3436
244 3437
244 3438
244 3439
245 3440
245 3441
245 3442
245 3443
245 3444
245 3445
245 3446
245 3447
245 3448
245 3449
245 3450
245 3451
246 3452
246 3453
246 3454
246 3455
246 3456
246 3457
246 3458
246 3459
246 3460
246 3461
246 3462
246 3463
247 3464
247 3465
247 3466
247 3467
247 3468
247 3469
247 3470
247 3471
247 3472
247 3473
247 3474
247 3475
248 3476
248 3477
248 3478
248 3479
248 3480
248 3481
248 3482
248 3483
248 3484
248 3485
248 3486
248 3487
249 3488
249 3489
249 3490
249 3491
249 3492
249 3493
249 3494
249 3495
249 3496
249 3497
249 3498
249 3499
250 3500
250 3501
250 3502
250 3503
250 3504
250 3505
250 3506
250 3507
250 3508
250 3509
250 3510
250 3511
251 3512
251 3513
251 3514
251 3515
251 3516
251 3517
251 3518
251 3519
251 3520
251 3521
251 3522
251 3523
252 3524
252 3525
252 3526
252 3527
252 3528
252 3529
252 3530
252 3531
252 3532
252 3533
252 3534
252 3535
253 3536
253 3537
253 3538
253 3539
253 3540
253 3541
253 3542
253 3543
253 3544
253 3545
253 3546
253 3547
254 3548
254 3549
254 3550
254 3551
254 3552
254 3553
254 3554
254 3555
254 3556
254 3557
254 3558
254 3559
255 3560
255 3561
255 3562
255 3563
255 3564
255 3565
255 3566
255 3567
255 3568
255 3569
255 3570
255 3571
256 3572
256 3573
256 3574
256 3575
256 3576
256 3577
256 3578
256 3579
256 3580
256 3581
256 3582
256 3583
257 3584
257 3585
257 3586
257 3587
257 3588
257 3589
257 3590
257 3591
257 3592
257 3593
257 3594
257 3595
258 3596
258 3597
258 3598
258 3599
258 3600
258 3601
258 3602
258 3603
258 3604
258 3605
258 3606
258 3607
259 3608
259 3609
259 3610
259 3611
259 3612
259 3613
259 3614
259 3615
259 3616
259 3617
259 3618
259 3619
260 3620
260 3621
260 3622
260 3623
260 3624
260 3625
260 3626
260 3627
260 3628
260 3629
260 3630
260 3631
261 3632
261 3633
261 3634
261 3635
261 3636
261 3637
261 3638
261 3639
261 3640
261 3641
261 3642
261 3643
262 3644
262 3645
262 3646
262 3647
262 3648
262 3649
262 3650
262 3651
262 3652
262 3653
262 3654
262 3655
263 3656
263 3657
263 3658
263 3659
263 3660
263 3661
263 3662
263 3663
263 3664
263 3665
263 3666
263 3667
264 3668
264 3669
264 3670
264 3671
264 3672
264 3673
264 3674
264 3675
264 3676
264 3677
264 3678
264 3679
265 3680
265 3681
265 3682
265 3683
265 3684
265 3685
265 3686
265 3687
265 3688
265 3689
265 3690
265 3691
266 3692
266 3693
266 3694
266 3695
266 3696
266 3697
266 3698
266 3699
266 3700
266 3701
266 3702
266 3703
267 3704
267 3705
267 3706
267 3707
267 3708
267 3709
267 3710
267 3711
267 3712
267 3713
267 3714
267 3715
268 3716
268 3717
268 3718
268 3719
268 3720
268 3721
268 3722
268 3723
268 3724
268 3725
268 3726
268 3727
269 3728
269 3729
269 3730
269 3731
269 3732
269 3733
269 3734
269 3735
269 3736
269 3737
269 3738
269 3739
270 3740
270 3741
270 3742
270 3743
270 3744
270 3745
270 3746
270 3747
270 3748
270 3749
270 3750
270 3751
271 3752
271 3753
271 3754
271 3755
271 3756
271 3757
271 3758
271 3759
271 3760
271 3761
271 3762
271 3763
272 3764
272 3765
272 3766
272 3767
272 3768
272 3769
272 3770
272 3771
272 3772
272 3773
272 3774
272 3775
273 3776
273 3777
273 3778
273 3779
273 3780
273 3781
273 3782
273 3783
273 3784
273 3785
273 3786
273 3787
274 3788
274 3789
274 3790
274 3791
274 3792
274 3793
274 3794
274 3795
274 3796
274 3797
274 3798
274 3799
275 3800
275 3801
275 3802
275 3803
275 3804
275 3805
275 3806
275 3807
275 3808
275 3809
275 3810
275 3811
276 3812
276 3813
276 3814
276 3815
276 3816
276 3817
276 3818
276 3819
276 3820
276 3821
276 3822
276 3823
277 3824
277 3825
277 3826
277 3827
277 3828
277 3829
277 3830
277 3831
277 3832
277 3833
277 3834
277 3835
278 3836
278 3837
278 3838
278 3839
278 3840
278 3841
278 3842
278 3843
278 3844
278 3845
278 3846
278 3847
279 3848
279 3849
279 3850
279 3851
279 3852
279 3853
279 3854
279 3855
279 3856
279 3857
279 3858
279 3859
280 3860
280 3861
280 3862
280 3863
280 3864
280 3865
280 3866
280 3867
280 3868
280 3869
280 3870
280 3871
281 3872
281 3873
281 3874
281 3875
281 3876
281 3877
281 3878
281 3879
281 3880
281 3881
281 3882
281 3883
282 3884
282 3885
282 3886
282 3887
282 3888
282 3889
282 3890
282 3891
282 3892
282 3893
282 3894
282 3895
283 3896
283 3897
283 3898
283 3899
283 3900
283 3901
283 3902
283 3903
283 3904
283 3905
283 3906
283 3907
284 3908
284 3909
284 3910
284 3911
284 3912
284 3913
284 3914
284 3915
284 3916
284 3917
284 3918
284 3919
285 3920
285 3921
285 3922
285 3923
285 3924
285 3925
285 3926
285 3927
285 3928
285 3929
285 3930
285 3931
286 3932
286 3933
286 3934
286 3935
286 3936
286 3937
286 3938
286 3939
286 3940
286 3941
286 3942
286 3943
287 3944
287 3945
287 3946
287 3947
287 3948
287 3949
287 3950
287 3951
287 3952
287 3953
287 3954
287 3955
288 3956
288 3957
288 3958
288 3959
288 3960
288 3961
288 3962
288 3963
288 3964
288 3965
288 3966
288 3967
289 3968
289 3969
289 3970
289 3971
289 3972
289 3973
289 3974
289 3975
289 3976
289 3977
289 3978
289 3979
290 3980
290 3981
290 3982
290 3983
290 3984
290 3985
290 3986
290 3987
290 3988
290 3989
290 3990
290 3991
291 3992
291 3993
291 3994
291 3995
291 3996
291 3997
291 3998
291 3999
291 4000
291 4001
291 4002
291 4003
292 4004
292 4005
292 4006
292 4007
292 4008
292 4009
292 4010
292 4011
292 4012
292 4013
292 4014
292 4015
293 4016
293 4017
293 4018
293 4019
293 4020
293 4021
293 4022
293 4023
293 4024
293 4025
293 4026
293 4027
294 4028
294 4029
294 4030
294 4031
294 4032
294 4033
294 4034
294 4035
294 4036
294 4037
294 4038
294 4039
295 4040
295 4041
295 4042
295 4043
295 4044
295 4045
295 4046
295 4047
295 4048
295 4049
295 4050
295 4051
296 4052
296 4053
296 4054
296 4055
296 4056
296 4057
296 4058
296 4059
296 4060
296 4061
296 4062
296 4063
297 4064
297 4065
297 4066
297 4067
297 4068
297 4069
297 4070
297 4071
297 4072
297 4073
297 4074
297 4075
298 4076
298 4077
298 4078
298 4079
298 4080
298 4081
298 4082
298 4083
298 4084
298 4085
298 4086
298 4087
299 4088
299 4089
299 4090
299 4091
299 4092
299 4093
299 4094
299 4095
299 4096
299 4097
299 4098
299 4099
300 4100
300 4101
300 4102
300 4103
300 4104
300 4105
300 4106
300 4107
300 4108
300 4109
300 4110
300 4111
301 4112
301 4113
301 4114
301 4115
301 4116
301 4117
301 4118
301 4119
301 4120
301 4121
301 4122
301 4123
302 4124
302 4125
302 4126
302 4127
302 4128
302 4129
302 4130
302 4131
302 4132
302 4133
302 4134
302 4135
303 4136
303 4137
303 4138
303 4139
303 4140
303 4141
303 4142
303 4143
303 4144
303 4145
303 4146
303 4147
304 4148
304 4149
304 4150
304 4151
304 4152
304 4153
304 4154
304 4155
304 4156
304 4157
304 4158
304 4159
305 4160
305 4161
305 4162
305 4163
305 4164
305 4165
305 4166
305 4167
305 4168
305 4169
305 4170
305 4171
306 4172
306 4173
306 4174
306 4175
306 4176
306 4177
306 4178
306 4179
306 4180
306 4181
306 4182
306 4183
307 4184
307 4185
307 4186
307 4187
307 4188
307 4189
307 4190
307 4191
307 4192
307 4193
307 4194
307 4195
308 4196
308 4197
308 4198
308 4199
308 4200
308 4201
308 4202
308 4203
308 4204
308 4205
308 4206
308 4207
309 4208
309 4209
309 4210
309 4211
309 4212
309 4213
309 4214
309 4215
309 4216
309 4217
309 4218
309 4219
310 4220
310 4221
310 4222
310 4223
310 4224
310 4225
310 4226
310 4227
310 4228
310 4229
310 4230
310 4231
311 4232
311 4233
311 4234
311 4235
311 4236
311 4237
311 4238
311 4239
311 4240
311 4241
311 4242
311 4243
312 4244
312 4245
312 4246
312 4247
312 4248
312 4249
312 4250
312 4251
312 4252
312 4253
312 4254
312 4255
313 4256
313 4257
313 4258
313 4259
313 4260
313 4261
313 4262
313 4263
313 4264
313 4265
313 4266
313 4267
314 4268
314 4269
314 4270
314 4271
314 4272
314 4273
314 4274
314 4275
314 4276
314 4277
314 4278
314 4279
315 4280
315 4281
315 4282
315 4283
315 4284
315 4285
315 4286
315 4287
315 4288
315 4289
315 4290
315 4291
316 4292
316 4293
316 4294
316 4295
316 4296
316 4297
316 4298
316 4299
316 4300
316 4301
316 4302
316 4303
317 4304
317 4305
317 4306
317 4307
317 4308
317 4309
317 4310
317 4311
317 4312
317 4313
317 4314
317 4315
318 4316
318 4317
318 4318
318 4319
318 4320
318 4321
318 4322
318 4323
318 4324
318 4325
318 4326
318 4327
319 4328
319 4329
319 4330
319 4331
319 4332
319 4333
319 4334
319 4335
319 4336
319 4337
319 4338
319 4339
320 4340
320 4341
320 4342
320 4343
320 4344
320 4345
320 4346
320 4347
320 4348
320 4349
320 4350
320 4351
321 4352
321 4353
321 4354
321 4355
321 4356
321 4357
321 4358
321 4359
321 4360
321 4361
321 4362
321 4363
322 4364
322 4365
322 4366
322 4367
322 4368
322 4369
322 4370
322 4371
322 4372
322 4373
322 4374
322 4375
323 4376
323 4377
323 4378
323 4379
323 4380
323 4381
323 4382
323 4383
323 4384
323 4385
323 4386
323 4387
324 4388
324 4389
324 4390
324 4391
324 4392
324 4393
324 4394
324 4395
324 4396
324 4397
324 4398
324 4399
325 4400
325 4401
325 4402
325 4403
325 4404
325 4405
325 4406
325 4407
325 4408
325 4409
325 4410
325 4411
326 4412
326 4413
326 4414
326 4415
326 4416
326 4417
326 4418
326 4419
326 4420
326 4421
326 4422
326 4423
327 4424
327 4425
327 4426
327 4427
327 4428
327 4429
327 4430
327 4431
327 4432
327 4433
327 4434
327 4435
328 4436
328 4437
328 4438
328 4439
328 4440
328 4441
328 4442
328 4443
328 4444
328 4445
328 4446
328 4447
329 4448
329 4449
329 4450
329 4451
329 4452
329 4453
329 4454
329 4455
329 4456
329 4457
329 4458
329 4459
330 4460
330 4461
330 4462
330 4463
330 4464
330 4465
330 4466
330 4467
330 4468
330 4469
330 4470
330 4471
331 4472
331 4473
331 4474
331 4475
331 4476
331 4477
331 4478
331 4479
331 4480
331 4481
331 4482
331 4483
332 4484
332 4485
332 4486
332 4487
332 4488
332 4489
332 4490
332 4491
332 4492
332 4493
332 4494
332 4495
333 4496
333 4497
333 4498
333 4499
333 4500
333 4501
333 4502
333 4503
333 4504
333 4505
333 4506
333 4507
334 4508
334 4509
334 4510
334 4511
334 4512
334 4513
334 4514
334 4515
334 4516
334 4517
334 4518
334 4519
335 4520
335 4521
335 4522
335 4523
335 4524
335 4525
335 4526
335 4527
335 4528
335 4529
335 4530
335 4531
336 4532
336 4533
336 4534
336 4535
336 4536
336 4537
336 4538
336 4539
336 4540
336 4541
336 4542
336 4543
337 4544
337 4545
337 4546
337 4547
337 4548
337 4549
337 4550
337 4551
337 4552
337 4553
337 4554
337 4555
338 4556
338 4557
338 4558
338 4559
338 4560
338 4561
338 4562
338 4563
338 4564
338 4565
338 4566
338 4567
339 4568
339 4569
339 4570
339 4571
339 4572
339 4573
339 4574
339 4575
339 4576
339 4577
339 4578
339 4579
340 4580
340 4581
340 4582
340 4583
340 4584
340 4585
340 4586
340 4587
340 4588
340 4589
340 4590
340 4591
341 4592
341 4593
341 4594
341 4595
341 4596
341 4597
341 4598
341 4599
341 4600
341 4601
341 4602
341 4603
342 4604
342 4605
342 4606
342 4607
342 4608
342 4609
342 4610
342 4611
342 4612
342 4613
342 4614
342 4615
343 4616
343 4617
343 4618
343 4619
343 4620
343 4621
343 4622
343 4623
343 4624
343 4625
343 4626
343 4627
344 4628
344 4629
344 4630
344 4631
344 4632
344 4633
344 4634
344 4635
344 4636
344 4637
344 4638
344 4639
345 4640
345 4641
345 4642
345 4643
345 4644
345 4645
345 4646
345 4647
345 4648
345 4649
345 4650
345 4651
346 4652
346 4653
346 4654
346 4655
346 4656
346 4657
346 4658
346 4659
346 4660
346 4661
346 4662
346 4663
347 4664
347 4665
347 4666
347 4667
347 4668
347 4669
347 4670
347 4671
347 4672
347 4673
347 4674
347 4675
348 4676
348 4677
348 4678
348 4679
348 4680
348 4681
348 4682
348 4683
348 4684
348 4685
348 4686
348 4687
349 4688
349 4689
349 4690
349 4691
349 4692
349 4693
349 4694
349 4695
349 4696
349 4697
349 4698
349 4699
350 4700
350 4701
350 4702
350 4703
350 4704
350 4705
350 4706
350 4707
350 4708
350 4709
350 4710
350 4711
351 4712
351 4713
351 4714
351 4715
351 4716
351 4717
351 4718
351 4719
351 4720
351 4721
351 4722
351 4723
352 4724
352 4725
352 4726
352 4727
352 4728
352 4729
352 4730
352 4731
352 4732
352 4733
352 4734
352 4735
353 4736
353 4737
353 4738
353 4739
353 4740
353 4741
353 4742
353 4743
353 4744
353 4745
353 4746
353 4747
354 4748
354 4749
354 4750
354 4751
354 4752
354 4753
354 4754
354 4755
354 4756
354 4757
354 4758
354 4759
355 4760
355 4761
355 4762
355 4763
355 4764
355 4765
355 4766
355 4767
355 4768
355 4769
355 4770
355 4771
356 4772
356 4773
356 4774
356 4775
356 4776
356 4777
356 4778
356 4779
356 4780
356 4781
356 4782
356 4783
357 4784
357 4785
357 4786
357 4787
357 4788
357 4789
357 4790
357 4791
357 4792
357 4793
357 4794
357 4795
358 4796
358 4797
358 4798
358 4799
358 4800
358 4801
358 4802
358 4803
358 4804
358 4805
358 4806
358 4807
359 4808
359 4809
359 4810
359 4811
359 4812
359 4813
359 4814
359 4815
359 4816
359 4817
359 4818
359 4819
360 4820
360 4821
360 4822
360 4823
360 4824
360 4825
360 4826
360 4827
360 4828
360 4829
360 4830
360 4831
361 4832
361 4833
361 4834
361 4835
361 4836
361 4837
361 4838
361 4839
361 4840
361 4841
361 4842
361 4843
362 4844
362 4845
362 4846
362 4847
362 4848
362 4849
362 4850
362 4851
362 4852
362 4853
362 4854
362 4855
363 4856
363 4857
363 4858
363 4859
363 4860
363 4861
363 4862
363 4863
363 4864
363 4865
363 4866
363 4867
364 4868
364 4869
364 4870
364 4871
364 4872
364 4873
364 4874
364 4875
364 4876
364 4877
364 4878
364 4879
365 4880
365 4881
365 4882
365 4883
365 4884
365 4885
365 4886
365 4887
365 4888
365 4889
365 4890
365 4891
366 4892
366 4893
366 4894
366 4895
366 4896
366 4897
366 4898
366 4899
366 4900
366 4901
366 4902
366 4903
367 4904
367 4905
367 4906
367 4907
367 4908
367 4909
367 4910
367 4911
367 4912
367 4913
367 4914
367 4915
368 4916
368 4917
368 4918
368 4919
368 4920
368 4921
368 4922
368 4923
368 4924
368 4925
368 4926
368 4927
369 4928
369 4929
369 4930
369 4931
369 4932
369 4933
369 4934
369 4935
369 4936
369 4937
369 4938
369 4939
370 4940
370 4941
370 4942
370 4943
370 4944
370 4945
370 4946
370 4947
370 4948
370 4949
370 4950
370 4951
371 4952
371 4953
371 4954
371 4955
371 4956
371 4957
371 4958
371 4959
371 4960
371 4961
371 4962
371 4963
372 4964
372 4965
372 4966
372 4967
372 4968
372 4969
372 4970
372 4971
372 4972
372 4973
372 4974
372 4975
373 4976
373 4977
373 4978
373 4979
373 4980
373 4981
373 4982
373 4983
373 4984
373 4985
373 4986
373 4987
374 4988
374 4989
374 4990
374 4991
374 4992
374 4993
374 4994
374 4995
374 4996
374 4997
374 4998
374 4999
375 5000
375 5001
375 5002
375 5003
375 5004
375 5005
375 5006
375 5007
375 5008
375 5009
375 5010
375 5011
376 5012
376 5013
376 5014
376 5015
376 5016
376 5017
376 5018
376 5019
376 5020
376 5021
376 5022
376 5023
377 5024
377 5025
377 5026
377 5027
377 5028
377 5029
377 5030
377 5031
377 5032
377 5033
377 5034
377 5035
378 5036
378 5037
378 5038
378 5039
378 5040
378 5041
378 5042
378 5043
378 5044
378 5045
378 5046
378 5047
379 5048
379 5049
379 5050
379 5051
379 5052
379 5053
379 5054
379 5055
379 5056
379 5057
379 5058
379 5059
380 5060
380 5061
380 5062
380 5063
380 5064
380 5065
380 5066
380 5067
380 5068
380 5069
380 5070
380 5071
381 5072
381 5073
381 5074
381 5075
381 5076
381 5077
381 5078
381 5079
381 5080
381 5081
381 5082
381 5083
382 5084
382 5085
382 5086
382 5087
382 5088
382 5089
382 5090
382 5091
382 5092
382 5093
382 5094
382 5095
383 5096
383 5097
383 5098
383 5099
383 5100
383 5101
383 5102
383 5103
383 5104
383 5105
383 5106
383 5107
384 5108
384 5109
384 5110
384 5111
384 5112
384 5113
384 5114
384 5115
384 5116
384 5117
384 5118
384 5119
385 5120
385 5121
385 5122
385 5123
385 5124
385 5125
385 5126
385 5127
385 5128
385 5129
385 5130
385 5131
386 5132
386 5133
386 5134
386 5135
386 5136
386 5137
386 5138
386 5139
386 5140
386 5141
386 5142
386 5143
387 5144
387 5145
387 5146
387 5147
387 5148
387 5149
387 5150
387 5151
387 5152
387 5153
387 5154
387 5155
388 5156
388 5157
388 5158
388 5159
388 5160
388 5161
388 5162
388 5163
388 5164
388 5165
388 5166
388 5167
389 5168
389 5169
389 5170
389 5171
389 5172
389 5173
389 5174
389 5175
389 5176
389 5177
389 5178
389 5179
390 5180
390 5181
390 5182
390 5183
390 5184
390 5185
390 5186
390 5187
390 5188
390 5189
390 5190
390 5191
391 5192
391 5193
391 5194
391 5195
391 5196
391 5197
391 5198
391 5199
391 5200
391 5201
391 5202
391 5203
392 5204
392 5205
392 5206
392 5207
392 5208
392 5209
392 5210
392 5211
392 5212
392 5213
392 5214
392 5215
393 5216
393 5217
393 5218
393 5219
393 5220
393 5221
393 5222
393 5223
393 5224
393 5225
393 5226
393 5227
394 5228
394 5229
394 5230
394 5231
394 5232
394 5233
394 5234
394 5235
394 5236
394 5237
394 5238
394 5239
395 5240
395 5241
395 5242
395 5243
395 5244
395 5245
395 5246
395 5247
395 5248
395 5249
395 5250
395 5251
396 5252
396 5253
396 5254
396 5255
396 5256
396 5257
396 5258
396 5259
396 5260
396 5261
396 5262
396 5263
397 5264
397 5265
397 5266
397 5267
397 5268
397 5269
397 5270
397 5271
397 5272
397 5273
397 5274
397 5275
398 5276
398 5277
398 5278
398 5279
398 5280
398 5281
398 5282
398 5283
398 5284
398 5285
398 5286
398 5287
399 5288
399 5289
399 5290
399 5291
399 5292
399 5293
399 5294
399 5295
399 5296
399 5297
399 5298
399 5299
400 5300
400 5301
400 5302
400 5303
400 5304
400 5305
400 5306
400 5307
400 5308
400 5309
400 5310
400 5311
401 5312
401 5313
401 5314
401 5315
401 5316
401 5317
401 5318
401 5319
401 5320
401 5321
401 5322
401 5323
402 5324
402 5325
402 5326
402 5327
402 5328
402 5329
402 5330
402 5331
402 5332
402 5333
402 5334
402 5335
403 5336
403 5337
403 5338
403 5339
403 5340
403 5341
403 5342
403 5343
403 5344
403 5345
403 5346
403 5347
404 5348
404 5349
404 5350
404 5351
404 5352
404 5353
404 5354
404 5355
404 5356
404 5357
404 5358
404 5359
405 5360
405 5361
405 5362
405 5363
405 5364
405 5365
405 5366
405 5367
405 5368
405 5369
405 5370
405 5371
406 5372
406 5373
406 5374
406 5375
406 5376
406 5377
406 5378
406 5379
406 5380
406 5381
406 5382
406 5383
407 5384
407 5385
407 5386
407 5387
407 5388
407 5389
407 5390
407 5391
407 5392
407 5393
407 5394
407 5395
408 5396
408 5397
408 5398
408 5399
408 5400
408 5401
408 5402
408 5403
408 5404
408 5405
408 5406
408 5407
409 5408
409 5409
409 5410
409 5411
409 5412
409 5413
409 5414
409 5415
409 5416
409 5417
409 5418
409 5419
410 5420
410 5421
410 5422
410 5423
410 5424
410 5425
410 5426
410 5427
410 5428
410 5429
410 5430
410 5431
411 5432
411 5433
411 5434
411 5435
411 5436
411 5437
411 5438
411 5439
411 5440
411 5441
411 5442
411 5443
412 5444
412 5445
412 5446
412 5447
412 5448
412 5449
412 5450
412 5451
412 5452
412 5453
412 5454
412 5455
413 5456
413 5457
413 5458
413 5459
413 5460
413 5461
413 5462
413 5463
413 5464
413 5465
413 5466
413 5467
414 5468
414 5469
414 5470
414 5471
414 5472
414 5473
414 5474
414 5475
414 5476
414 5477
414 5478
414 5479
415 5480
415 5481
415 5482
415 5483
415 5484
415 5485
415 5486
415 5487
415 5488
415 5489
415 5490
415 5491
416 5492
416 5493
416 5494
416 5495
416 5496
416 5497
416 5498
416 5499
416 5500
416 5501
416 5502
416 5503
417 5504
417 5505
417 5506
417 5507
417 5508
417 5509
417 5510
417 5511
417 5512
417 5513
417 5514
417 5515
418 5516
418 5517
418 5518
418 5519
418 5520
418 5521
418 5522
418 5523
418 5524
418 5525
418 5526
418 5527
419 5528
419 5529
419 5530
419 5531
419 5532
419 5533
419 5534
419 5535
419 5536
419 5537
419 5538
419 5539
420 5540
420 5541
420 5542
420 5543
420 5544
420 5545
420 5546
420 5547
420 5548
420 5549
420 5550
420 5551
421 5552
421 5553
421 5554
421 5555
421 5556
421 5557
421 5558
421 5559
421 5560
421 5561
421 5562
421 5563
422 5564
422 5565
422 5566
422 5567
422 5568
422 5569
422 5570
422 5571
422 5572
422 5573
422 5574
422 5575
423 5576
423 5577
423 5578
423 5579
423 5580
423 5581
423 5582
423 5583
423 5584
423 5585
423 5586
423 5587
424 5588
424 5589
424 5590
424 5591
424 5592
424 5593
424 5594
424 5595
424 5596
424 5597
424 5598
424 5599
425 5600
425 5601
425 5602
425 5603
425 5604
425 5605
425 5606
425 5607
425 5608
425 5609
425 5610
425 5611
426 5612
426 5613
426 5614
426 5615
426 5616
426 5617
426 5618
426 5619
426 5620
426 5621
426 5622
426 5623
427 5624
427 5625
427 5626
427 5627
427 5628
427 5629
427 5630
427 5631
427 5632
427 5633
427 5634
427 5635
428 5636
428 5637
428 5638
428 5639
428 5640
428 5641
428 5642
428 5643
428 5644
428 5645
428 5646
428 5647
429 5648
429 5649
429 5650
429 5651
429 5652
429 5653
429 5654
429 5655
429 5656
429 5657
429 5658
429 5659
430 5660
430 5661
430 5662
430 5663
430 5664
430 5665
430 5666
430 5667
430 5668
430 5669
430 5670
430 5671
431 5672
431 5673
431 5674
431 5675
431 5676
431 5677
431 5678
431 5679
431 5680
431 5681
431 5682
431 5683
432 5684
432 5685
432 5686
432 5687
432 5688
432 5689
432 5690
432 5691
432 5692
432 5693
432 5694
432 5695
433 5696
433 5697
433 5698
433 5699
433 5700
433 5701
433 5702
433 5703
433 5704
433 5705
433 5706
433 5707
434 5708
434 5709
434 5710
434 5711
434 5712
434 5713
434 5714
434 5715
434 5716
434 5717
434 5718
434 5719
435 5720
435 5721
435 5722
435 5723
435 5724
435 5725
435 5726
435 5727
435 5728
435 5729
435 5730
435 5731
436 5732
436 5733
436 5734
436 5735
436 5736
436 5737
436 5738
436 5739
436 5740
436 5741
436 5742
436 5743
437 5744
437 5745
437 5746
437 5747
437 5748
437 5749
437 5750
437 5751
437 5752
437 5753
437 5754
437 5755
438 5756
438 5757
438 5758
438 5759
438 5760
438 5761
438 5762
438 5763
438 5764
438 5765
438 5766
438 5767
439 5768
439 5769
439 5770
439 5771
439 5772
439 5773
439 5774
439 5775
439 5776
439 5777
439 5778
439 5779
440 5780
440 5781
440 5782
440 5783
440 5784
440 5785
440 5786
440 5787
440 5788
440 5789
440 5790
440 5791
441 5792
441 5793
441 5794
441 5795
441 5796
441 5797
441 5798
441 5799
441 5800
441 5801
441 5802
441 5803
442 5804
442 5805
442 5806
442 5807
442 5808
442 5809
442 5810
442 5811
442 5812
442 5813
442 5814
442 5815
443 5816
443 5817
443 5818
443 5819
443 5820
443 5821
443 5822
443 5823
443 5824
443 5825
443 5826
443 5827
444 5828
444 5829
444 5830
444 5831
444 5832
444 5833
444 5834
444 5835
444 5836
444 5837
444 5838
444 5839
445 5840
445 5841
445 5842
445 5843
445 5844
445 5845
445 5846
445 5847
445 5848
445 5849
445 5850
445 5851
446 5852
446 5853
446 5854
446 5855
446 5856
446 5857
446 5858
446 5859
446 5860
446 5861
446 5862
446 5863
447 5864
447 5865
447 5866
447 5867
447 5868
447 5869
447 5870
447 5871
447 5872
447 5873
447 5874
447 5875
448 5876
448 5877
448 5878
448 5879
448 5880
448 5881
448 5882
448 5883
448 5884
448 5885
448 5886
448 5887
449 5888
449 5889
449 5890
449 5891
449 5892
449 5893
449 5894
449 5895
449 5896
449 5897
449 5898
449 5899
450 5900
450 5901
450 5902
450 5903
450 5904
450 5905
450 5906
450 5907
450 5908
450 5909
450 5910
450 5911
451 5912
451 5913
451 5914
451 5915
451 5916
451 5917
451 5918
451 5919
451 5920
451 5921
451 5922
451 5923
452 5924
452 5925
452 5926
452 5927
452 5928
452 5929
452 5930
452 5931
452 5932
452 5933
452 5934
452 5935
453 5936
453 5937
453 5938
453 5939
453 5940
453 5941
453 5942
453 5943
453 5944
453 5945
453 5946
453 5947
454 5948
454 5949
454 5950
454 5951
454 5952
454 5953
454 5954
454 5955
454 5956
454 5957
454 5958
454 5959
455 5960
455 5961
455 5962
455 5963
455 5964
455 5965
455 5966
455 5967
455 5968
455 5969
455 5970
455 5971
456 5972
456 5973
456 5974
456 5975
456 5976
456 5977
456 5978
456 5979
456 5980
456 5981
456 5982
456 5983
457 5984
457 5985
457 5986
457 5987
457 5988
457 5989
457 5990
457 5991
457 5992
457 5993
457 5994
457 5995
458 5996
458 5997
458 5998
458 5999
458 6000
458 6001
458 6002
458 6003
458 6004
458 6005
458 6006
458 6007
459 6008
459 6009
459 6010
459 6011
459 6012
459 6013
459 6014
459 6015
459 6016
459 6017
459 6018
459 6019
460 6020
460 6021
460 6022
460 6023
460 6024
460 6025
460 6026
460 6027
460 6028
460 6029
460 6030
460 6031
461 6032
461 6033
461 6034
461 6035
461 6036
461 6037
461 6038
461 6039
461 6040
461 6041
461 6042
461 6043
462 6044
462 6045
462 6046
462 6047
462 6048
462 6049
462 6050
462 6051
462 6052
462 6053
462 6054
462 6055
463 6056
463 6057
463 6058
463 6059
463 6060
463 6061
463 6062
463 6063
463 6064
463 6065
463 6066
463 6067
464 6068
464 6069
464 6070
464 6071
464 6072
464 6073
464 6074
464 6075
464 6076
464 6077
464 6078
464 6079
465 6080
465 6081
465 6082
465 6083
465 6084
465 6085
465 6086
465 6087
465 6088
465 6089
465 6090
465 6091
466 6092
466 6093
466 6094
466 6095
466 6096
466 6097
466 6098
466 6099
466 6100
466 6101
466 6102
466 6103
467 6104
467 6105
467 6106
467 6107
467 6108
467 6109
467 6110
467 6111
467 6112
467 6113
467 6114
467 6115
468 6116
468 6117
468 6118
468 6119
468 6120
468 6121
468 6122
468 6123
468 6124
468 6125
468 6126
468 6127
469 6128
469 6129
469 6130
469 6131
469 6132
469 6133
469 6134
469 6135
469 6136
469 6137
469 6138
469 6139
470 6140
470 6141
470 6142
470 6143
470 6144
470 6145
470 6146
470 6147
470 6148
470 6149
470 6150
470 6151
471 6152
471 6153
471 6154
471 6155
471 6156
471 6157
471 6158
471 6159
471 6160
471 6161
471 6162
471 6163
472 6164
472 6165
472 6166
472 6167
472 6168
472 6169
472 6170
472 6171
472 6172
472 6173
472 6174
472 6175
473 6176
473 6177
473 6178
473 6179
473 6180
473 6181
473 6182
473 6183
473 6184
473 6185
473 6186
473 6187
474 6188
474 6189
474 6190
474 6191
474 6192
474 6193
474 6194
474 6195
474 6196
474 6197
474 6198
474 6199
475 6200
475 6201
475 6202
475 6203
475 6204
475 6205
475 6206
475 6207
475 6208
475 6209
475 6210
475 6211
476 6212
476 6213
476 6214
476 6215
476 6216
476 6217
476 6218
476 6219
476 6220
476 6221
476 6222
476 6223
477 6224
477 6225
477 6226
477 6227
477 6228
477 6229
477 6230
477 6231
477 6232
477 6233
477 6234
477 6235
478 6236
478 6237
478 6238
478 6239
478 6240
478 6241
478 6242
478 6243
478 6244
478 6245
478 6246
478 6247
479 6248
479 6249
479 6250
479 6251
479 6252
479 6253
479 6254
479 6255
479 6256
479 6257
479 6258
479 6259
480 6260
480 6261
480 6262
480 6263
480 6264
480 6265
480 6266
480 6267
480 6268
480 6269
480 6270
480 6271
481 6272
481 6273
481 6274
481 6275
481 6276
481 6277
481 6278
481 6279
481 6280
481 6281
481 6282
481 6283
482 6284
482 6285
482 6286
482 6287
482 6288
482 6289
482 6290
482 6291
482 6292
482 6293
482 6294
482 6295
483 6296
483 6297
483 6298
483 6299
483 6300
483 6301
483 6302
483 6303
483 6304
483 6305
483 6306
483 6307
484 6308
484 6309
484 6310
484 6311
484 6312
484 6313
484 6314
484 6315
484 6316
484 6317
484 6318
484 6319
485 6320
485 6321
485 6322
485 6323
485 6324
485 6325
485 6326
485 6327
485 6328
485 6329
485 6330
485 6331
486 6332
486 6333
486 6334
486 6335
486 6336
486 6337
486 6338
486 6339
486 6340
486 6341
486 6342
486 6343
487 6344
487 6345
487 6346
487 6347
487 6348
487 6349
487 6350
487 6351
487 6352
487 6353
487 6354
487 6355
488 6356
488 6357
488 6358
488 6359
488 6360
488 6361
488 6362
488 6363
488 6364
488 6365
488 6366
488 6367
489 6368
489 6369
489 6370
489 6371
489 6372
489 6373
489 6374
489 6375
489 6376
489 6377
489 6378
489 6379
490 6380
490 6381
490 6382
490 6383
490 6384
490 6385
490 6386
490 6387
490 6388
490 6389
490 6390
490 6391
491 6392
491 6393
491 6394
491 6395
491 6396
491 6397
491 6398
491 6399
491 6400
491 6401
491 6402
491 6403
492 6404
492 6405
492 6406
492 6407
492 6408
492 6409
492 6410
492 6411
492 6412
492 6413
492 6414
492 6415
493 6416
493 6417
493 6418
493 6419
493 6420
493 6421
493 6422
493 6423
493 6424
493 6425
493 6426
493 6427
494 6428
494 6429
494 6430
494 6431
494 6432
494 6433
494 6434
494 6435
494 6436
494 6437
494 6438
494 6439
495 6440
495 6441
495 6442
495 6443
495 6444
495 6445
495 6446
495 6447
495 6448
495 6449
495 6450
495 6451
496 6452
496 6453
496 6454
496 6455
496 6456
496 6457
496 6458
496 6459
496 6460
496 6461
496 6462
496 6463
497 6464
497 6465
497 6466
497 6467
497 6468
497 6469
497 6470
497 6471
497 6472
497 6473
497 6474
497 6475
498 6476
498 6477
498 6478
498 6479
498 6480
498 6481
498 6482
498 6483
498 6484
498 6485
498 6486
498 6487
499 6488
499 6489
499 6490
499 6491
499 6492
499 6493
499 6494
499 6495
499 6496
499 6497
499 6498
499 6499
