0 444
0 140
0 429
0 343
1 258
1 388
1 286
1 54
2 330
2 407
2 356
2 239
3 146
3 325
3 398
3 327
4 147
4 340
4 221
4 207
5 208
5 9
5 348
5 17
6 204
6 85
6 46
6 423
7 344
7 19
7 406
7 255
8 448
8 337
8 30
8 143
9 40
9 272
9 236
10 192
10 443
10 139
10 37
11 176
11 224
11 83
11 14
12 260
12 411
12 420
12 189
13 194
13 18
13 234
13 279
14 337
14 366
14 374
15 232
15 248
15 84
15 174
16 401
16 173
16 166
16 321
17 140
17 365
17 22
18 240
18 300
18 302
19 193
19 164
19 279
20 352
20 51
20 115
20 261
21 145
21 348
21 125
21 446
22 114
22 212
22 133
23 345
23 283
23 373
23 78
24 394
24 285
24 238
24 237
25 104
25 385
25 314
25 208
26 329
26 43
26 126
26 281
27 104
27 171
27 54
27 302
28 362
28 34
28 78
28 127
29 208
29 346
29 258
29 162
30 344
30 264
30 223
31 425
31 59
31 417
31 415
32 161
32 314
32 114
32 270
33 449
33 346
33 355
33 268
34 82
34 283
34 227
35 120
35 177
35 316
35 286
36 306
36 117
36 93
36 431
37 368
37 60
37 245
38 178
38 107
38 174
38 350
39 224
39 138
39 259
39 381
40 344
40 202
40 150
41 401
41 172
41 380
41 287
42 185
42 282
42 147
42 135
43 420
43 405
43 415
44 297
44 156
44 182
44 215
45 360
45 97
45 331
45 205
46 148
46 149
46 277
47 160
47 276
47 278
47 326
48 377
48 355
48 97
48 79
49 88
49 90
49 134
49 431
50 249
50 143
50 86
50 375
51 113
51 170
51 293
52 323
52 162
52 307
52 146
53 322
53 147
53 90
53 442
54 75
54 331
55 336
55 152
55 332
55 257
56 216
56 130
56 222
56 239
57 157
57 101
57 61
57 431
58 128
58 162
58 235
58 242
59 81
59 373
59 357
60 66
60 236
60 262
61 192
61 121
61 76
62 302
62 165
62 190
62 261
63 433
63 450
63 243
63 227
64 427
64 435
64 116
64 445
65 193
65 105
65 86
65 81
66 108
66 282
66 234
67 360
67 164
67 244
67 231
68 424
68 254
68 253
68 246
69 361
69 242
69 340
69 157
70 419
70 292
70 293
70 255
71 304
71 273
71 195
71 121
72 129
72 186
72 444
72 101
73 361
73 449
73 292
73 407
74 280
74 193
74 107
74 404
75 201
75 428
75 309
76 233
76 307
76 221
77 160
77 177
77 139
77 449
78 368
78 441
79 152
79 109
79 326
80 376
80 337
80 178
80 315
81 96
81 294
82 200
82 251
82 110
83 353
83 222
83 447
84 305
84 259
84 433
85 354
85 421
85 263
86 203
86 95
87 92
87 132
87 245
87 367
88 184
88 234
88 123
89 200
89 353
89 251
89 183
90 152
90 195
91 264
91 218
91 371
91 403
92 196
92 406
92 319
93 120
93 148
93 238
94 119
94 271
94 438
94 287
95 136
95 218
95 124
96 257
96 226
96 155
97 353
97 123
98 343
98 323
98 364
98 303
99 128
99 249
99 219
99 332
100 112
100 367
100 294
100 359
101 333
101 325
102 265
102 410
102 358
102 166
103 332
103 275
103 235
103 327
104 435
104 171
105 315
105 205
105 125
106 284
106 354
106 204
106 229
107 273
107 306
108 275
108 372
108 422
109 303
109 380
109 223
110 448
110 320
110 370
111 163
111 165
111 142
111 399
112 154
112 278
112 383
113 312
113 289
113 311
114 441
114 387
115 216
115 315
115 143
116 170
116 422
116 158
117 434
117 118
117 263
118 225
118 122
118 210
119 416
119 410
119 382
120 352
120 443
121 436
121 205
122 145
122 395
122 284
123 164
123 412
124 418
124 260
124 277
125 130
125 227
126 245
126 270
126 293
127 251
127 342
127 303
128 418
128 406
129 297
129 417
129 447
130 267
130 188
131 145
131 403
131 189
131 185
132 425
132 188
132 397
133 233
133 305
133 159
134 168
134 138
134 254
135 300
135 390
135 295
136 217
136 430
136 350
137 210
137 247
137 308
137 335
138 161
138 271
139 364
139 310
140 266
140 166
141 282
141 299
141 405
141 439
142 395
142 398
142 318
143 352
144 222
144 250
144 229
144 198
145 430
146 168
146 276
147 253
148 153
148 396
149 281
149 275
149 446
150 360
150 435
150 302
151 312
151 297
151 266
151 190
152 296
153 394
153 324
153 175
154 338
154 267
154 228
155 312
155 186
155 214
156 424
156 211
156 191
157 283
157 357
158 443
158 214
158 446
159 185
159 362
159 279
160 316
160 390
161 329
161 414
162 226
163 175
163 220
163 317
164 377
165 417
165 379
166 277
167 241
167 378
167 285
167 197
168 177
168 367
169 400
169 385
169 331
169 369
170 291
170 387
171 396
171 383
172 356
172 396
172 423
173 272
173 388
173 231
174 269
174 381
175 336
175 262
176 179
176 370
176 402
177 217
178 362
178 230
179 241
179 219
179 343
180 385
180 426
180 371
180 242
181 297
181 340
181 246
181 271
182 365
182 341
182 295
183 338
183 267
183 300
184 384
184 199
184 295
185 228
186 299
186 207
187 368
187 393
187 274
187 335
188 395
188 210
189 353
189 215
190 256
190 304
191 298
191 443
191 418
192 296
192 220
193 291
194 225
194 403
194 221
195 428
195 247
196 202
196 437
196 342
197 251
197 244
197 423
198 313
198 365
198 309
199 379
199 219
199 207
200 364
200 306
201 384
201 378
201 219
202 252
202 397
203 436
203 412
203 349
204 280
204 217
205 294
206 308
206 330
206 404
206 381
207 381
208 320
209 424
209 352
209 418
209 255
210 319
211 409
211 351
211 313
212 268
212 341
212 405
213 313
213 339
213 395
213 374
214 276
214 260
215 413
215 222
216 402
216 301
217 223
218 269
218 350
220 361
220 438
221 435
223 408
224 248
224 293
225 431
225 375
226 377
226 318
227 288
228 392
228 243
229 259
229 316
230 275
230 290
230 295
231 274
231 356
232 424
232 379
232 375
233 273
233 419
234 430
235 276
235 436
236 450
236 263
237 338
237 331
237 341
238 399
238 445
239 339
239 346
240 427
240 438
240 247
241 408
241 280
242 272
243 402
243 404
244 382
244 325
245 291
246 269
246 413
247 408
248 296
248 265
249 298
249 253
250 296
250 411
250 349
252 425
252 388
252 398
253 301
254 309
254 375
255 421
256 440
256 312
256 439
257 299
257 366
258 432
258 442
259 391
260 301
261 332
261 335
262 288
262 437
263 411
264 426
264 351
265 334
265 287
266 300
266 305
267 439
268 448
268 330
269 272
270 323
270 422
271 347
273 369
274 346
274 310
277 447
278 364
278 358
279 412
280 396
281 338
281 380
282 286
283 383
284 363
284 322
285 392
285 386
286 323
287 389
288 290
288 398
289 386
289 363
289 437
290 345
290 442
291 311
292 425
292 421
294 440
298 306
298 407
299 376
301 393
303 383
304 370
304 444
305 430
307 402
307 422
308 324
308 407
309 339
310 365
310 391
311 444
311 421
313 369
314 384
314 326
315 363
316 403
317 432
317 420
317 318
318 394
319 393
319 373
320 441
320 366
321 394
321 378
321 326
322 337
322 362
324 350
324 327
325 391
327 428
328 400
328 385
328 434
328 450
329 428
329 366
330 341
333 413
333 387
333 367
334 419
334 357
334 423
335 414
336 426
336 390
339 347
340 374
342 408
342 359
343 354
344 397
345 440
345 405
347 441
347 372
348 449
348 442
349 432
349 416
351 359
351 415
354 356
355 363
355 415
357 387
358 393
358 389
359 373
360 401
361 380
368 429
369 374
370 412
371 401
371 410
372 432
372 382
376 390
376 391
377 414
378 409
379 446
382 416
384 448
386 438
386 406
388 414
389 416
389 399
392 411
392 427
397 409
399 445
400 437
400 447
404 429
409 426
410 440
413 434
417 445
419 433
420 427
429 433
434 439
436 450
0 451
0 452
0 453
0 454
0 455
0 456
0 457
0 458
0 459
0 460
0 461
0 462
0 463
0 464
0 465
1 466
1 467
1 468
1 469
1 470
1 471
1 472
1 473
1 474
1 475
1 476
1 477
1 478
1 479
1 480
2 481
2 482
2 483
2 484
2 485
2 486
2 487
2 488
2 489
2 490
2 491
2 492
2 493
2 494
2 495
3 496
3 497
3 498
3 499
3 500
3 501
3 502
3 503
3 504
3 505
3 506
3 507
3 508
3 509
3 510
4 511
4 512
4 513
4 514
4 515
4 516
4 517
4 518
4 519
4 520
4 521
4 522
4 523
4 524
4 525
5 526
5 527
5 528
5 529
5 530
5 531
5 532
5 533
5 534
5 535
5 536
5 537
5 538
5 539
5 540
6 541
6 542
6 543
6 544
6 545
6 546
6 547
6 548
6 549
6 550
6 551
6 552
6 553
6 554
6 555
7 556
7 557
7 558
7 559
7 560
7 561
7 562
7 563
7 564
7 565
7 566
7 567
7 568
7 569
7 570
8 571
8 572
8 573
8 574
8 575
8 576
8 577
8 578
8 579
8 580
8 581
8 582
8 583
8 584
8 585
9 586
9 587
9 588
9 589
9 590
9 591
9 592
9 593
9 594
9 595
9 596
9 597
9 598
9 599
9 600
10 601
10 602
10 603
10 604
10 605
10 606
10 607
10 608
10 609
10 610
10 611
10 612
10 613
10 614
10 615
11 616
11 617
11 618
11 619
11 620
11 621
11 622
11 623
11 624
11 625
11 626
11 627
11 628
11 629
11 630
12 631
12 632
12 633
12 634
12 635
12 636
12 637
12 638
12 639
12 640
12 641
12 642
12 643
12 644
12 645
13 646
13 647
13 648
13 649
13 650
13 651
13 652
13 653
13 654
13 655
13 656
13 657
13 658
13 659
13 660
14 661
14 662
14 663
14 664
14 665
14 666
14 667
14 668
14 669
14 670
14 671
14 672
14 673
14 674
14 675
15 676
15 677
15 678
15 679
15 680
15 681
15 682
15 683
15 684
15 685
15 686
15 687
15 688
15 689
15 690
16 691
16 692
16 693
16 694
16 695
16 696
16 697
16 698
16 699
16 700
16 701
16 702
16 703
16 704
16 705
17 706
17 707
17 708
17 709
17 710
17 711
17 712
17 713
17 714
17 715
17 716
17 717
17 718
17 719
17 720
18 721
18 722
18 723
18 724
18 725
18 726
18 727
18 728
18 729
18 730
18 731
18 732
18 733
18 734
18 735
19 736
19 737
19 738
19 739
19 740
19 741
19 742
19 743
19 744
19 745
19 746
19 747
19 748
19 749
19 750
20 751
20 752
20 753
20 754
20 755
20 756
20 757
20 758
20 759
20 760
20 761
20 762
20 763
20 764
20 765
21 766
21 767
21 768
21 769
21 770
21 771
21 772
21 773
21 774
21 775
21 776
21 777
21 778
21 779
21 780
22 781
22 782
22 783
22 784
22 785
22 786
22 787
22 788
22 789
22 790
22 791
22 792
22 793
22 794
22 795
23 796
23 797
23 798
23 799
23 800
23 801
23 802
23 803
23 804
23 805
23 806
23 807
23 808
23 809
23 810
24 811
24 812
24 813
24 814
24 815
24 816
24 817
24 818
24 819
24 820
24 821
24 822
24 823
24 824
24 825
25 826
25 827
25 828
25 829
25 830
25 831
25 832
25 833
25 834
25 835
25 836
25 837
25 838
25 839
25 840
26 841
26 842
26 843
26 844
26 845
26 846
26 847
26 848
26 849
26 850
26 851
26 852
26 853
26 854
26 855
27 856
27 857
27 858
27 859
27 860
27 861
27 862
27 863
27 864
27 865
27 866
27 867
27 868
27 869
27 870
28 871
28 872
28 873
28 874
28 875
28 876
28 877
28 878
28 879
28 880
28 881
28 882
28 883
28 884
28 885
29 886
29 887
29 888
29 889
29 890
29 891
29 892
29 893
29 894
29 895
29 896
29 897
29 898
29 899
29 900
30 901
30 902
30 903
30 904
30 905
30 906
30 907
30 908
30 909
30 910
30 911
30 912
30 913
30 914
30 915
31 916
31 917
31 918
31 919
31 920
31 921
31 922
31 923
31 924
31 925
31 926
31 927
31 928
31 929
31 930
32 931
32 932
32 933
32 934
32 935
32 936
32 937
32 938
32 939
32 940
32 941
32 942
32 943
32 944
32 945
33 946
33 947
33 948
33 949
33 950
33 951
33 952
33 953
33 954
33 955
33 956
33 957
33 958
33 959
33 960
34 961
34 962
34 963
34 964
34 965
34 966
34 967
34 968
34 969
34 970
34 971
34 972
34 973
34 974
34 975
35 976
35 977
35 978
35 979
35 980
35 981
35 982
35 983
35 984
35 985
35 986
35 987
35 988
35 989
35 990
36 991
36 992
36 993
36 994
36 995
36 996
36 997
36 998
36 999
36 1000
36 1001
36 1002
36 1003
36 1004
36 1005
37 1006
37 1007
37 1008
37 1009
37 1010
37 1011
37 1012
37 1013
37 1014
37 1015
37 1016
37 1017
37 1018
37 1019
37 1020
38 1021
38 1022
38 1023
38 1024
38 1025
38 1026
38 1027
38 1028
38 1029
38 1030
38 1031
38 1032
38 1033
38 1034
38 1035
39 1036
39 1037
39 1038
39 1039
39 1040
39 1041
39 1042
39 1043
39 1044
39 1045
39 1046
39 1047
39 1048
39 1049
39 1050
40 1051
40 1052
40 1053
40 1054
40 1055
40 1056
40 1057
40 1058
40 1059
40 1060
40 1061
40 1062
40 1063
40 1064
40 1065
41 1066
41 1067
41 1068
41 1069
41 1070
41 1071
41 1072
41 1073
41 1074
41 1075
41 1076
41 1077
41 1078
41 1079
41 1080
42 1081
42 1082
42 1083
42 1084
42 1085
42 1086
42 1087
42 1088
42 1089
42 1090
42 1091
42 1092
42 1093
42 1094
42 1095
43 1096
43 1097
43 1098
43 1099
43 1100
43 1101
43 1102
43 1103
43 1104
43 1105
43 1106
43 1107
43 1108
43 1109
43 1110
44 1111
44 1112
44 1113
44 1114
44 1115
44 1116
44 1117
44 1118
44 1119
44 1120
44 1121
44 1122
44 1123
44 1124
44 1125
45 1126
45 1127
45 1128
45 1129
45 1130
45 1131
45 1132
45 1133
45 1134
45 1135
45 1136
45 1137
45 1138
45 1139
45 1140
46 1141
46 1142
46 1143
46 1144
46 1145
46 1146
46 1147
46 1148
46 1149
46 1150
46 1151
46 1152
46 1153
46 1154
46 1155
47 1156
47 1157
47 1158
47 1159
47 1160
47 1161
47 1162
47 1163
47 1164
47 1165
47 1166
47 1167
47 1168
47 1169
47 1170
48 1171
48 1172
48 1173
48 1174
48 1175
48 1176
48 1177
48 1178
48 1179
48 1180
48 1181
48 1182
48 1183
48 1184
48 1185
49 1186
49 1187
49 1188
49 1189
49 1190
49 1191
49 1192
49 1193
49 1194
49 1195
49 1196
49 1197
49 1198
49 1199
49 1200
50 1201
50 1202
50 1203
50 1204
50 1205
50 1206
50 1207
50 1208
50 1209
50 1210
50 1211
50 1212
50 1213
50 1214
50 1215
51 1216
51 1217
51 1218
51 1219
51 1220
51 1221
51 1222
51 1223
51 1224
51 1225
51 1226
51 1227
51 1228
51 1229
51 1230
52 1231
52 1232
52 1233
52 1234
52 1235
52 1236
52 1237
52 1238
52 1239
52 1240
52 1241
52 1242
52 1243
52 1244
52 1245
53 1246
53 1247
53 1248
53 1249
53 1250
53 1251
53 1252
53 1253
53 1254
53 1255
53 1256
53 1257
53 1258
53 1259
53 1260
54 1261
54 1262
54 1263
54 1264
54 1265
54 1266
54 1267
54 1268
54 1269
54 1270
54 1271
54 1272
54 1273
54 1274
54 1275
55 1276
55 1277
55 1278
55 1279
55 1280
55 1281
55 1282
55 1283
55 1284
55 1285
55 1286
55 1287
55 1288
55 1289
55 1290
56 1291
56 1292
56 1293
56 1294
56 1295
56 1296
56 1297
56 1298
56 1299
56 1300
56 1301
56 1302
56 1303
56 1304
56 1305
57 1306
57 1307
57 1308
57 1309
57 1310
57 1311
57 1312
57 1313
57 1314
57 1315
57 1316
57 1317
57 1318
57 1319
57 1320
58 1321
58 1322
58 1323
58 1324
58 1325
58 1326
58 1327
58 1328
58 1329
58 1330
58 1331
58 1332
58 1333
58 1334
58 1335
59 1336
59 1337
59 1338
59 1339
59 1340
59 1341
59 1342
59 1343
59 1344
59 1345
59 1346
59 1347
59 1348
59 1349
59 1350
60 1351
60 1352
60 1353
60 1354
60 1355
60 1356
60 1357
60 1358
60 1359
60 1360
60 1361
60 1362
60 1363
60 1364
60 1365
61 1366
61 1367
61 1368
61 1369
61 1370
61 1371
61 1372
61 1373
61 1374
61 1375
61 1376
61 1377
61 1378
61 1379
61 1380
62 1381
62 1382
62 1383
62 1384
62 1385
62 1386
62 1387
62 1388
62 1389
62 1390
62 1391
62 1392
62 1393
62 1394
62 1395
63 1396
63 1397
63 1398
63 1399
63 1400
63 1401
63 1402
63 1403
63 1404
63 1405
63 1406
63 1407
63 1408
63 1409
63 1410
64 1411
64 1412
64 1413
64 1414
64 1415
64 1416
64 1417
64 1418
64 1419
64 1420
64 1421
64 1422
64 1423
64 1424
64 1425
65 1426
65 1427
65 1428
65 1429
65 1430
65 1431
65 1432
65 1433
65 1434
65 1435
65 1436
65 1437
65 1438
65 1439
65 1440
66 1441
66 1442
66 1443
66 1444
66 1445
66 1446
66 1447
66 1448
66 1449
66 1450
66 1451
66 1452
66 1453
66 1454
66 1455
67 1456
67 1457
67 1458
67 1459
67 1460
67 1461
67 1462
67 1463
67 1464
67 1465
67 1466
67 1467
67 1468
67 1469
67 1470
68 1471
68 1472
68 1473
68 1474
68 1475
68 1476
68 1477
68 1478
68 1479
68 1480
68 1481
68 1482
68 1483
68 1484
68 1485
69 1486
69 1487
69 1488
69 1489
69 1490
69 1491
69 1492
69 1493
69 1494
69 1495
69 1496
69 1497
69 1498
69 1499
69 1500
70 1501
70 1502
70 1503
70 1504
70 1505
70 1506
70 1507
70 1508
70 1509
70 1510
70 1511
70 1512
70 1513
70 1514
70 1515
71 1516
71 1517
71 1518
71 1519
71 1520
71 1521
71 1522
71 1523
71 1524
71 1525
71 1526
71 1527
71 1528
71 1529
71 1530
72 1531
72 1532
72 1533
72 1534
72 1535
72 1536
72 1537
72 1538
72 1539
72 1540
72 1541
72 1542
72 1543
72 1544
72 1545
73 1546
73 1547
73 1548
73 1549
73 1550
73 1551
73 1552
73 1553
73 1554
73 1555
73 1556
73 1557
73 1558
73 1559
73 1560
74 1561
74 1562
74 1563
74 1564
74 1565
74 1566
74 1567
74 1568
74 1569
74 1570
74 1571
74 1572
74 1573
74 1574
74 1575
75 1576
75 1577
75 1578
75 1579
75 1580
75 1581
75 1582
75 1583
75 1584
75 1585
75 1586
75 1587
75 1588
75 1589
75 1590
76 1591
76 1592
76 1593
76 1594
76 1595
76 1596
76 1597
76 1598
76 1599
76 1600
76 1601
76 1602
76 1603
76 1604
76 1605
77 1606
77 1607
77 1608
77 1609
77 1610
77 1611
77 1612
77 1613
77 1614
77 1615
77 1616
77 1617
77 1618
77 1619
77 1620
78 1621
78 1622
78 1623
78 1624
78 1625
78 1626
78 1627
78 1628
78 1629
78 1630
78 1631
78 1632
78 1633
78 1634
78 1635
79 1636
79 1637
79 1638
79 1639
79 1640
79 1641
79 1642
79 1643
79 1644
79 1645
79 1646
79 1647
79 1648
79 1649
79 1650
80 1651
80 1652
80 1653
80 1654
80 1655
80 1656
80 1657
80 1658
80 1659
80 1660
80 1661
80 1662
80 1663
80 1664
80 1665
81 1666
81 1667
81 1668
81 1669
81 1670
81 1671
81 1672
81 1673
81 1674
81 1675
81 1676
81 1677
81 1678
81 1679
81 1680
82 1681
82 1682
82 1683
82 1684
82 1685
82 1686
82 1687
82 1688
82 1689
82 1690
82 1691
82 1692
82 1693
82 1694
82 1695
83 1696
83 1697
83 1698
83 1699
83 1700
83 1701
83 1702
83 1703
83 1704
83 1705
83 1706
83 1707
83 1708
83 1709
83 1710
84 1711
84 1712
84 1713
84 1714
84 1715
84 1716
84 1717
84 1718
84 1719
84 1720
84 1721
84 1722
84 1723
84 1724
84 1725
85 1726
85 1727
85 1728
85 1729
85 1730
85 1731
85 1732
85 1733
85 1734
85 1735
85 1736
85 1737
85 1738
85 1739
85 1740
86 1741
86 1742
86 1743
86 1744
86 1745
86 1746
86 1747
86 1748
86 1749
86 1750
86 1751
86 1752
86 1753
86 1754
86 1755
87 1756
87 1757
87 1758
87 1759
87 1760
87 1761
87 1762
87 1763
87 1764
87 1765
87 1766
87 1767
87 1768
87 1769
87 1770
88 1771
88 1772
88 1773
88 1774
88 1775
88 1776
88 1777
88 1778
88 1779
88 1780
88 1781
88 1782
88 1783
88 1784
88 1785
89 1786
89 1787
89 1788
89 1789
89 1790
89 1791
89 1792
89 1793
89 1794
89 1795
89 1796
89 1797
89 1798
89 1799
89 1800
90 1801
90 1802
90 1803
90 1804
90 1805
90 1806
90 1807
90 1808
90 1809
90 1810
90 1811
90 1812
90 1813
90 1814
90 1815
91 1816
91 1817
91 1818
91 1819
91 1820
91 1821
91 1822
91 1823
91 1824
91 1825
91 1826
91 1827
91 1828
91 1829
91 1830
92 1831
92 1832
92 1833
92 1834
92 1835
92 1836
92 1837
92 1838
92 1839
92 1840
92 1841
92 1842
92 1843
92 1844
92 1845
93 1846
93 1847
93 1848
93 1849
93 1850
93 1851
93 1852
93 1853
93 1854
93 1855
93 1856
93 1857
93 1858
93 1859
93 1860
94 1861
94 1862
94 1863
94 1864
94 1865
94 1866
94 1867
94 1868
94 1869
94 1870
94 1871
94 1872
94 1873
94 1874
94 1875
95 1876
95 1877
95 1878
95 1879
95 1880
95 1881
95 1882
95 1883
95 1884
95 1885
95 1886
95 1887
95 1888
95 1889
95 1890
96 1891
96 1892
96 1893
96 1894
96 1895
96 1896
96 1897
96 1898
96 1899
96 1900
96 1901
96 1902
96 1903
96 1904
96 1905
97 1906
97 1907
97 1908
97 1909
97 1910
97 1911
97 1912
97 1913
97 1914
97 1915
97 1916
97 1917
97 1918
97 1919
97 1920
98 1921
98 1922
98 1923
98 1924
98 1925
98 1926
98 1927
98 1928
98 1929
98 1930
98 1931
98 1932
98 1933
98 1934
98 1935
99 1936
99 1937
99 1938
99 1939
99 1940
99 1941
99 1942
99 1943
99 1944
99 1945
99 1946
99 1947
99 1948
99 1949
99 1950
100 1951
100 1952
100 1953
100 1954
100 1955
100 1956
100 1957
100 1958
100 1959
100 1960
100 1961
100 1962
100 1963
100 1964
100 1965
101 1966
101 1967
101 1968
101 1969
101 1970
101 1971
101 1972
101 1973
101 1974
101 1975
101 1976
101 1977
101 1978
101 1979
101 1980
102 1981
102 1982
102 1983
102 1984
102 1985
102 1986
102 1987
102 1988
102 1989
102 1990
102 1991
102 1992
102 1993
102 1994
102 1995
103 1996
103 1997
103 1998
103 1999
103 2000
103 2001
103 2002
103 2003
103 2004
103 2005
103 2006
103 2007
103 2008
103 2009
103 2010
104 2011
104 2012
104 2013
104 2014
104 2015
104 2016
104 2017
104 2018
104 2019
104 2020
104 2021
104 2022
104 2023
104 2024
104 2025
105 2026
105 2027
105 2028
105 2029
105 2030
105 2031
105 2032
105 2033
105 2034
105 2035
105 2036
105 2037
105 2038
105 2039
105 2040
106 2041
106 2042
106 2043
106 2044
106 2045
106 2046
106 2047
106 2048
106 2049
106 2050
106 2051
106 2052
106 2053
106 2054
106 2055
107 2056
107 2057
107 2058
107 2059
107 2060
107 2061
107 2062
107 2063
107 2064
107 2065
107 2066
107 2067
107 2068
107 2069
107 2070
108 2071
108 2072
108 2073
108 2074
108 2075
108 2076
108 2077
108 2078
108 2079
108 2080
108 2081
108 2082
108 2083
108 2084
108 2085
109 2086
109 2087
109 2088
109 2089
109 2090
109 2091
109 2092
109 2093
109 2094
109 2095
109 2096
109 2097
109 2098
109 2099
109 2100
110 2101
110 2102
110 2103
110 2104
110 2105
110 2106
110 2107
110 2108
110 2109
110 2110
110 2111
110 2112
110 2113
110 2114
110 2115
111 2116
111 2117
111 2118
111 2119
111 2120
111 2121
111 2122
111 2123
111 2124
111 2125
111 2126
111 2127
111 2128
111 2129
111 2130
112 2131
112 2132
112 2133
112 2134
112 2135
112 2136
112 2137
112 2138
112 2139
112 2140
112 2141
112 2142
112 2143
112 2144
112 2145
113 2146
113 2147
113 2148
113 2149
113 2150
113 2151
113 2152
113 2153
113 2154
113 2155
113 2156
113 2157
113 2158
113 2159
113 2160
114 2161
114 2162
114 2163
114 2164
114 2165
114 2166
114 2167
114 2168
114 2169
114 2170
114 2171
114 2172
114 2173
114 2174
114 2175
115 2176
115 2177
115 2178
115 2179
115 2180
115 2181
115 2182
115 2183
115 2184
115 2185
115 2186
115 2187
115 2188
115 2189
115 2190
116 2191
116 2192
116 2193
116 2194
116 2195
116 2196
116 2197
116 2198
116 2199
116 2200
116 2201
116 2202
116 2203
116 2204
116 2205
117 2206
117 2207
117 2208
117 2209
117 2210
117 2211
117 2212
117 2213
117 2214
117 2215
117 2216
117 2217
117 2218
117 2219
117 2220
118 2221
118 2222
118 2223
118 2224
118 2225
118 2226
118 2227
118 2228
118 2229
118 2230
118 2231
118 2232
118 2233
118 2234
118 2235
119 2236
119 2237
119 2238
119 2239
119 2240
119 2241
119 2242
119 2243
119 2244
119 2245
119 2246
119 2247
119 2248
119 2249
119 2250
120 2251
120 2252
120 2253
120 2254
120 2255
120 2256
120 2257
120 2258
120 2259
120 2260
120 2261
120 2262
120 2263
120 2264
120 2265
121 2266
121 2267
121 2268
121 2269
121 2270
121 2271
121 2272
121 2273
121 2274
121 2275
121 2276
121 2277
121 2278
121 2279
121 2280
122 2281
122 2282
122 2283
122 2284
122 2285
122 2286
122 2287
122 2288
122 2289
122 2290
122 2291
122 2292
122 2293
122 2294
122 2295
123 2296
123 2297
123 2298
123 2299
123 2300
123 2301
123 2302
123 2303
123 2304
123 2305
123 2306
123 2307
123 2308
123 2309
123 2310
124 2311
124 2312
124 2313
124 2314
124 2315
124 2316
124 2317
124 2318
124 2319
124 2320
124 2321
124 2322
124 2323
124 2324
124 2325
125 2326
125 2327
125 2328
125 2329
125 2330
125 2331
125 2332
125 2333
125 2334
125 2335
125 2336
125 2337
125 2338
125 2339
125 2340
126 2341
126 2342
126 2343
126 2344
126 2345
126 2346
126 2347
126 2348
126 2349
126 2350
126 2351
126 2352
126 2353
126 2354
126 2355
127 2356
127 2357
127 2358
127 2359
127 2360
127 2361
127 2362
127 2363
127 2364
127 2365
127 2366
127 2367
127 2368
127 2369
127 2370
128 2371
128 2372
128 2373
128 2374
128 2375
128 2376
128 2377
128 2378
128 2379
128 2380
128 2381
128 2382
128 2383
128 2384
128 2385
129 2386
129 2387
129 2388
129 2389
129 2390
129 2391
129 2392
129 2393
129 2394
129 2395
129 2396
129 2397
129 2398
129 2399
129 2400
130 2401
130 2402
130 2403
130 2404
130 2405
130 2406
130 2407
130 2408
130 2409
130 2410
130 2411
130 2412
130 2413
130 2414
130 2415
131 2416
131 2417
131 2418
131 2419
131 2420
131 2421
131 2422
131 2423
131 2424
131 2425
131 2426
131 2427
131 2428
131 2429
131 2430
132 2431
132 2432
132 2433
132 2434
132 2435
132 2436
132 2437
132 2438
132 2439
132 2440
132 2441
132 2442
132 2443
132 2444
132 2445
133 2446
133 2447
133 2448
133 2449
133 2450
133 2451
133 2452
133 2453
133 2454
133 2455
133 2456
133 2457
133 2458
133 2459
133 2460
134 2461
134 2462
134 2463
134 2464
134 2465
134 2466
134 2467
134 2468
134 2469
134 2470
134 2471
134 2472
134 2473
134 2474
134 2475
135 2476
135 2477
135 2478
135 2479
135 2480
135 2481
135 2482
135 2483
135 2484
135 2485
135 2486
135 2487
135 2488
135 2489
135 2490
136 2491
136 2492
136 2493
136 2494
136 2495
136 2496
136 2497
136 2498
136 2499
136 2500
136 2501
136 2502
136 2503
136 2504
136 2505
137 2506
137 2507
137 2508
137 2509
137 2510
137 2511
137 2512
137 2513
137 2514
137 2515
137 2516
137 2517
137 2518
137 2519
137 2520
138 2521
138 2522
138 2523
138 2524
138 2525
138 2526
138 2527
138 2528
138 2529
138 2530
138 2531
138 2532
138 2533
138 2534
138 2535
139 2536
139 2537
139 2538
139 2539
139 2540
139 2541
139 2542
139 2543
139 2544
139 2545
139 2546
139 2547
139 2548
139 2549
139 2550
140 2551
140 2552
140 2553
140 2554
140 2555
140 2556
140 2557
140 2558
140 2559
140 2560
140 2561
140 2562
140 2563
140 2564
140 2565
141 2566
141 2567
141 2568
141 2569
141 2570
141 2571
141 2572
141 2573
141 2574
141 2575
141 2576
141 2577
141 2578
141 2579
141 2580
142 2581
142 2582
142 2583
142 2584
142 2585
142 2586
142 2587
142 2588
142 2589
142 2590
142 2591
142 2592
142 2593
142 2594
142 2595
143 2596
143 2597
143 2598
143 2599
143 2600
143 2601
143 2602
143 2603
143 2604
143 2605
143 2606
143 2607
143 2608
143 2609
143 2610
144 2611
144 2612
144 2613
144 2614
144 2615
144 2616
144 2617
144 2618
144 2619
144 2620
144 2621
144 2622
144 2623
144 2624
144 2625
145 2626
145 2627
145 2628
145 2629
145 2630
145 2631
145 2632
145 2633
145 2634
145 2635
145 2636
145 2637
145 2638
145 2639
145 2640
146 2641
146 2642
146 2643
146 2644
146 2645
146 2646
146 2647
146 2648
146 2649
146 2650
146 2651
146 2652
146 2653
146 2654
146 2655
147 2656
147 2657
147 2658
147 2659
147 2660
147 2661
147 2662
147 2663
147 2664
147 2665
147 2666
147 2667
147 2668
147 2669
147 2670
148 2671
148 2672
148 2673
148 2674
148 2675
148 2676
148 2677
148 2678
148 2679
148 2680
148 2681
148 2682
148 2683
148 2684
148 2685
149 2686
149 2687
149 2688
149 2689
149 2690
149 2691
149 2692
149 2693
149 2694
149 2695
149 2696
149 2697
149 2698
149 2699
149 2700
150 2701
150 2702
150 2703
150 2704
150 2705
150 2706
150 2707
150 2708
150 2709
150 2710
150 2711
150 2712
150 2713
150 2714
150 2715
151 2716
151 2717
151 2718
151 2719
151 2720
151 2721
151 2722
151 2723
151 2724
151 2725
151 2726
151 2727
151 2728
151 2729
151 2730
152 2731
152 2732
152 2733
152 2734
152 2735
152 2736
152 2737
152 2738
152 2739
152 2740
152 2741
152 2742
152 2743
152 2744
152 2745
153 2746
153 2747
153 2748
153 2749
153 2750
153 2751
153 2752
153 2753
153 2754
153 2755
153 2756
153 2757
153 2758
153 2759
153 2760
154 2761
154 2762
154 2763
154 2764
154 2765
154 2766
154 2767
154 2768
154 2769
154 2770
154 2771
154 2772
154 2773
154 2774
154 2775
155 2776
155 2777
155 2778
155 2779
155 2780
155 2781
155 2782
155 2783
155 2784
155 2785
155 2786
155 2787
155 2788
155 2789
155 2790
156 2791
156 2792
156 2793
156 2794
156 2795
156 2796
156 2797
156 2798
156 2799
156 2800
156 2801
156 2802
156 2803
156 2804
156 2805
157 2806
157 2807
157 2808
157 2809
157 2810
157 2811
157 2812
157 2813
157 2814
157 2815
157 2816
157 2817
157 2818
157 2819
157 2820
158 2821
158 2822
158 2823
158 2824
158 2825
158 2826
158 2827
158 2828
158 2829
158 2830
158 2831
158 2832
158 2833
158 2834
158 2835
159 2836
159 2837
159 2838
159 2839
159 2840
159 2841
159 2842
159 2843
159 2844
159 2845
159 2846
159 2847
159 2848
159 2849
159 2850
160 2851
160 2852
160 2853
160 2854
160 2855
160 2856
160 2857
160 2858
160 2859
160 2860
160 2861
160 2862
160 2863
160 2864
160 2865
161 2866
161 2867
161 2868
161 2869
161 2870
161 2871
161 2872
161 2873
161 2874
161 2875
161 2876
161 2877
161 2878
161 2879
161 2880
162 2881
162 2882
162 2883
162 2884
162 2885
162 2886
162 2887
162 2888
162 2889
162 2890
162 2891
162 2892
162 2893
162 2894
162 2895
163 2896
163 2897
163 2898
163 2899
163 2900
163 2901
163 2902
163 2903
163 2904
163 2905
163 2906
163 2907
163 2908
163 2909
163 2910
164 2911
164 2912
164 2913
164 2914
164 2915
164 2916
164 2917
164 2918
164 2919
164 2920
164 2921
164 2922
164 2923
164 2924
164 2925
165 2926
165 2927
165 2928
165 2929
165 2930
165 2931
165 2932
165 2933
165 2934
165 2935
165 2936
165 2937
165 2938
165 2939
165 2940
166 2941
166 2942
166 2943
166 2944
166 2945
166 2946
166 2947
166 2948
166 2949
166 2950
166 2951
166 2952
166 2953
166 2954
166 2955
167 2956
167 2957
167 2958
167 2959
167 2960
167 2961
167 2962
167 2963
167 2964
167 2965
167 2966
167 2967
167 2968
167 2969
167 2970
168 2971
168 2972
168 2973
168 2974
168 2975
168 2976
168 2977
168 2978
168 2979
168 2980
168 2981
168 2982
168 2983
168 2984
168 2985
169 2986
169 2987
169 2988
169 2989
169 2990
169 2991
169 2992
169 2993
169 2994
169 2995
169 2996
169 2997
169 2998
169 2999
169 3000
170 3001
170 3002
170 3003
170 3004
170 3005
170 3006
170 3007
170 3008
170 3009
170 3010
170 3011
170 3012
170 3013
170 3014
170 3015
171 3016
171 3017
171 3018
171 3019
171 3020
171 3021
171 3022
171 3023
171 3024
171 3025
171 3026
171 3027
171 3028
171 3029
171 3030
172 3031
172 3032
172 3033
172 3034
172 3035
172 3036
172 3037
172 3038
172 3039
172 3040
172 3041
172 3042
172 3043
172 3044
172 3045
173 3046
173 3047
173 3048
173 3049
173 3050
173 3051
173 3052
173 3053
173 3054
173 3055
173 3056
173 3057
173 3058
173 3059
173 3060
174 3061
174 3062
174 3063
174 3064
174 3065
174 3066
174 3067
174 3068
174 3069
174 3070
174 3071
174 3072
174 3073
174 3074
174 3075
175 3076
175 3077
175 3078
175 3079
175 3080
175 3081
175 3082
175 3083
175 3084
175 3085
175 3086
175 3087
175 3088
175 3089
175 3090
176 3091
176 3092
176 3093
176 3094
176 3095
176 3096
176 3097
176 3098
176 3099
176 3100
176 3101
176 3102
176 3103
176 3104
176 3105
177 3106
177 3107
177 3108
177 3109
177 3110
177 3111
177 3112
177 3113
177 3114
177 3115
177 3116
177 3117
177 3118
177 3119
177 3120
178 3121
178 3122
178 3123
178 3124
178 3125
178 3126
178 3127
178 3128
178 3129
178 3130
178 3131
178 3132
178 3133
178 3134
178 3135
179 3136
179 3137
179 3138
179 3139
179 3140
179 3141
179 3142
179 3143
179 3144
179 3145
179 3146
179 3147
179 3148
179 3149
179 3150
180 3151
180 3152
180 3153
180 3154
180 3155
180 3156
180 3157
180 3158
180 3159
180 3160
180 3161
180 3162
180 3163
180 3164
180 3165
181 3166
181 3167
181 3168
181 3169
181 3170
181 3171
181 3172
181 3173
181 3174
181 3175
181 3176
181 3177
181 3178
181 3179
181 3180
182 3181
182 3182
182 3183
182 3184
182 3185
182 3186
182 3187
182 3188
182 3189
182 3190
182 3191
182 3192
182 3193
182 3194
182 3195
183 3196
183 3197
183 3198
183 3199
183 3200
183 3201
183 3202
183 3203
183 3204
183 3205
183 3206
183 3207
183 3208
183 3209
183 3210
184 3211
184 3212
184 3213
184 3214
184 3215
184 3216
184 3217
184 3218
184 3219
184 3220
184 3221
184 3222
184 3223
184 3224
184 3225
185 3226
185 3227
185 3228
185 3229
185 3230
185 3231
185 3232
185 3233
185 3234
185 3235
185 3236
185 3237
185 3238
185 3239
185 3240
186 3241
186 3242
186 3243
186 3244
186 3245
186 3246
186 3247
186 3248
186 3249
186 3250
186 3251
186 3252
186 3253
186 3254
186 3255
187 3256
187 3257
187 3258
187 3259
187 3260
187 3261
187 3262
187 3263
187 3264
187 3265
187 3266
187 3267
187 3268
187 3269
187 3270
188 3271
188 3272
188 3273
188 3274
188 3275
188 3276
188 3277
188 3278
188 3279
188 3280
188 3281
188 3282
188 3283
188 3284
188 3285
189 3286
189 3287
189 3288
189 3289
189 3290
189 3291
189 3292
189 3293
189 3294
189 3295
189 3296
189 3297
189 3298
189 3299
189 3300
190 3301
190 3302
190 3303
190 3304
190 3305
190 3306
190 3307
190 3308
190 3309
190 3310
190 3311
190 3312
190 3313
190 3314
190 3315
191 3316
191 3317
191 3318
191 3319
191 3320
191 3321
191 3322
191 3323
191 3324
191 3325
191 3326
191 3327
191 3328
191 3329
191 3330
192 3331
192 3332
192 3333
192 3334
192 3335
192 3336
192 3337
192 3338
192 3339
192 3340
192 3341
192 3342
192 3343
192 3344
192 3345
193 3346
193 3347
193 3348
193 3349
193 3350
193 3351
193 3352
193 3353
193 3354
193 3355
193 3356
193 3357
193 3358
193 3359
193 3360
194 3361
194 3362
194 3363
194 3364
194 3365
194 3366
194 3367
194 3368
194 3369
194 3370
194 3371
194 3372
194 3373
194 3374
194 3375
195 3376
195 3377
195 3378
195 3379
195 3380
195 3381
195 3382
195 3383
195 3384
195 3385
195 3386
195 3387
195 3388
195 3389
195 3390
196 3391
196 3392
196 3393
196 3394
196 3395
196 3396
196 3397
196 3398
196 3399
196 3400
196 3401
196 3402
196 3403
196 3404
196 3405
197 3406
197 3407
197 3408
197 3409
197 3410
197 3411
197 3412
197 3413
197 3414
197 3415
197 3416
197 3417
197 3418
197 3419
197 3420
198 3421
198 3422
198 3423
198 3424
198 3425
198 3426
198 3427
198 3428
198 3429
198 3430
198 3431
198 3432
198 3433
198 3434
198 3435
199 3436
199 3437
199 3438
199 3439
199 3440
199 3441
199 3442
199 3443
199 3444
199 3445
199 3446
199 3447
199 3448
199 3449
199 3450
200 3451
200 3452
200 3453
200 3454
200 3455
200 3456
200 3457
200 3458
200 3459
200 3460
200 3461
200 3462
200 3463
200 3464
200 3465
201 3466
201 3467
201 3468
201 3469
201 3470
201 3471
201 3472
201 3473
201 3474
201 3475
201 3476
201 3477
201 3478
201 3479
201 3480
202 3481
202 3482
202 3483
202 3484
202 3485
202 3486
202 3487
202 3488
202 3489
202 3490
202 3491
202 3492
202 3493
202 3494
202 3495
203 3496
203 3497
203 3498
203 3499
203 3500
203 3501
203 3502
203 3503
203 3504
203 3505
203 3506
203 3507
203 3508
203 3509
203 3510
204 3511
204 3512
204 3513
204 3514
204 3515
204 3516
204 3517
204 3518
204 3519
204 3520
204 3521
204 3522
204 3523
204 3524
204 3525
205 3526
205 3527
205 3528
205 3529
205 3530
205 3531
205 3532
205 3533
205 3534
205 3535
205 3536
205 3537
205 3538
205 3539
205 3540
206 3541
206 3542
206 3543
206 3544
206 3545
206 3546
206 3547
206 3548
206 3549
206 3550
206 3551
206 3552
206 3553
206 3554
206 3555
207 3556
207 3557
207 3558
207 3559
207 3560
207 3561
207 3562
207 3563
207 3564
207 3565
207 3566
207 3567
207 3568
207 3569
207 3570
208 3571
208 3572
208 3573
208 3574
208 3575
208 3576
208 3577
208 3578
208 3579
208 3580
208 3581
208 3582
208 3583
208 3584
208 3585
209 3586
209 3587
209 3588
209 3589
209 3590
209 3591
209 3592
209 3593
209 3594
209 3595
209 3596
209 3597
209 3598
209 3599
209 3600
210 3601
210 3602
210 3603
210 3604
210 3605
210 3606
210 3607
210 3608
210 3609
210 3610
210 3611
210 3612
210 3613
210 3614
210 3615
211 3616
211 3617
211 3618
211 3619
211 3620
211 3621
211 3622
211 3623
211 3624
211 3625
211 3626
211 3627
211 3628
211 3629
211 3630
212 3631
212 3632
212 3633
212 3634
212 3635
212 3636
212 3637
212 3638
212 3639
212 3640
212 3641
212 3642
212 3643
212 3644
212 3645
213 3646
213 3647
213 3648
213 3649
213 3650
213 3651
213 3652
213 3653
213 3654
213 3655
213 3656
213 3657
213 3658
213 3659
213 3660
214 3661
214 3662
214 3663
214 3664
214 3665
214 3666
214 3667
214 3668
214 3669
214 3670
214 3671
214 3672
214 3673
214 3674
214 3675
215 3676
215 3677
215 3678
215 3679
215 3680
215 3681
215 3682
215 3683
215 3684
215 3685
215 3686
215 3687
215 3688
215 3689
215 3690
216 3691
216 3692
216 3693
216 3694
216 3695
216 3696
216 3697
216 3698
216 3699
216 3700
216 3701
216 3702
216 3703
216 3704
216 3705
217 3706
217 3707
217 3708
217 3709
217 3710
217 3711
217 3712
217 3713
217 3714
217 3715
217 3716
217 3717
217 3718
217 3719
217 3720
218 3721
218 3722
218 3723
218 3724
218 3725
218 3726
218 3727
218 3728
218 3729
218 3730
218 3731
218 3732
218 3733
218 3734
218 3735
219 3736
219 3737
219 3738
219 3739
219 3740
219 3741
219 3742
219 3743
219 3744
219 3745
219 3746
219 3747
219 3748
219 3749
219 3750
220 3751
220 3752
220 3753
220 3754
220 3755
220 3756
220 3757
220 3758
220 3759
220 3760
220 3761
220 3762
220 3763
220 3764
220 3765
221 3766
221 3767
221 3768
221 3769
221 3770
221 3771
221 3772
221 3773
221 3774
221 3775
221 3776
221 3777
221 3778
221 3779
221 3780
222 3781
222 3782
222 3783
222 3784
222 3785
222 3786
222 3787
222 3788
222 3789
222 3790
222 3791
222 3792
222 3793
222 3794
222 3795
223 3796
223 3797
223 3798
223 3799
223 3800
223 3801
223 3802
223 3803
223 3804
223 3805
223 3806
223 3807
223 3808
223 3809
223 3810
224 3811
224 3812
224 3813
224 3814
224 3815
224 3816
224 3817
224 3818
224 3819
224 3820
224 3821
224 3822
224 3823
224 3824
224 3825
225 3826
225 3827
225 3828
225 3829
225 3830
225 3831
225 3832
225 3833
225 3834
225 3835
225 3836
225 3837
225 3838
225 3839
225 3840
226 3841
226 3842
226 3843
226 3844
226 3845
226 3846
226 3847
226 3848
226 3849
226 3850
226 3851
226 3852
226 3853
226 3854
226 3855
227 3856
227 3857
227 3858
227 3859
227 3860
227 3861
227 3862
227 3863
227 3864
227 3865
227 3866
227 3867
227 3868
227 3869
227 3870
228 3871
228 3872
228 3873
228 3874
228 3875
228 3876
228 3877
228 3878
228 3879
228 3880
228 3881
228 3882
228 3883
228 3884
228 3885
229 3886
229 3887
229 3888
229 3889
229 3890
229 3891
229 3892
229 3893
229 3894
229 3895
229 3896
229 3897
229 3898
229 3899
229 3900
230 3901
230 3902
230 3903
230 3904
230 3905
230 3906
230 3907
230 3908
230 3909
230 3910
230 3911
230 3912
230 3913
230 3914
230 3915
231 3916
231 3917
231 3918
231 3919
231 3920
231 3921
231 3922
231 3923
231 3924
231 3925
231 3926
231 3927
231 3928
231 3929
231 3930
232 3931
232 3932
232 3933
232 3934
232 3935
232 3936
232 3937
232 3938
232 3939
232 3940
232 3941
232 3942
232 3943
232 3944
232 3945
233 3946
233 3947
233 3948
233 3949
233 3950
233 3951
233 3952
233 3953
233 3954
233 3955
233 3956
233 3957
233 3958
233 3959
233 3960
234 3961
234 3962
234 3963
234 3964
234 3965
234 3966
234 3967
234 3968
234 3969
234 3970
234 3971
234 3972
234 3973
234 3974
234 3975
235 3976
235 3977
235 3978
235 3979
235 3980
235 3981
235 3982
235 3983
235 3984
235 3985
235 3986
235 3987
235 3988
235 3989
235 3990
236 3991
236 3992
236 3993
236 3994
236 3995
236 3996
236 3997
236 3998
236 3999
236 4000
236 4001
236 4002
236 4003
236 4004
236 4005
237 4006
237 4007
237 4008
237 4009
237 4010
237 4011
237 4012
237 4013
237 4014
237 4015
237 4016
237 4017
237 4018
237 4019
237 4020
238 4021
238 4022
238 4023
238 4024
238 4025
238 4026
238 4027
238 4028
238 4029
238 4030
238 4031
238 4032
238 4033
238 4034
238 4035
239 4036
239 4037
239 4038
239 4039
239 4040
239 4041
239 4042
239 4043
239 4044
239 4045
239 4046
239 4047
239 4048
239 4049
239 4050
240 4051
240 4052
240 4053
240 4054
240 4055
240 4056
240 4057
240 4058
240 4059
240 4060
240 4061
240 4062
240 4063
240 4064
240 4065
241 4066
241 4067
241 4068
241 4069
241 4070
241 4071
241 4072
241 4073
241 4074
241 4075
241 4076
241 4077
241 4078
241 4079
241 4080
242 4081
242 4082
242 4083
242 4084
242 4085
242 4086
242 4087
242 4088
242 4089
242 4090
242 4091
242 4092
242 4093
242 4094
242 4095
243 4096
243 4097
243 4098
243 4099
243 4100
243 4101
243 4102
243 4103
243 4104
243 4105
243 4106
243 4107
243 4108
243 4109
243 4110
244 4111
244 4112
244 4113
244 4114
244 4115
244 4116
244 4117
244 4118
244 4119
244 4120
244 4121
244 4122
244 4123
244 4124
244 4125
245 4126
245 4127
245 4128
245 4129
245 4130
245 4131
245 4132
245 4133
245 4134
245 4135
245 4136
245 4137
245 4138
245 4139
245 4140
246 4141
246 4142
246 4143
246 4144
246 4145
246 4146
246 4147
246 4148
246 4149
246 4150
246 4151
246 4152
246 4153
246 4154
246 4155
247 4156
247 4157
247 4158
247 4159
247 4160
247 4161
247 4162
247 4163
247 4164
247 4165
247 4166
247 4167
247 4168
247 4169
247 4170
248 4171
248 4172
248 4173
248 4174
248 4175
248 4176
248 4177
248 4178
248 4179
248 4180
248 4181
248 4182
248 4183
248 4184
248 4185
249 4186
249 4187
249 4188
249 4189
249 4190
249 4191
249 4192
249 4193
249 4194
249 4195
249 4196
249 4197
249 4198
249 4199
249 4200
250 4201
250 4202
250 4203
250 4204
250 4205
250 4206
250 4207
250 4208
250 4209
250 4210
250 4211
250 4212
250 4213
250 4214
250 4215
251 4216
251 4217
251 4218
251 4219
251 4220
251 4221
251 4222
251 4223
251 4224
251 4225
251 4226
251 4227
251 4228
251 4229
251 4230
252 4231
252 4232
252 4233
252 4234
252 4235
252 4236
252 4237
252 4238
252 4239
252 4240
252 4241
252 4242
252 4243
252 4244
252 4245
253 4246
253 4247
253 4248
253 4249
253 4250
253 4251
253 4252
253 4253
253 4254
253 4255
253 4256
253 4257
253 4258
253 4259
253 4260
254 4261
254 4262
254 4263
254 4264
254 4265
254 4266
254 4267
254 4268
254 4269
254 4270
254 4271
254 4272
254 4273
254 4274
254 4275
255 4276
255 4277
255 4278
255 4279
255 4280
255 4281
255 4282
255 4283
255 4284
255 4285
255 4286
255 4287
255 4288
255 4289
255 4290
256 4291
256 4292
256 4293
256 4294
256 4295
256 4296
256 4297
256 4298
256 4299
256 4300
256 4301
256 4302
256 4303
256 4304
256 4305
257 4306
257 4307
257 4308
257 4309
257 4310
257 4311
257 4312
257 4313
257 4314
257 4315
257 4316
257 4317
257 4318
257 4319
257 4320
258 4321
258 4322
258 4323
258 4324
258 4325
258 4326
258 4327
258 4328
258 4329
258 4330
258 4331
258 4332
258 4333
258 4334
258 4335
259 4336
259 4337
259 4338
259 4339
259 4340
259 4341
259 4342
259 4343
259 4344
259 4345
259 4346
259 4347
259 4348
259 4349
259 4350
260 4351
260 4352
260 4353
260 4354
260 4355
260 4356
260 4357
260 4358
260 4359
260 4360
260 4361
260 4362
260 4363
260 4364
260 4365
261 4366
261 4367
261 4368
261 4369
261 4370
261 4371
261 4372
261 4373
261 4374
261 4375
261 4376
261 4377
261 4378
261 4379
261 4380
262 4381
262 4382
262 4383
262 4384
262 4385
262 4386
262 4387
262 4388
262 4389
262 4390
262 4391
262 4392
262 4393
262 4394
262 4395
263 4396
263 4397
263 4398
263 4399
263 4400
263 4401
263 4402
263 4403
263 4404
263 4405
263 4406
263 4407
263 4408
263 4409
263 4410
264 4411
264 4412
264 4413
264 4414
264 4415
264 4416
264 4417
264 4418
264 4419
264 4420
264 4421
264 4422
264 4423
264 4424
264 4425
265 4426
265 4427
265 4428
265 4429
265 4430
265 4431
265 4432
265 4433
265 4434
265 4435
265 4436
265 4437
265 4438
265 4439
265 4440
266 4441
266 4442
266 4443
266 4444
266 4445
266 4446
266 4447
266 4448
266 4449
266 4450
266 4451
266 4452
266 4453
266 4454
266 4455
267 4456
267 4457
267 4458
267 4459
267 4460
267 4461
267 4462
267 4463
267 4464
267 4465
267 4466
267 4467
267 4468
267 4469
267 4470
268 4471
268 4472
268 4473
268 4474
268 4475
268 4476
268 4477
268 4478
268 4479
268 4480
268 4481
268 4482
268 4483
268 4484
268 4485
269 4486
269 4487
269 4488
269 4489
269 4490
269 4491
269 4492
269 4493
269 4494
269 4495
269 4496
269 4497
269 4498
269 4499
269 4500
270 4501
270 4502
270 4503
270 4504
270 4505
270 4506
270 4507
270 4508
270 4509
270 4510
270 4511
270 4512
270 4513
270 4514
270 4515
271 4516
271 4517
271 4518
271 4519
271 4520
271 4521
271 4522
271 4523
271 4524
271 4525
271 4526
271 4527
271 4528
271 4529
271 4530
272 4531
272 4532
272 4533
272 4534
272 4535
272 4536
272 4537
272 4538
272 4539
272 4540
272 4541
272 4542
272 4543
272 4544
272 4545
273 4546
273 4547
273 4548
273 4549
273 4550
273 4551
273 4552
273 4553
273 4554
273 4555
273 4556
273 4557
273 4558
273 4559
273 4560
274 4561
274 4562
274 4563
274 4564
274 4565
274 4566
274 4567
274 4568
274 4569
274 4570
274 4571
274 4572
274 4573
274 4574
274 4575
275 4576
275 4577
275 4578
275 4579
275 4580
275 4581
275 4582
275 4583
275 4584
275 4585
275 4586
275 4587
275 4588
275 4589
275 4590
276 4591
276 4592
276 4593
276 4594
276 4595
276 4596
276 4597
276 4598
276 4599
276 4600
276 4601
276 4602
276 4603
276 4604
276 4605
277 4606
277 4607
277 4608
277 4609
277 4610
277 4611
277 4612
277 4613
277 4614
277 4615
277 4616
277 4617
277 4618
277 4619
277 4620
278 4621
278 4622
278 4623
278 4624
278 4625
278 4626
278 4627
278 4628
278 4629
278 4630
278 4631
278 4632
278 4633
278 4634
278 4635
279 4636
279 4637
279 4638
279 4639
279 4640
279 4641
279 4642
279 4643
279 4644
279 4645
279 4646
279 4647
279 4648
279 4649
279 4650
280 4651
280 4652
280 4653
280 4654
280 4655
280 4656
280 4657
280 4658
280 4659
280 4660
280 4661
280 4662
280 4663
280 4664
280 4665
281 4666
281 4667
281 4668
281 4669
281 4670
281 4671
281 4672
281 4673
281 4674
281 4675
281 4676
281 4677
281 4678
281 4679
281 4680
282 4681
282 4682
282 4683
282 4684
282 4685
282 4686
282 4687
282 4688
282 4689
282 4690
282 4691
282 4692
282 4693
282 4694
282 4695
283 4696
283 4697
283 4698
283 4699
283 4700
283 4701
283 4702
283 4703
283 4704
283 4705
283 4706
283 4707
283 4708
283 4709
283 4710
284 4711
284 4712
284 4713
284 4714
284 4715
284 4716
284 4717
284 4718
284 4719
284 4720
284 4721
284 4722
284 4723
284 4724
284 4725
285 4726
285 4727
285 4728
285 4729
285 4730
285 4731
285 4732
285 4733
285 4734
285 4735
285 4736
285 4737
285 4738
285 4739
285 4740
286 4741
286 4742
286 4743
286 4744
286 4745
286 4746
286 4747
286 4748
286 4749
286 4750
286 4751
286 4752
286 4753
286 4754
286 4755
287 4756
287 4757
287 4758
287 4759
287 4760
287 4761
287 4762
287 4763
287 4764
287 4765
287 4766
287 4767
287 4768
287 4769
287 4770
288 4771
288 4772
288 4773
288 4774
288 4775
288 4776
288 4777
288 4778
288 4779
288 4780
288 4781
288 4782
288 4783
288 4784
288 4785
289 4786
289 4787
289 4788
289 4789
289 4790
289 4791
289 4792
289 4793
289 4794
289 4795
289 4796
289 4797
289 4798
289 4799
289 4800
290 4801
290 4802
290 4803
290 4804
290 4805
290 4806
290 4807
290 4808
290 4809
290 4810
290 4811
290 4812
290 4813
290 4814
290 4815
291 4816
291 4817
291 4818
291 4819
291 4820
291 4821
291 4822
291 4823
291 4824
291 4825
291 4826
291 4827
291 4828
291 4829
291 4830
292 4831
292 4832
292 4833
292 4834
292 4835
292 4836
292 4837
292 4838
292 4839
292 4840
292 4841
292 4842
292 4843
292 4844
292 4845
293 4846
293 4847
293 4848
293 4849
293 4850
293 4851
293 4852
293 4853
293 4854
293 4855
293 4856
293 4857
293 4858
293 4859
293 4860
294 4861
294 4862
294 4863
294 4864
294 4865
294 4866
294 4867
294 4868
294 4869
294 4870
294 4871
294 4872
294 4873
294 4874
294 4875
295 4876
295 4877
295 4878
295 4879
295 4880
295 4881
295 4882
295 4883
295 4884
295 4885
295 4886
295 4887
295 4888
295 4889
295 4890
296 4891
296 4892
296 4893
296 4894
296 4895
296 4896
296 4897
296 4898
296 4899
296 4900
296 4901
296 4902
296 4903
296 4904
296 4905
297 4906
297 4907
297 4908
297 4909
297 4910
297 4911
297 4912
297 4913
297 4914
297 4915
297 4916
297 4917
297 4918
297 4919
297 4920
298 4921
298 4922
298 4923
298 4924
298 4925
298 4926
298 4927
298 4928
298 4929
298 4930
298 4931
298 4932
298 4933
298 4934
298 4935
299 4936
299 4937
299 4938
299 4939
299 4940
299 4941
299 4942
299 4943
299 4944
299 4945
299 4946
299 4947
299 4948
299 4949
299 4950
300 4951
300 4952
300 4953
300 4954
300 4955
300 4956
300 4957
300 4958
300 4959
300 4960
300 4961
300 4962
300 4963
300 4964
300 4965
301 4966
301 4967
301 4968
301 4969
301 4970
301 4971
301 4972
301 4973
301 4974
301 4975
301 4976
301 4977
301 4978
301 4979
301 4980
302 4981
302 4982
302 4983
302 4984
302 4985
302 4986
302 4987
302 4988
302 4989
302 4990
302 4991
302 4992
302 4993
302 4994
302 4995
303 4996
303 4997
303 4998
303 4999
303 5000
303 5001
303 5002
303 5003
303 5004
303 5005
303 5006
303 5007
303 5008
303 5009
303 5010
304 5011
304 5012
304 5013
304 5014
304 5015
304 5016
304 5017
304 5018
304 5019
304 5020
304 5021
304 5022
304 5023
304 5024
304 5025
305 5026
305 5027
305 5028
305 5029
305 5030
305 5031
305 5032
305 5033
305 5034
305 5035
305 5036
305 5037
305 5038
305 5039
305 5040
306 5041
306 5042
306 5043
306 5044
306 5045
306 5046
306 5047
306 5048
306 5049
306 5050
306 5051
306 5052
306 5053
306 5054
306 5055
307 5056
307 5057
307 5058
307 5059
307 5060
307 5061
307 5062
307 5063
307 5064
307 5065
307 5066
307 5067
307 5068
307 5069
307 5070
308 5071
308 5072
308 5073
308 5074
308 5075
308 5076
308 5077
308 5078
308 5079
308 5080
308 5081
308 5082
308 5083
308 5084
308 5085
309 5086
309 5087
309 5088
309 5089
309 5090
309 5091
309 5092
309 5093
309 5094
309 5095
309 5096
309 5097
309 5098
309 5099
309 5100
310 5101
310 5102
310 5103
310 5104
310 5105
310 5106
310 5107
310 5108
310 5109
310 5110
310 5111
310 5112
310 5113
310 5114
310 5115
311 5116
311 5117
311 5118
311 5119
311 5120
311 5121
311 5122
311 5123
311 5124
311 5125
311 5126
311 5127
311 5128
311 5129
311 5130
312 5131
312 5132
312 5133
312 5134
312 5135
312 5136
312 5137
312 5138
312 5139
312 5140
312 5141
312 5142
312 5143
312 5144
312 5145
313 5146
313 5147
313 5148
313 5149
313 5150
313 5151
313 5152
313 5153
313 5154
313 5155
313 5156
313 5157
313 5158
313 5159
313 5160
314 5161
314 5162
314 5163
314 5164
314 5165
314 5166
314 5167
314 5168
314 5169
314 5170
314 5171
314 5172
314 5173
314 5174
314 5175
315 5176
315 5177
315 5178
315 5179
315 5180
315 5181
315 5182
315 5183
315 5184
315 5185
315 5186
315 5187
315 5188
315 5189
315 5190
316 5191
316 5192
316 5193
316 5194
316 5195
316 5196
316 5197
316 5198
316 5199
316 5200
316 5201
316 5202
316 5203
316 5204
316 5205
317 5206
317 5207
317 5208
317 5209
317 5210
317 5211
317 5212
317 5213
317 5214
317 5215
317 5216
317 5217
317 5218
317 5219
317 5220
318 5221
318 5222
318 5223
318 5224
318 5225
318 5226
318 5227
318 5228
318 5229
318 5230
318 5231
318 5232
318 5233
318 5234
318 5235
319 5236
319 5237
319 5238
319 5239
319 5240
319 5241
319 5242
319 5243
319 5244
319 5245
319 5246
319 5247
319 5248
319 5249
319 5250
320 5251
320 5252
320 5253
320 5254
320 5255
320 5256
320 5257
320 5258
320 5259
320 5260
320 5261
320 5262
320 5263
320 5264
320 5265
321 5266
321 5267
321 5268
321 5269
321 5270
321 5271
321 5272
321 5273
321 5274
321 5275
321 5276
321 5277
321 5278
321 5279
321 5280
322 5281
322 5282
322 5283
322 5284
322 5285
322 5286
322 5287
322 5288
322 5289
322 5290
322 5291
322 5292
322 5293
322 5294
322 5295
323 5296
323 5297
323 5298
323 5299
323 5300
323 5301
323 5302
323 5303
323 5304
323 5305
323 5306
323 5307
323 5308
323 5309
323 5310
324 5311
324 5312
324 5313
324 5314
324 5315
324 5316
324 5317
324 5318
324 5319
324 5320
324 5321
324 5322
324 5323
324 5324
324 5325
325 5326
325 5327
325 5328
325 5329
325 5330
325 5331
325 5332
325 5333
325 5334
325 5335
325 5336
325 5337
325 5338
325 5339
325 5340
326 5341
326 5342
326 5343
326 5344
326 5345
326 5346
326 5347
326 5348
326 5349
326 5350
326 5351
326 5352
326 5353
326 5354
326 5355
327 5356
327 5357
327 5358
327 5359
327 5360
327 5361
327 5362
327 5363
327 5364
327 5365
327 5366
327 5367
327 5368
327 5369
327 5370
328 5371
328 5372
328 5373
328 5374
328 5375
328 5376
328 5377
328 5378
328 5379
328 5380
328 5381
328 5382
328 5383
328 5384
328 5385
329 5386
329 5387
329 5388
329 5389
329 5390
329 5391
329 5392
329 5393
329 5394
329 5395
329 5396
329 5397
329 5398
329 5399
329 5400
330 5401
330 5402
330 5403
330 5404
330 5405
330 5406
330 5407
330 5408
330 5409
330 5410
330 5411
330 5412
330 5413
330 5414
330 5415
331 5416
331 5417
331 5418
331 5419
331 5420
331 5421
331 5422
331 5423
331 5424
331 5425
331 5426
331 5427
331 5428
331 5429
331 5430
332 5431
332 5432
332 5433
332 5434
332 5435
332 5436
332 5437
332 5438
332 5439
332 5440
332 5441
332 5442
332 5443
332 5444
332 5445
333 5446
333 5447
333 5448
333 5449
333 5450
333 5451
333 5452
333 5453
333 5454
333 5455
333 5456
333 5457
333 5458
333 5459
333 5460
334 5461
334 5462
334 5463
334 5464
334 5465
334 5466
334 5467
334 5468
334 5469
334 5470
334 5471
334 5472
334 5473
334 5474
334 5475
335 5476
335 5477
335 5478
335 5479
335 5480
335 5481
335 5482
335 5483
335 5484
335 5485
335 5486
335 5487
335 5488
335 5489
335 5490
336 5491
336 5492
336 5493
336 5494
336 5495
336 5496
336 5497
336 5498
336 5499
336 5500
336 5501
336 5502
336 5503
336 5504
336 5505
337 5506
337 5507
337 5508
337 5509
337 5510
337 5511
337 5512
337 5513
337 5514
337 5515
337 5516
337 5517
337 5518
337 5519
337 5520
338 5521
338 5522
338 5523
338 5524
338 5525
338 5526
338 5527
338 5528
338 5529
338 5530
338 5531
338 5532
338 5533
338 5534
338 5535
339 5536
339 5537
339 5538
339 5539
339 5540
339 5541
339 5542
339 5543
339 5544
339 5545
339 5546
339 5547
339 5548
339 5549
339 5550
340 5551
340 5552
340 5553
340 5554
340 5555
340 5556
340 5557
340 5558
340 5559
340 5560
340 5561
340 5562
340 5563
340 5564
340 5565
341 5566
341 5567
341 5568
341 5569
341 5570
341 5571
341 5572
341 5573
341 5574
341 5575
341 5576
341 5577
341 5578
341 5579
341 5580
342 5581
342 5582
342 5583
342 5584
342 5585
342 5586
342 5587
342 5588
342 5589
342 5590
342 5591
342 5592
342 5593
342 5594
342 5595
343 5596
343 5597
343 5598
343 5599
343 5600
343 5601
343 5602
343 5603
343 5604
343 5605
343 5606
343 5607
343 5608
343 5609
343 5610
344 5611
344 5612
344 5613
344 5614
344 5615
344 5616
344 5617
344 5618
344 5619
344 5620
344 5621
344 5622
344 5623
344 5624
344 5625
345 5626
345 5627
345 5628
345 5629
345 5630
345 5631
345 5632
345 5633
345 5634
345 5635
345 5636
345 5637
345 5638
345 5639
345 5640
346 5641
346 5642
346 5643
346 5644
346 5645
346 5646
346 5647
346 5648
346 5649
346 5650
346 5651
346 5652
346 5653
346 5654
346 5655
347 5656
347 5657
347 5658
347 5659
347 5660
347 5661
347 5662
347 5663
347 5664
347 5665
347 5666
347 5667
347 5668
347 5669
347 5670
348 5671
348 5672
348 5673
348 5674
348 5675
348 5676
348 5677
348 5678
348 5679
348 5680
348 5681
348 5682
348 5683
348 5684
348 5685
349 5686
349 5687
349 5688
349 5689
349 5690
349 5691
349 5692
349 5693
349 5694
349 5695
349 5696
349 5697
349 5698
349 5699
349 5700
350 5701
350 5702
350 5703
350 5704
350 5705
350 5706
350 5707
350 5708
350 5709
350 5710
350 5711
350 5712
350 5713
350 5714
350 5715
351 5716
351 5717
351 5718
351 5719
351 5720
351 5721
351 5722
351 5723
351 5724
351 5725
351 5726
351 5727
351 5728
351 5729
351 5730
352 5731
352 5732
352 5733
352 5734
352 5735
352 5736
352 5737
352 5738
352 5739
352 5740
352 5741
352 5742
352 5743
352 5744
352 5745
353 5746
353 5747
353 5748
353 5749
353 5750
353 5751
353 5752
353 5753
353 5754
353 5755
353 5756
353 5757
353 5758
353 5759
353 5760
354 5761
354 5762
354 5763
354 5764
354 5765
354 5766
354 5767
354 5768
354 5769
354 5770
354 5771
354 5772
354 5773
354 5774
354 5775
355 5776
355 5777
355 5778
355 5779
355 5780
355 5781
355 5782
355 5783
355 5784
355 5785
355 5786
355 5787
355 5788
355 5789
355 5790
356 5791
356 5792
356 5793
356 5794
356 5795
356 5796
356 5797
356 5798
356 5799
356 5800
356 5801
356 5802
356 5803
356 5804
356 5805
357 5806
357 5807
357 5808
357 5809
357 5810
357 5811
357 5812
357 5813
357 5814
357 5815
357 5816
357 5817
357 5818
357 5819
357 5820
358 5821
358 5822
358 5823
358 5824
358 5825
358 5826
358 5827
358 5828
358 5829
358 5830
358 5831
358 5832
358 5833
358 5834
358 5835
359 5836
359 5837
359 5838
359 5839
359 5840
359 5841
359 5842
359 5843
359 5844
359 5845
359 5846
359 5847
359 5848
359 5849
359 5850
360 5851
360 5852
360 5853
360 5854
360 5855
360 5856
360 5857
360 5858
360 5859
360 5860
360 5861
360 5862
360 5863
360 5864
360 5865
361 5866
361 5867
361 5868
361 5869
361 5870
361 5871
361 5872
361 5873
361 5874
361 5875
361 5876
361 5877
361 5878
361 5879
361 5880
362 5881
362 5882
362 5883
362 5884
362 5885
362 5886
362 5887
362 5888
362 5889
362 5890
362 5891
362 5892
362 5893
362 5894
362 5895
363 5896
363 5897
363 5898
363 5899
363 5900
363 5901
363 5902
363 5903
363 5904
363 5905
363 5906
363 5907
363 5908
363 5909
363 5910
364 5911
364 5912
364 5913
364 5914
364 5915
364 5916
364 5917
364 5918
364 5919
364 5920
364 5921
364 5922
364 5923
364 5924
364 5925
365 5926
365 5927
365 5928
365 5929
365 5930
365 5931
365 5932
365 5933
365 5934
365 5935
365 5936
365 5937
365 5938
365 5939
365 5940
366 5941
366 5942
366 5943
366 5944
366 5945
366 5946
366 5947
366 5948
366 5949
366 5950
366 5951
366 5952
366 5953
366 5954
366 5955
367 5956
367 5957
367 5958
367 5959
367 5960
367 5961
367 5962
367 5963
367 5964
367 5965
367 5966
367 5967
367 5968
367 5969
367 5970
368 5971
368 5972
368 5973
368 5974
368 5975
368 5976
368 5977
368 5978
368 5979
368 5980
368 5981
368 5982
368 5983
368 5984
368 5985
369 5986
369 5987
369 5988
369 5989
369 5990
369 5991
369 5992
369 5993
369 5994
369 5995
369 5996
369 5997
369 5998
369 5999
369 6000
370 6001
370 6002
370 6003
370 6004
370 6005
370 6006
370 6007
370 6008
370 6009
370 6010
370 6011
370 6012
370 6013
370 6014
370 6015
371 6016
371 6017
371 6018
371 6019
371 6020
371 6021
371 6022
371 6023
371 6024
371 6025
371 6026
371 6027
371 6028
371 6029
371 6030
372 6031
372 6032
372 6033
372 6034
372 6035
372 6036
372 6037
372 6038
372 6039
372 6040
372 6041
372 6042
372 6043
372 6044
372 6045
373 6046
373 6047
373 6048
373 6049
373 6050
373 6051
373 6052
373 6053
373 6054
373 6055
373 6056
373 6057
373 6058
373 6059
373 6060
374 6061
374 6062
374 6063
374 6064
374 6065
374 6066
374 6067
374 6068
374 6069
374 6070
374 6071
374 6072
374 6073
374 6074
374 6075
375 6076
375 6077
375 6078
375 6079
375 6080
375 6081
375 6082
375 6083
375 6084
375 6085
375 6086
375 6087
375 6088
375 6089
375 6090
376 6091
376 6092
376 6093
376 6094
376 6095
376 6096
376 6097
376 6098
376 6099
376 6100
376 6101
376 6102
376 6103
376 6104
376 6105
377 6106
377 6107
377 6108
377 6109
377 6110
377 6111
377 6112
377 6113
377 6114
377 6115
377 6116
377 6117
377 6118
377 6119
377 6120
378 6121
378 6122
378 6123
378 6124
378 6125
378 6126
378 6127
378 6128
378 6129
378 6130
378 6131
378 6132
378 6133
378 6134
378 6135
379 6136
379 6137
379 6138
379 6139
379 6140
379 6141
379 6142
379 6143
379 6144
379 6145
379 6146
379 6147
379 6148
379 6149
379 6150
380 6151
380 6152
380 6153
380 6154
380 6155
380 6156
380 6157
380 6158
380 6159
380 6160
380 6161
380 6162
380 6163
380 6164
380 6165
381 6166
381 6167
381 6168
381 6169
381 6170
381 6171
381 6172
381 6173
381 6174
381 6175
381 6176
381 6177
381 6178
381 6179
381 6180
382 6181
382 6182
382 6183
382 6184
382 6185
382 6186
382 6187
382 6188
382 6189
382 6190
382 6191
382 6192
382 6193
382 6194
382 6195
383 6196
383 6197
383 6198
383 6199
383 6200
383 6201
383 6202
383 6203
383 6204
383 6205
383 6206
383 6207
383 6208
383 6209
383 6210
384 6211
384 6212
384 6213
384 6214
384 6215
384 6216
384 6217
384 6218
384 6219
384 6220
384 6221
384 6222
384 6223
384 6224
384 6225
385 6226
385 6227
385 6228
385 6229
385 6230
385 6231
385 6232
385 6233
385 6234
385 6235
385 6236
385 6237
385 6238
385 6239
385 6240
386 6241
386 6242
386 6243
386 6244
386 6245
386 6246
386 6247
386 6248
386 6249
386 6250
386 6251
386 6252
386 6253
386 6254
386 6255
387 6256
387 6257
387 6258
387 6259
387 6260
387 6261
387 6262
387 6263
387 6264
387 6265
387 6266
387 6267
387 6268
387 6269
387 6270
388 6271
388 6272
388 6273
388 6274
388 6275
388 6276
388 6277
388 6278
388 6279
388 6280
388 6281
388 6282
388 6283
388 6284
388 6285
389 6286
389 6287
389 6288
389 6289
389 6290
389 6291
389 6292
389 6293
389 6294
389 6295
389 6296
389 6297
389 6298
389 6299
389 6300
390 6301
390 6302
390 6303
390 6304
390 6305
390 6306
390 6307
390 6308
390 6309
390 6310
390 6311
390 6312
390 6313
390 6314
390 6315
391 6316
391 6317
391 6318
391 6319
391 6320
391 6321
391 6322
391 6323
391 6324
391 6325
391 6326
391 6327
391 6328
391 6329
391 6330
392 6331
392 6332
392 6333
392 6334
392 6335
392 6336
392 6337
392 6338
392 6339
392 6340
392 6341
392 6342
392 6343
392 6344
392 6345
393 6346
393 6347
393 6348
393 6349
393 6350
393 6351
393 6352
393 6353
393 6354
393 6355
393 6356
393 6357
393 6358
393 6359
393 6360
394 6361
394 6362
394 6363
394 6364
394 6365
394 6366
394 6367
394 6368
394 6369
394 6370
394 6371
394 6372
394 6373
394 6374
394 6375
395 6376
395 6377
395 6378
395 6379
395 6380
395 6381
395 6382
395 6383
395 6384
395 6385
395 6386
395 6387
395 6388
395 6389
395 6390
396 6391
396 6392
396 6393
396 6394
396 6395
396 6396
396 6397
396 6398
396 6399
396 6400
396 6401
396 6402
396 6403
396 6404
396 6405
397 6406
397 6407
397 6408
397 6409
397 6410
397 6411
397 6412
397 6413
397 6414
397 6415
397 6416
397 6417
397 6418
397 6419
397 6420
398 6421
398 6422
398 6423
398 6424
398 6425
398 6426
398 6427
398 6428
398 6429
398 6430
398 6431
398 6432
398 6433
398 6434
398 6435
399 6436
399 6437
399 6438
399 6439
399 6440
399 6441
399 6442
399 6443
399 6444
399 6445
399 6446
399 6447
399 6448
399 6449
399 6450
400 6451
400 6452
400 6453
400 6454
400 6455
400 6456
400 6457
400 6458
400 6459
400 6460
400 6461
400 6462
400 6463
400 6464
400 6465
401 6466
401 6467
401 6468
401 6469
401 6470
401 6471
401 6472
401 6473
401 6474
401 6475
401 6476
401 6477
401 6478
401 6479
401 6480
402 6481
402 6482
402 6483
402 6484
402 6485
402 6486
402 6487
402 6488
402 6489
402 6490
402 6491
402 6492
402 6493
402 6494
402 6495
403 6496
403 6497
403 6498
403 6499
403 6500
403 6501
403 6502
403 6503
403 6504
403 6505
403 6506
403 6507
403 6508
403 6509
403 6510
404 6511
404 6512
404 6513
404 6514
404 6515
404 6516
404 6517
404 6518
404 6519
404 6520
404 6521
404 6522
404 6523
404 6524
404 6525
405 6526
405 6527
405 6528
405 6529
405 6530
405 6531
405 6532
405 6533
405 6534
405 6535
405 6536
405 6537
405 6538
405 6539
405 6540
406 6541
406 6542
406 6543
406 6544
406 6545
406 6546
406 6547
406 6548
406 6549
406 6550
406 6551
406 6552
406 6553
406 6554
406 6555
407 6556
407 6557
407 6558
407 6559
407 6560
407 6561
407 6562
407 6563
407 6564
407 6565
407 6566
407 6567
407 6568
407 6569
407 6570
408 6571
408 6572
408 6573
408 6574
408 6575
408 6576
408 6577
408 6578
408 6579
408 6580
408 6581
408 6582
408 6583
408 6584
408 6585
409 6586
409 6587
409 6588
409 6589
409 6590
409 6591
409 6592
409 6593
409 6594
409 6595
409 6596
409 6597
409 6598
409 6599
409 6600
410 6601
410 6602
410 6603
410 6604
410 6605
410 6606
410 6607
410 6608
410 6609
410 6610
410 6611
410 6612
410 6613
410 6614
410 6615
411 6616
411 6617
411 6618
411 6619
411 6620
411 6621
411 6622
411 6623
411 6624
411 6625
411 6626
411 6627
411 6628
411 6629
411 6630
412 6631
412 6632
412 6633
412 6634
412 6635
412 6636
412 6637
412 6638
412 6639
412 6640
412 6641
412 6642
412 6643
412 6644
412 6645
413 6646
413 6647
413 6648
413 6649
413 6650
413 6651
413 6652
413 6653
413 6654
413 6655
413 6656
413 6657
413 6658
413 6659
413 6660
414 6661
414 6662
414 6663
414 6664
414 6665
414 6666
414 6667
414 6668
414 6669
414 6670
414 6671
414 6672
414 6673
414 6674
414 6675
415 6676
415 6677
415 6678
415 6679
415 6680
415 6681
415 6682
415 6683
415 6684
415 6685
415 6686
415 6687
415 6688
415 6689
415 6690
416 6691
416 6692
416 6693
416 6694
416 6695
416 6696
416 6697
416 6698
416 6699
416 6700
416 6701
416 6702
416 6703
416 6704
416 6705
417 6706
417 6707
417 6708
417 6709
417 6710
417 6711
417 6712
417 6713
417 6714
417 6715
417 6716
417 6717
417 6718
417 6719
417 6720
418 6721
418 6722
418 6723
418 6724
418 6725
418 6726
418 6727
418 6728
418 6729
418 6730
418 6731
418 6732
418 6733
418 6734
418 6735
419 6736
419 6737
419 6738
419 6739
419 6740
419 6741
419 6742
419 6743
419 6744
419 6745
419 6746
419 6747
419 6748
419 6749
419 6750
420 6751
420 6752
420 6753
420 6754
420 6755
420 6756
420 6757
420 6758
420 6759
420 6760
420 6761
420 6762
420 6763
420 6764
420 6765
421 6766
421 6767
421 6768
421 6769
421 6770
421 6771
421 6772
421 6773
421 6774
421 6775
421 6776
421 6777
421 6778
421 6779
421 6780
422 6781
422 6782
422 6783
422 6784
422 6785
422 6786
422 6787
422 6788
422 6789
422 6790
422 6791
422 6792
422 6793
422 6794
422 6795
423 6796
423 6797
423 6798
423 6799
423 6800
423 6801
423 6802
423 6803
423 6804
423 6805
423 6806
423 6807
423 6808
423 6809
423 6810
424 6811
424 6812
424 6813
424 6814
424 6815
424 6816
424 6817
424 6818
424 6819
424 6820
424 6821
424 6822
424 6823
424 6824
424 6825
425 6826
425 6827
425 6828
425 6829
425 6830
425 6831
425 6832
425 6833
425 6834
425 6835
425 6836
425 6837
425 6838
425 6839
425 6840
426 6841
426 6842
426 6843
426 6844
426 6845
426 6846
426 6847
426 6848
426 6849
426 6850
426 6851
426 6852
426 6853
426 6854
426 6855
427 6856
427 6857
427 6858
427 6859
427 6860
427 6861
427 6862
427 6863
427 6864
427 6865
427 6866
427 6867
427 6868
427 6869
427 6870
428 6871
428 6872
428 6873
428 6874
428 6875
428 6876
428 6877
428 6878
428 6879
428 6880
428 6881
428 6882
428 6883
428 6884
428 6885
429 6886
429 6887
429 6888
429 6889
429 6890
429 6891
429 6892
429 6893
429 6894
429 6895
429 6896
429 6897
429 6898
429 6899
429 6900
430 6901
430 6902
430 6903
430 6904
430 6905
430 6906
430 6907
430 6908
430 6909
430 6910
430 6911
430 6912
430 6913
430 6914
430 6915
431 6916
431 6917
431 6918
431 6919
431 6920
431 6921
431 6922
431 6923
431 6924
431 6925
431 6926
431 6927
431 6928
431 6929
431 6930
432 6931
432 6932
432 6933
432 6934
432 6935
432 6936
432 6937
432 6938
432 6939
432 6940
432 6941
432 6942
432 6943
432 6944
432 6945
433 6946
433 6947
433 6948
433 6949
433 6950
433 6951
433 6952
433 6953
433 6954
433 6955
433 6956
433 6957
433 6958
433 6959
433 6960
434 6961
434 6962
434 6963
434 6964
434 6965
434 6966
434 6967
434 6968
434 6969
434 6970
434 6971
434 6972
434 6973
434 6974
434 6975
435 6976
435 6977
435 6978
435 6979
435 6980
435 6981
435 6982
435 6983
435 6984
435 6985
435 6986
435 6987
435 6988
435 6989
435 6990
436 6991
436 6992
436 6993
436 6994
436 6995
436 6996
436 6997
436 6998
436 6999
436 7000
436 7001
436 7002
436 7003
436 7004
436 7005
437 7006
437 7007
437 7008
437 7009
437 7010
437 7011
437 7012
437 7013
437 7014
437 7015
437 7016
437 7017
437 7018
437 7019
437 7020
438 7021
438 7022
438 7023
438 7024
438 7025
438 7026
438 7027
438 7028
438 7029
438 7030
438 7031
438 7032
438 7033
438 7034
438 7035
439 7036
439 7037
439 7038
439 7039
439 7040
439 7041
439 7042
439 7043
439 7044
439 7045
439 7046
439 7047
439 7048
439 7049
439 7050
440 7051
440 7052
440 7053
440 7054
440 7055
440 7056
440 7057
440 7058
440 7059
440 7060
440 7061
440 7062
440 7063
440 7064
440 7065
441 7066
441 7067
441 7068
441 7069
441 7070
441 7071
441 7072
441 7073
441 7074
441 7075
441 7076
441 7077
441 7078
441 7079
441 7080
442 7081
442 7082
442 7083
442 7084
442 7085
442 7086
442 7087
442 7088
442 7089
442 7090
442 7091
442 7092
442 7093
442 7094
442 7095
443 7096
443 7097
443 7098
443 7099
443 7100
443 7101
443 7102
443 7103
443 7104
443 7105
443 7106
443 7107
443 7108
443 7109
443 7110
444 7111
444 7112
444 7113
444 7114
444 7115
444 7116
444 7117
444 7118
444 7119
444 7120
444 7121
444 7122
444 7123
444 7124
444 7125
445 7126
445 7127
445 7128
445 7129
445 7130
445 7131
445 7132
445 7133
445 7134
445 7135
445 7136
445 7137
445 7138
445 7139
445 7140
446 7141
446 7142
446 7143
446 7144
446 7145
446 7146
446 7147
446 7148
446 7149
446 7150
446 7151
446 7152
446 7153
446 7154
446 7155
447 7156
447 7157
447 7158
447 7159
447 7160
447 7161
447 7162
447 7163
447 7164
447 7165
447 7166
447 7167
447 7168
447 7169
447 7170
448 7171
448 7172
448 7173
448 7174
448 7175
448 7176
448 7177
448 7178
448 7179
448 7180
448 7181
448 7182
448 7183
448 7184
448 7185
449 7186
449 7187
449 7188
449 7189
449 7190
449 7191
449 7192
449 7193
449 7194
449 7195
449 7196
449 7197
449 7198
449 7199
449 7200
450 7201
450 7202
450 7203
450 7204
450 7205
450 7206
450 7207
450 7208
450 7209
450 7210
450 7211
450 7212
450 7213
450 7214
450 7215
