0 160
0 112
0 98
0 68
0 101
0 129
0 236
0 333
0 79
0 272
0 52
0 92
0 94
0 325
1 34
1 3
1 17
1 8
1 171
1 205
1 11
1 264
1 182
1 88
1 299
1 283
1 220
1 286
2 33
2 294
2 358
2 38
2 231
2 300
2 45
2 181
2 249
2 255
2 188
2 285
2 286
2 31
3 228
3 7
3 105
3 75
3 76
3 77
3 46
3 175
3 304
3 20
3 41
3 89
3 265
4 226
4 195
4 356
4 293
4 341
4 202
4 110
4 143
4 84
4 277
4 246
4 314
4 317
4 69
5 295
5 198
5 327
5 169
5 74
5 75
5 236
5 207
5 44
5 14
5 185
5 287
5 231
5 351
6 352
6 323
6 260
6 197
6 71
6 343
6 109
6 304
6 342
6 87
6 312
6 346
6 155
6 255
7 65
7 188
7 23
7 338
7 52
7 21
7 182
7 251
7 184
7 347
7 92
7 158
7 255
8 128
8 162
8 198
8 10
8 11
8 173
8 111
8 51
8 23
8 122
8 251
8 28
8 223
9 129
9 67
9 132
9 293
9 358
9 103
9 215
9 141
9 349
9 17
9 87
9 124
9 253
9 229
10 352
10 227
10 100
10 136
10 75
10 152
10 212
10 187
10 86
10 280
10 123
10 316
10 62
11 130
11 131
11 68
11 229
11 262
11 15
11 264
11 244
11 87
11 27
11 125
11 126
12 34
12 315
12 198
12 360
12 203
12 322
12 142
12 109
12 51
12 276
12 148
12 180
12 111
12 348
13 80
13 37
13 167
13 72
13 170
13 299
13 349
13 48
13 145
13 114
13 90
13 202
13 190
13 127
14 225
14 228
14 33
14 298
14 311
14 46
14 49
14 150
14 313
14 56
14 345
14 220
14 253
15 128
15 96
15 299
15 260
15 101
15 103
15 136
15 330
15 272
15 242
15 308
15 22
15 25
16 261
16 211
16 327
16 104
16 76
16 18
16 307
16 245
16 279
16 249
16 154
16 117
16 222
16 85
17 259
17 167
17 46
17 80
17 146
17 339
17 54
17 343
17 346
17 314
17 317
17 159
18 48
18 35
18 293
18 326
18 199
18 330
18 236
18 146
18 116
18 183
18 20
18 58
18 283
19 230
19 70
19 326
19 232
19 137
19 139
19 173
19 176
19 50
19 179
19 244
19 119
19 186
19 166
20 289
20 195
20 36
20 321
20 200
20 105
20 167
20 112
20 113
20 247
20 285
20 296
21 311
21 99
21 69
21 102
21 327
21 238
21 240
21 291
21 84
21 181
21 23
21 157
21 126
22 256
22 289
22 147
22 103
22 96
22 234
22 43
22 307
22 86
22 343
22 153
22 27
22 220
23 128
23 161
23 162
23 195
23 237
23 232
23 242
23 87
23 153
23 249
23 58
24 64
24 321
24 290
24 70
24 71
24 156
24 273
24 354
24 79
24 177
24 297
24 185
24 124
24 157
25 344
25 133
25 198
25 168
25 332
25 172
25 305
25 150
25 87
25 184
25 282
25 349
25 158
26 320
26 163
26 197
26 135
26 40
26 60
26 139
26 43
26 105
26 118
26 153
26 281
26 156
26 29
27 225
27 290
27 227
27 310
27 329
27 203
27 79
27 112
27 275
27 120
27 250
27 155
28 67
28 195
28 295
28 40
28 41
28 239
28 81
28 83
28 319
28 217
28 281
28 59
28 63
29 257
29 347
29 150
29 230
29 142
29 267
29 334
29 272
29 78
29 342
29 358
29 287
29 223
30 162
30 139
30 357
30 136
30 73
30 107
30 238
30 335
30 280
30 348
30 122
30 143
30 284
30 261
31 67
31 326
31 41
31 138
31 43
31 205
31 207
31 114
31 131
31 212
31 53
31 79
31 298
32 162
32 291
32 70
32 263
32 140
32 47
32 177
32 146
32 148
32 57
32 217
32 218
32 155
32 252
33 129
33 322
33 323
33 196
33 326
33 104
33 332
33 207
33 273
33 179
33 47
33 319
34 290
34 293
34 326
34 104
34 107
34 270
34 47
34 146
34 243
34 216
34 219
34 351
35 355
35 36
35 278
35 188
35 268
35 270
35 210
35 54
35 279
35 280
35 201
35 316
35 317
36 193
36 130
36 99
36 293
36 299
36 237
36 240
36 49
36 214
36 90
36 190
36 95
37 163
37 101
37 295
37 112
37 241
37 242
37 115
37 213
37 246
37 153
37 314
37 61
37 341
38 320
38 262
38 358
38 360
38 170
38 331
38 140
38 142
38 272
38 276
38 245
38 54
38 357
39 160
39 258
39 228
39 261
39 166
39 72
39 240
39 168
39 212
39 85
39 216
39 345
39 155
39 69
40 97
40 99
40 132
40 231
40 331
40 135
40 71
40 209
40 340
40 122
40 356
40 125
41 356
41 166
41 230
41 307
41 138
41 269
41 50
41 275
41 308
41 126
41 63
42 187
42 68
42 229
42 198
42 359
42 87
42 208
42 49
42 278
42 343
42 191
42 284
42 350
42 223
43 257
43 133
43 166
43 201
43 138
43 139
43 51
43 309
43 314
43 59
43 254
44 227
44 71
44 172
44 77
44 46
44 239
44 80
44 211
44 345
44 217
44 187
44 143
44 287
45 193
45 300
45 269
45 336
45 146
45 307
45 278
45 184
45 89
45 219
45 252
45 190
45 127
46 226
46 177
46 105
46 77
46 336
46 49
46 195
46 244
46 123
46 319
47 321
47 294
47 168
47 109
47 302
47 338
47 277
47 154
47 127
47 254
47 287
48 323
48 356
48 358
48 308
48 73
48 266
48 206
48 333
48 84
48 181
48 212
48 346
49 160
49 75
49 236
49 141
49 303
49 210
49 211
49 356
49 186
49 252
50 129
50 150
50 106
50 110
50 239
50 308
50 86
50 137
50 56
50 154
50 60
50 285
51 225
51 194
51 163
51 324
51 161
51 73
51 125
51 274
51 233
51 297
51 351
52 352
52 331
52 260
52 149
52 171
52 204
52 271
52 272
52 222
52 53
52 350
52 319
53 160
53 355
53 328
53 206
53 176
53 273
53 338
53 181
53 278
53 56
53 124
53 222
54 97
54 264
54 298
54 225
54 172
54 289
54 209
54 83
54 244
54 181
54 157
55 67
55 357
55 198
55 267
55 176
55 229
55 306
55 275
55 117
55 345
55 88
55 249
55 70
55 287
56 256
56 321
56 83
56 357
56 108
56 179
56 117
56 313
56 249
56 346
56 149
57 97
57 66
57 227
57 324
57 80
57 76
57 93
57 189
57 208
57 145
57 340
57 185
57 349
58 147
58 165
58 294
58 296
58 183
58 239
58 211
58 309
58 347
58 221
58 318
58 319
59 294
59 325
59 326
59 168
59 266
59 157
59 182
59 88
59 283
59 298
59 350
59 95
60 320
60 289
60 99
60 164
60 151
60 143
60 80
60 81
60 82
60 86
60 279
60 282
61 320
61 194
61 340
61 297
61 138
61 79
61 312
61 210
61 180
61 216
61 121
61 316
61 158
62 321
62 162
62 132
62 182
62 359
62 112
62 240
62 337
62 179
62 212
62 246
62 340
62 188
63 65
63 162
63 292
63 168
63 202
63 267
63 332
63 173
63 150
63 315
63 74
63 318
64 192
64 289
64 322
64 100
64 133
64 353
64 137
64 172
64 66
64 212
64 265
64 315
64 316
65 66
65 294
65 264
65 106
65 204
65 238
65 303
65 328
65 121
65 282
65 157
65 127
66 194
66 233
66 75
66 204
66 174
66 145
66 210
66 276
66 311
66 248
66 351
67 240
67 165
67 202
67 343
67 285
67 272
67 82
67 345
67 314
67 330
68 257
68 164
68 264
68 307
68 171
68 141
68 303
68 208
68 83
68 331
68 187
69 134
69 76
69 237
69 211
69 244
69 85
69 310
69 247
69 89
69 251
69 286
70 259
70 102
70 72
70 266
70 305
70 242
70 90
70 187
70 330
70 351
71 323
71 196
71 327
71 356
71 266
71 203
71 273
71 281
71 186
71 154
72 224
72 321
72 132
72 328
72 201
72 335
72 341
72 246
72 312
72 292
72 93
73 97
73 292
73 358
73 129
73 232
73 233
73 202
73 145
73 169
73 314
73 266
74 256
74 326
74 199
74 105
74 80
74 113
74 339
74 134
74 86
74 247
74 91
74 286
75 197
75 105
75 173
75 274
75 355
75 341
75 280
75 153
75 317
76 352
76 224
76 258
76 132
76 228
76 166
76 240
76 184
76 120
76 250
77 100
77 265
77 106
77 267
77 335
77 240
77 152
77 82
77 246
77 248
77 223
78 288
78 199
78 140
78 330
78 108
78 93
78 82
78 236
78 277
78 151
78 184
78 313
78 137
79 320
79 160
79 194
79 324
79 135
79 233
79 107
79 280
79 313
80 129
80 259
80 326
80 209
80 317
80 89
80 125
80 254
81 290
81 100
81 229
81 360
81 235
81 269
81 275
81 250
81 347
81 253
81 158
81 287
82 336
82 102
82 305
82 104
82 233
82 172
82 112
82 337
82 215
82 153
83 193
83 98
83 323
83 357
83 107
83 240
83 344
83 149
83 316
83 126
84 213
84 358
84 230
84 162
84 334
84 206
84 306
84 310
84 191
84 134
84 127
85 133
85 176
85 258
85 324
85 357
85 304
85 310
85 196
85 122
85 319
85 124
86 258
86 357
86 203
86 221
86 181
86 118
86 247
86 315
86 319
87 354
87 306
87 112
87 114
87 340
87 341
87 246
87 254
88 229
88 169
88 333
88 239
88 144
88 180
88 308
88 250
88 287
88 318
88 101
89 353
89 99
89 163
89 168
89 140
89 106
89 108
89 264
89 204
89 188
90 130
90 133
90 268
90 204
90 274
90 341
90 324
90 92
90 125
90 286
90 287
91 160
91 96
91 98
91 134
91 135
91 109
91 240
91 113
91 149
91 118
91 119
91 153
91 189
92 96
92 354
92 150
92 263
92 233
92 205
92 335
92 182
92 248
92 121
92 254
93 96
93 195
93 326
93 107
93 241
93 274
93 340
93 281
93 344
93 284
93 189
94 98
94 99
94 293
94 102
94 300
94 172
94 194
94 111
94 113
94 344
94 152
94 166
94 95
95 352
95 323
95 134
95 135
95 205
95 175
95 210
95 180
95 178
95 342
95 252
96 331
96 137
96 107
96 332
96 175
96 241
96 201
96 312
96 221
97 194
97 99
97 293
97 358
97 270
97 328
97 279
97 344
97 187
97 189
98 99
98 291
98 171
98 332
98 208
98 212
98 286
98 311
98 219
98 284
99 227
99 182
99 263
99 150
99 344
99 126
100 164
100 168
100 140
100 173
100 113
100 179
100 308
100 344
100 345
100 186
101 224
101 258
101 220
101 194
101 112
101 337
101 306
101 284
101 317
101 325
102 261
102 166
102 199
102 299
102 239
102 149
102 118
102 152
102 325
102 317
103 321
103 225
103 208
103 173
103 176
103 305
103 277
103 152
103 188
103 286
103 245
104 323
104 133
104 134
104 265
104 235
104 145
104 274
104 244
104 246
104 223
105 139
105 136
105 297
105 360
105 120
105 185
105 123
105 218
106 292
106 142
106 299
106 332
106 237
106 334
106 177
106 174
106 216
106 154
107 173
107 238
107 336
107 308
107 248
107 219
107 348
107 318
108 130
108 171
108 164
108 145
108 328
108 119
108 273
108 210
108 215
108 125
108 222
109 193
109 228
109 166
109 267
109 244
109 309
109 217
109 122
109 188
109 117
110 320
110 290
110 355
110 263
110 200
110 233
110 146
110 147
110 277
110 316
110 283
110 188
111 128
111 260
111 293
111 358
111 137
111 330
111 202
111 313
111 186
111 285
111 165
112 193
112 131
112 133
112 333
112 250
112 253
113 225
113 228
113 296
113 236
113 237
113 272
113 116
113 349
113 223
114 161
114 194
114 324
114 167
114 136
114 333
114 232
114 180
114 216
114 314
114 254
115 144
115 155
115 200
115 265
115 268
115 333
115 269
115 176
115 305
115 307
115 276
115 187
115 255
116 256
116 195
116 262
116 263
116 273
116 302
116 305
116 179
116 245
116 279
116 216
116 121
117 192
117 294
117 201
117 343
117 205
117 336
117 213
117 216
117 252
117 318
118 251
118 324
118 293
118 316
118 302
118 246
118 120
118 185
118 283
118 156
119 268
119 237
119 238
119 208
119 242
119 278
119 121
119 186
119 287
119 220
119 127
120 272
120 259
120 287
120 213
120 151
120 217
120 283
120 284
120 254
120 319
121 128
121 228
121 327
121 231
121 268
121 301
121 142
121 274
121 345
122 322
122 293
122 301
122 268
122 271
122 304
122 339
122 310
122 187
123 257
123 166
123 198
123 327
123 263
123 176
123 273
123 238
123 246
123 186
123 197
124 224
124 257
124 169
124 266
124 209
124 313
124 154
124 184
124 220
124 222
125 224
125 353
125 297
125 203
125 210
125 207
125 178
125 159
126 229
126 195
126 263
126 296
126 171
126 333
126 150
126 163
126 317
127 359
127 299
127 144
127 336
127 245
127 217
127 346
127 158
128 352
128 292
128 261
128 138
128 203
128 269
128 277
128 285
128 197
129 278
129 293
129 200
129 172
129 276
129 310
129 316
129 221
130 299
130 231
130 139
130 270
130 317
130 181
130 342
130 152
130 217
130 282
131 288
131 144
131 267
131 161
131 234
131 174
131 304
131 275
131 212
131 183
131 350
132 229
132 167
132 140
132 302
132 143
132 332
132 184
132 313
132 218
133 193
133 322
133 205
133 207
133 145
133 308
133 151
134 160
134 353
134 162
134 235
134 272
134 150
134 311
134 189
135 192
135 226
135 326
135 327
135 203
135 271
135 147
135 213
135 158
136 293
136 301
136 302
136 276
136 309
136 340
136 348
136 298
136 213
137 192
137 353
137 322
137 211
137 237
137 147
137 213
137 223
138 290
138 201
138 258
138 203
138 333
138 271
138 340
138 315
138 221
139 320
139 164
139 231
139 300
139 221
139 190
139 175
139 282
140 199
140 169
140 301
140 243
140 279
140 248
140 155
140 319
141 227
141 294
141 242
141 207
141 305
141 178
141 243
141 342
141 215
141 292
141 287
142 353
142 301
142 272
142 274
142 147
142 309
142 183
142 249
142 281
143 256
143 243
143 264
143 205
143 336
143 178
143 211
143 244
143 255
144 274
144 338
144 205
144 271
144 242
144 307
144 245
144 279
144 252
144 222
145 352
145 321
145 193
145 327
145 296
145 265
145 250
146 256
146 328
146 147
146 245
146 183
146 185
146 251
146 318
147 321
147 306
147 271
147 241
147 339
147 303
147 250
148 321
148 262
148 150
148 294
148 193
148 265
148 236
148 353
148 177
148 182
148 186
148 191
149 352
149 257
149 227
149 197
149 195
149 302
149 175
149 317
149 318
150 230
150 189
150 208
150 307
151 354
151 356
151 230
151 297
151 331
151 204
151 152
151 182
151 222
151 351
152 359
152 164
152 239
152 180
152 245
152 153
152 260
153 290
153 323
153 268
153 340
153 283
153 186
154 258
154 247
154 211
154 309
154 215
154 280
154 271
154 349
155 331
155 356
155 326
155 235
155 239
155 311
155 312
155 159
156 160
156 325
156 294
156 169
156 234
156 279
156 269
156 208
156 179
156 183
156 281
157 165
157 235
157 319
157 180
157 342
157 247
157 350
157 222
157 223
158 233
158 202
158 191
158 211
158 215
158 344
158 248
158 287
159 232
159 329
159 170
159 300
159 333
159 274
159 339
159 180
159 181
159 184
159 244
160 161
160 261
160 177
160 334
160 337
160 206
161 226
161 292
161 200
161 301
161 270
161 253
161 176
161 317
161 350
162 176
162 298
162 299
162 240
162 344
162 212
163 164
163 167
163 205
163 242
163 217
163 344
163 346
163 190
163 255
164 263
164 354
164 295
164 327
164 335
164 259
164 346
165 324
165 234
165 299
165 303
165 240
165 338
165 213
165 246
165 314
165 207
166 355
166 243
166 296
166 302
166 240
167 256
167 225
167 177
167 274
167 306
167 342
167 285
167 191
168 196
168 325
168 223
168 310
168 187
168 346
168 315
169 193
169 322
169 291
169 297
169 209
169 276
169 251
169 229
170 193
170 210
170 268
170 267
170 204
170 208
170 178
170 275
170 308
170 332
170 221
171 257
171 350
171 214
171 185
171 312
171 196
171 282
171 255
172 260
172 262
172 256
172 178
172 247
172 317
172 351
173 347
173 197
173 198
173 205
173 206
173 305
173 219
174 226
174 196
174 294
174 295
174 297
174 199
174 211
174 310
174 216
174 282
174 221
175 320
175 292
175 291
175 312
175 243
175 276
175 279
175 184
175 249
176 333
176 321
176 212
176 314
176 252
177 354
177 264
177 271
177 312
177 306
177 243
177 246
178 198
178 294
178 297
178 333
178 272
178 236
178 358
178 251
179 354
179 355
179 331
179 336
179 213
179 314
179 349
180 294
180 241
180 351
180 269
180 187
180 188
181 294
181 199
181 232
181 273
181 307
181 214
182 354
182 270
182 304
182 273
182 345
182 253
183 322
183 356
183 328
183 339
183 355
183 300
183 291
183 313
184 289
184 199
184 241
184 339
184 334
185 260
185 208
185 210
185 356
185 219
185 222
185 287
186 262
186 204
186 240
186 356
186 220
187 200
187 240
187 196
187 191
188 197
188 359
188 273
188 291
188 191
189 195
189 356
189 321
189 232
189 234
189 335
189 209
189 210
190 237
190 311
190 195
190 247
190 312
190 250
190 219
190 348
190 218
191 196
191 244
191 329
191 242
191 310
191 260
191 223
192 352
192 323
192 263
192 200
192 334
192 303
192 212
192 347
192 348
192 213
193 289
193 323
193 198
193 245
194 199
194 360
194 238
194 336
194 270
194 284
195 353
195 299
195 334
196 290
196 251
196 354
196 336
196 245
196 282
197 200
197 279
197 280
197 346
197 219
197 252
198 300
198 271
198 232
198 275
199 288
199 257
199 204
199 210
199 277
200 265
200 237
200 337
200 213
200 311
200 350
201 290
201 226
201 301
201 360
201 338
201 339
201 311
201 248
202 256
202 337
202 301
202 268
202 305
202 227
202 309
203 290
203 214
203 269
203 270
203 210
203 216
204 225
204 357
204 232
204 216
204 218
205 235
205 271
205 313
205 283
206 329
206 268
206 302
206 305
206 342
206 217
206 218
206 251
206 286
207 256
207 230
207 257
207 233
207 310
207 343
207 312
208 295
208 232
208 335
208 275
209 225
209 259
209 235
209 337
209 214
209 348
209 249
209 285
210 316
210 284
211 225
211 294
211 234
211 347
212 307
212 340
212 341
213 337
213 281
213 251
214 258
214 273
214 237
214 303
214 272
214 241
214 250
214 254
214 351
215 232
215 266
215 349
215 274
215 234
215 298
215 222
215 255
216 359
216 307
216 313
216 282
217 325
217 328
217 247
217 251
217 222
218 353
218 325
218 230
218 267
218 337
218 338
218 238
218 283
219 353
219 291
219 358
219 309
219 247
219 303
220 230
220 360
220 332
220 239
220 306
220 285
220 357
221 227
221 261
221 230
221 338
221 302
221 278
222 357
222 330
222 266
223 292
223 277
223 281
223 341
224 354
224 259
224 326
224 306
224 318
224 347
224 284
224 350
224 319
225 355
225 259
225 266
225 309
226 358
226 277
226 342
226 248
226 249
226 250
226 303
226 253
227 322
227 360
227 235
227 237
227 283
228 348
228 259
228 310
228 345
228 252
228 317
228 286
229 354
229 291
229 270
229 280
229 283
230 352
230 243
230 302
230 318
231 289
231 262
231 327
231 265
231 330
231 304
231 276
231 286
232 304
232 300
232 285
233 325
233 305
233 278
233 280
233 282
234 288
234 263
234 316
234 266
234 279
234 333
234 305
235 305
235 329
235 331
235 269
235 283
235 254
236 257
236 290
236 291
236 322
236 281
236 316
237 337
237 359
237 253
238 293
238 358
238 332
238 335
238 244
238 284
239 357
239 264
239 329
239 315
239 253
241 290
241 328
241 259
241 344
241 306
241 308
241 313
242 295
242 270
242 277
242 315
242 348
243 322
243 262
243 326
243 337
243 335
243 247
244 320
244 273
244 284
245 320
245 322
245 246
245 315
246 285
246 341
247 271
247 338
247 340
248 352
248 259
248 261
248 289
248 355
248 339
249 295
249 265
249 330
249 349
249 286
250 353
250 310
250 325
250 349
251 256
251 307
251 276
252 320
252 289
252 277
252 267
252 255
253 336
253 278
253 330
253 339
253 319
254 323
254 262
254 264
254 329
254 271
255 324
255 359
255 304
255 273
255 338
256 289
256 332
256 348
257 297
257 317
257 272
257 311
258 321
258 262
258 296
258 300
258 267
258 269
259 298
259 359
259 289
260 296
260 304
260 271
260 339
260 343
260 347
261 359
261 264
261 329
261 266
261 335
261 310
262 273
262 278
262 345
262 347
263 267
263 281
263 319
263 287
264 300
264 312
264 351
265 323
265 348
265 316
265 350
266 357
266 306
266 282
267 327
267 272
267 337
268 356
268 332
268 276
268 325
269 324
269 360
269 271
269 276
270 306
270 302
270 309
270 348
274 321
274 296
274 278
275 358
275 327
275 338
275 310
275 343
275 315
276 292
276 331
277 329
277 298
277 341
278 327
278 338
278 355
279 304
279 325
279 307
280 288
280 360
280 300
280 345
280 303
281 355
281 360
281 334
281 341
282 297
282 330
282 300
283 354
283 326
284 352
284 335
284 345
285 297
285 303
285 318
286 295
286 303
286 347
288 324
288 325
288 297
288 331
288 301
288 303
288 336
288 346
288 347
289 299
289 296
290 345
290 298
291 356
291 302
291 337
291 324
292 320
292 293
292 359
292 300
295 304
295 337
295 340
295 341
295 347
296 322
296 318
296 350
296 351
297 342
298 355
298 344
298 315
298 314
299 302
299 314
300 344
301 327
301 328
301 314
301 349
301 319
302 347
303 311
304 335
304 305
306 324
306 311
307 338
308 311
308 343
308 346
308 315
309 357
309 339
309 334
309 330
311 318
312 360
312 329
312 339
313 320
313 353
313 334
314 329
315 352
315 325
316 359
316 343
318 322
318 323
320 330
323 334
324 359
328 334
328 342
328 349
328 351
329 342
329 343
329 348
330 343
331 334
331 336
331 341
332 339
332 346
333 359
333 335
334 351
335 357
336 350
338 346
340 355
340 346
341 354
342 360
342 348
343 355
344 349
345 360
349 352
350 353
350 351
353 354
0 361
0 362
0 363
1 364
1 365
1 366
2 367
2 368
2 369
3 370
3 371
3 372
4 373
4 374
4 375
5 376
5 377
5 378
6 379
6 380
6 381
7 382
7 383
7 384
8 385
8 386
8 387
9 388
9 389
9 390
10 391
10 392
10 393
11 394
11 395
11 396
12 397
12 398
12 399
13 400
13 401
13 402
14 403
14 404
14 405
15 406
15 407
15 408
16 409
16 410
16 411
17 412
17 413
17 414
18 415
18 416
18 417
19 418
19 419
19 420
20 421
20 422
20 423
21 424
21 425
21 426
22 427
22 428
22 429
23 430
23 431
23 432
24 433
24 434
24 435
25 436
25 437
25 438
26 439
26 440
26 441
27 442
27 443
27 444
28 445
28 446
28 447
29 448
29 449
29 450
30 451
30 452
30 453
31 454
31 455
31 456
32 457
32 458
32 459
33 460
33 461
33 462
34 463
34 464
34 465
35 466
35 467
35 468
36 469
36 470
36 471
37 472
37 473
37 474
38 475
38 476
38 477
39 478
39 479
39 480
40 481
40 482
40 483
41 484
41 485
41 486
42 487
42 488
42 489
43 490
43 491
43 492
44 493
44 494
44 495
45 496
45 497
45 498
46 499
46 500
46 501
47 502
47 503
47 504
48 505
48 506
48 507
49 508
49 509
49 510
50 511
50 512
50 513
51 514
51 515
51 516
52 517
52 518
52 519
53 520
53 521
53 522
54 523
54 524
54 525
55 526
55 527
55 528
56 529
56 530
56 531
57 532
57 533
57 534
58 535
58 536
58 537
59 538
59 539
59 540
60 541
60 542
60 543
61 544
61 545
61 546
62 547
62 548
62 549
63 550
63 551
63 552
64 553
64 554
64 555
65 556
65 557
65 558
66 559
66 560
66 561
67 562
67 563
67 564
68 565
68 566
68 567
69 568
69 569
69 570
70 571
70 572
70 573
71 574
71 575
71 576
72 577
72 578
72 579
73 580
73 581
73 582
74 583
74 584
74 585
75 586
75 587
75 588
76 589
76 590
76 591
77 592
77 593
77 594
78 595
78 596
78 597
79 598
79 599
79 600
80 601
80 602
80 603
81 604
81 605
81 606
82 607
82 608
82 609
83 610
83 611
83 612
84 613
84 614
84 615
85 616
85 617
85 618
86 619
86 620
86 621
87 622
87 623
87 624
88 625
88 626
88 627
89 628
89 629
89 630
90 631
90 632
90 633
91 634
91 635
91 636
92 637
92 638
92 639
93 640
93 641
93 642
94 643
94 644
94 645
95 646
95 647
95 648
96 649
96 650
96 651
97 652
97 653
97 654
98 655
98 656
98 657
99 658
99 659
99 660
100 661
100 662
100 663
101 664
101 665
101 666
102 667
102 668
102 669
103 670
103 671
103 672
104 673
104 674
104 675
105 676
105 677
105 678
106 679
106 680
106 681
107 682
107 683
107 684
108 685
108 686
108 687
109 688
109 689
109 690
110 691
110 692
110 693
111 694
111 695
111 696
112 697
112 698
112 699
113 700
113 701
113 702
114 703
114 704
114 705
115 706
115 707
115 708
116 709
116 710
116 711
117 712
117 713
117 714
118 715
118 716
118 717
119 718
119 719
119 720
120 721
120 722
120 723
121 724
121 725
121 726
122 727
122 728
122 729
123 730
123 731
123 732
124 733
124 734
124 735
125 736
125 737
125 738
126 739
126 740
126 741
127 742
127 743
127 744
128 745
128 746
128 747
129 748
129 749
129 750
130 751
130 752
130 753
131 754
131 755
131 756
132 757
132 758
132 759
133 760
133 761
133 762
134 763
134 764
134 765
135 766
135 767
135 768
136 769
136 770
136 771
137 772
137 773
137 774
138 775
138 776
138 777
139 778
139 779
139 780
140 781
140 782
140 783
141 784
141 785
141 786
142 787
142 788
142 789
143 790
143 791
143 792
144 793
144 794
144 795
145 796
145 797
145 798
146 799
146 800
146 801
147 802
147 803
147 804
148 805
148 806
148 807
149 808
149 809
149 810
150 811
150 812
150 813
151 814
151 815
151 816
152 817
152 818
152 819
153 820
153 821
153 822
154 823
154 824
154 825
155 826
155 827
155 828
156 829
156 830
156 831
157 832
157 833
157 834
158 835
158 836
158 837
159 838
159 839
159 840
160 841
160 842
160 843
161 844
161 845
161 846
162 847
162 848
162 849
163 850
163 851
163 852
164 853
164 854
164 855
165 856
165 857
165 858
166 859
166 860
166 861
167 862
167 863
167 864
168 865
168 866
168 867
169 868
169 869
169 870
170 871
170 872
170 873
171 874
171 875
171 876
172 877
172 878
172 879
173 880
173 881
173 882
174 883
174 884
174 885
175 886
175 887
175 888
176 889
176 890
176 891
177 892
177 893
177 894
178 895
178 896
178 897
179 898
179 899
179 900
180 901
180 902
180 903
181 904
181 905
181 906
182 907
182 908
182 909
183 910
183 911
183 912
184 913
184 914
184 915
185 916
185 917
185 918
186 919
186 920
186 921
187 922
187 923
187 924
188 925
188 926
188 927
189 928
189 929
189 930
190 931
190 932
190 933
191 934
191 935
191 936
192 937
192 938
192 939
193 940
193 941
193 942
194 943
194 944
194 945
195 946
195 947
195 948
196 949
196 950
196 951
197 952
197 953
197 954
198 955
198 956
198 957
199 958
199 959
199 960
200 961
200 962
200 963
201 964
201 965
201 966
202 967
202 968
202 969
203 970
203 971
203 972
204 973
204 974
204 975
205 976
205 977
205 978
206 979
206 980
206 981
207 982
207 983
207 984
208 985
208 986
208 987
209 988
209 989
209 990
210 991
210 992
210 993
211 994
211 995
211 996
212 997
212 998
212 999
213 1000
213 1001
213 1002
214 1003
214 1004
214 1005
215 1006
215 1007
215 1008
216 1009
216 1010
216 1011
217 1012
217 1013
217 1014
218 1015
218 1016
218 1017
219 1018
219 1019
219 1020
220 1021
220 1022
220 1023
221 1024
221 1025
221 1026
222 1027
222 1028
222 1029
223 1030
223 1031
223 1032
224 1033
224 1034
224 1035
225 1036
225 1037
225 1038
226 1039
226 1040
226 1041
227 1042
227 1043
227 1044
228 1045
228 1046
228 1047
229 1048
229 1049
229 1050
230 1051
230 1052
230 1053
231 1054
231 1055
231 1056
232 1057
232 1058
232 1059
233 1060
233 1061
233 1062
234 1063
234 1064
234 1065
235 1066
235 1067
235 1068
236 1069
236 1070
236 1071
237 1072
237 1073
237 1074
238 1075
238 1076
238 1077
239 1078
239 1079
239 1080
240 1081
240 1082
240 1083
241 1084
241 1085
241 1086
242 1087
242 1088
242 1089
243 1090
243 1091
243 1092
244 1093
244 1094
244 1095
245 1096
245 1097
245 1098
246 1099
246 1100
246 1101
247 1102
247 1103
247 1104
248 1105
248 1106
248 1107
249 1108
249 1109
249 1110
250 1111
250 1112
250 1113
251 1114
251 1115
251 1116
252 1117
252 1118
252 1119
253 1120
253 1121
253 1122
254 1123
254 1124
254 1125
255 1126
255 1127
255 1128
256 1129
256 1130
256 1131
257 1132
257 1133
257 1134
258 1135
258 1136
258 1137
259 1138
259 1139
259 1140
260 1141
260 1142
260 1143
261 1144
261 1145
261 1146
262 1147
262 1148
262 1149
263 1150
263 1151
263 1152
264 1153
264 1154
264 1155
265 1156
265 1157
265 1158
266 1159
266 1160
266 1161
267 1162
267 1163
267 1164
268 1165
268 1166
268 1167
269 1168
269 1169
269 1170
270 1171
270 1172
270 1173
271 1174
271 1175
271 1176
272 1177
272 1178
272 1179
273 1180
273 1181
273 1182
274 1183
274 1184
274 1185
275 1186
275 1187
275 1188
276 1189
276 1190
276 1191
277 1192
277 1193
277 1194
278 1195
278 1196
278 1197
279 1198
279 1199
279 1200
280 1201
280 1202
280 1203
281 1204
281 1205
281 1206
282 1207
282 1208
282 1209
283 1210
283 1211
283 1212
284 1213
284 1214
284 1215
285 1216
285 1217
285 1218
286 1219
286 1220
286 1221
287 1222
287 1223
287 1224
288 1225
288 1226
288 1227
289 1228
289 1229
289 1230
290 1231
290 1232
290 1233
291 1234
291 1235
291 1236
292 1237
292 1238
292 1239
293 1240
293 1241
293 1242
294 1243
294 1244
294 1245
295 1246
295 1247
295 1248
296 1249
296 1250
296 1251
297 1252
297 1253
297 1254
298 1255
298 1256
298 1257
299 1258
299 1259
299 1260
300 1261
300 1262
300 1263
301 1264
301 1265
301 1266
302 1267
302 1268
302 1269
303 1270
303 1271
303 1272
304 1273
304 1274
304 1275
305 1276
305 1277
305 1278
306 1279
306 1280
306 1281
307 1282
307 1283
307 1284
308 1285
308 1286
308 1287
309 1288
309 1289
309 1290
310 1291
310 1292
310 1293
311 1294
311 1295
311 1296
312 1297
312 1298
312 1299
313 1300
313 1301
313 1302
314 1303
314 1304
314 1305
315 1306
315 1307
315 1308
316 1309
316 1310
316 1311
317 1312
317 1313
317 1314
318 1315
318 1316
318 1317
319 1318
319 1319
319 1320
320 1321
320 1322
320 1323
321 1324
321 1325
321 1326
322 1327
322 1328
322 1329
323 1330
323 1331
323 1332
324 1333
324 1334
324 1335
325 1336
325 1337
325 1338
326 1339
326 1340
326 1341
327 1342
327 1343
327 1344
328 1345
328 1346
328 1347
329 1348
329 1349
329 1350
330 1351
330 1352
330 1353
331 1354
331 1355
331 1356
332 1357
332 1358
332 1359
333 1360
333 1361
333 1362
334 1363
334 1364
334 1365
335 1366
335 1367
335 1368
336 1369
336 1370
336 1371
337 1372
337 1373
337 1374
338 1375
338 1376
338 1377
339 1378
339 1379
339 1380
340 1381
340 1382
340 1383
341 1384
341 1385
341 1386
342 1387
342 1388
342 1389
343 1390
343 1391
343 1392
344 1393
344 1394
344 1395
345 1396
345 1397
345 1398
346 1399
346 1400
346 1401
347 1402
347 1403
347 1404
348 1405
348 1406
348 1407
349 1408
349 1409
349 1410
350 1411
350 1412
350 1413
351 1414
351 1415
351 1416
352 1417
352 1418
352 1419
353 1420
353 1421
353 1422
354 1423
354 1424
354 1425
355 1426
355 1427
355 1428
356 1429
356 1430
356 1431
357 1432
357 1433
357 1434
358 1435
358 1436
358 1437
359 1438
359 1439
359 1440
360 1441
360 1442
360 1443
