0 66
0 275
0 197
0 211
0 55
0 312
0 135
0 412
0 493
0 415
1 232
1 114
1 5
1 7
1 8
1 426
1 27
1 101
1 178
1 367
2 385
2 251
2 340
2 261
2 449
2 268
2 444
2 348
2 94
2 351
3 256
3 480
3 103
3 218
3 119
3 154
3 487
3 381
3 158
3 143
4 271
4 33
4 475
4 436
4 430
4 422
4 308
4 463
4 158
4 111
5 144
5 339
5 357
5 181
5 231
5 184
5 412
5 478
5 399
6 10
6 387
6 420
6 183
6 429
6 250
6 39
6 493
6 446
6 15
7 326
7 150
7 358
7 25
7 218
7 267
7 252
7 378
7 62
8 96
8 36
8 166
8 391
8 249
8 138
8 495
8 297
8 319
9 21
9 22
9 215
9 424
9 389
9 135
9 12
9 221
9 348
9 447
10 128
10 176
10 178
10 147
10 438
10 390
10 379
10 466
10 397
11 266
11 433
11 251
11 452
11 455
11 103
11 170
11 391
11 29
11 478
12 273
12 242
12 307
12 436
12 361
12 40
12 377
12 362
12 387
13 480
13 483
13 358
13 150
13 375
13 152
13 91
13 364
13 317
13 467
14 370
14 291
14 309
14 422
14 487
14 424
14 346
14 219
14 26
14 126
15 33
15 132
15 238
15 119
15 88
15 100
15 298
15 187
15 366
16 497
16 258
16 475
16 149
16 39
16 408
16 139
16 159
16 493
16 207
17 385
17 319
17 306
17 59
17 22
17 177
17 267
17 378
17 367
17 47
18 275
18 197
18 38
18 231
18 92
18 469
18 75
18 333
18 93
18 493
19 356
19 22
19 215
19 136
19 100
19 474
19 236
19 61
19 478
19 285
20 48
20 141
20 175
20 379
20 296
20 58
20 431
20 60
20 429
20 319
21 178
21 499
21 276
21 181
21 23
21 267
21 298
21 155
21 202
22 162
22 228
22 437
22 182
22 54
22 234
22 283
23 498
23 484
23 485
23 487
23 360
23 423
23 31
23 108
23 461
24 66
24 165
24 118
24 327
24 124
24 107
24 396
24 205
24 206
24 157
25 240
25 337
25 116
25 176
25 63
25 490
25 411
25 202
25 383
26 449
26 228
26 437
26 152
26 95
26 171
26 156
26 365
26 317
27 385
27 321
27 36
27 453
27 348
27 316
27 273
27 398
27 447
28 489
28 484
28 149
28 262
28 359
28 228
28 138
28 443
28 332
28 159
29 488
29 371
29 74
29 69
29 102
29 88
29 122
29 403
29 410
30 224
30 242
30 323
30 292
30 393
30 120
30 329
30 146
30 270
30 77
31 176
31 145
31 211
31 470
31 342
31 57
31 155
31 428
31 94
32 320
32 187
32 405
32 455
32 76
32 122
32 363
32 476
32 301
32 382
33 482
33 52
33 231
33 377
33 381
33 327
33 253
33 366
34 152
34 435
34 254
34 54
34 451
34 376
34 439
34 139
34 238
34 111
35 163
35 161
35 274
35 323
35 406
35 390
35 74
35 211
35 381
35 255
36 347
36 261
36 334
36 414
36 323
36 92
36 494
36 399
37 451
37 389
37 310
37 440
37 202
37 223
37 140
37 285
37 318
37 190
38 65
38 387
38 131
38 117
38 185
38 490
38 461
38 334
38 109
39 465
39 371
39 422
39 472
39 412
39 108
39 208
39 494
40 48
40 98
40 105
40 101
40 73
40 392
40 393
40 43
40 431
41 112
41 320
41 290
41 260
41 106
41 324
41 137
41 330
41 434
41 53
42 368
42 81
42 146
42 150
42 472
42 137
42 250
42 492
42 62
42 143
43 161
43 49
43 413
43 74
43 331
43 188
43 333
43 119
43 111
44 496
44 279
44 275
44 293
44 137
44 315
44 339
44 171
44 493
44 345
45 305
45 130
45 67
45 163
45 102
45 441
45 394
45 251
45 173
45 191
46 304
46 273
46 338
46 414
46 225
46 488
46 140
46 172
46 289
46 318
47 322
47 74
47 277
47 353
47 332
47 393
47 266
47 348
47 221
48 240
48 368
48 259
48 164
48 247
48 427
48 395
48 303
49 336
49 59
49 370
49 452
49 408
49 315
49 266
49 107
49 110
50 384
50 129
50 205
50 373
50 70
50 487
50 341
50 477
50 398
50 269
51 96
51 129
51 338
51 144
51 127
51 122
51 271
51 140
51 461
51 255
52 194
52 67
52 229
52 486
52 447
52 427
52 172
52 462
52 479
53 96
53 305
53 75
53 325
53 280
53 266
53 415
53 140
53 69
54 97
54 419
54 294
54 361
54 300
54 316
54 370
54 61
55 177
55 482
55 67
55 196
55 464
55 407
55 436
55 426
55 301
56 97
56 359
56 436
56 183
56 252
56 442
56 91
56 396
56 364
56 159
57 288
57 84
57 164
57 293
57 70
57 481
57 249
57 201
57 475
58 289
58 132
58 118
58 214
58 409
58 393
58 399
58 102
58 166
59 210
59 483
59 245
59 294
59 296
59 473
59 477
59 207
60 363
60 329
60 275
60 260
60 218
60 283
60 268
60 286
60 319
61 481
61 305
61 88
61 284
61 282
61 91
61 492
61 200
62 272
62 346
62 235
62 311
62 184
62 281
62 298
62 476
63 274
63 395
63 372
63 74
63 426
63 148
63 124
63 413
63 127
64 272
64 238
64 434
64 69
64 343
64 137
64 330
64 365
64 77
64 197
65 467
65 235
65 71
65 314
65 219
65 284
65 247
65 142
65 175
66 303
66 194
66 348
66 426
66 171
66 216
66 206
66 271
67 245
67 104
67 490
67 367
67 460
67 334
67 159
68 336
68 81
68 114
68 117
68 182
68 218
68 96
68 474
68 428
68 461
69 418
69 277
69 453
69 326
69 439
69 153
69 437
70 480
70 227
70 485
70 86
70 438
70 248
70 473
70 134
71 368
71 131
71 309
71 241
71 281
71 442
71 107
71 282
71 110
72 344
72 451
72 278
72 186
72 456
72 314
72 107
72 218
72 286
72 415
73 417
73 370
73 355
73 148
73 407
73 460
73 300
73 238
73 239
74 339
74 148
74 410
74 269
74 413
75 225
75 402
75 324
75 359
75 364
75 362
75 476
75 287
76 369
76 258
76 371
76 390
76 486
76 392
76 281
76 170
76 453
77 112
77 488
77 324
77 374
77 167
77 248
77 151
77 252
78 80
78 193
78 290
78 420
78 405
78 486
78 279
78 427
78 253
78 79
79 352
79 225
79 483
79 262
79 105
79 264
79 233
79 238
79 344
80 403
80 276
80 350
80 440
80 324
80 92
80 221
80 126
80 397
81 464
81 498
81 452
81 85
81 120
81 459
81 338
81 350
82 418
82 229
82 132
82 405
82 170
82 491
82 426
82 493
82 142
82 223
83 400
83 113
83 162
83 486
83 296
83 425
83 106
83 194
83 218
83 239
84 448
84 152
84 147
84 437
84 390
84 280
84 93
84 270
84 328
85 488
85 418
85 399
85 276
85 312
85 104
85 90
85 459
85 247
86 304
86 224
86 339
86 405
86 385
86 376
86 364
86 174
86 238
87 113
87 483
87 276
87 165
87 380
87 265
87 196
87 476
87 253
87 270
88 258
88 285
88 293
88 214
88 423
88 248
88 457
89 160
89 337
89 384
89 388
89 246
89 134
89 158
89 489
89 391
89 414
90 425
90 212
90 165
90 182
90 439
90 329
90 427
90 382
90 149
91 189
91 213
91 454
91 199
91 297
91 458
91 430
92 401
92 212
92 361
92 388
92 314
92 491
92 478
93 177
93 132
93 165
93 374
93 169
93 282
93 397
93 319
94 240
94 385
94 315
94 373
94 481
94 204
94 206
94 127
95 192
95 406
95 425
95 360
95 313
95 428
95 285
95 494
95 415
96 208
96 483
96 133
96 356
96 412
96 256
97 344
97 146
97 246
97 385
97 428
97 315
97 156
97 126
98 240
98 161
98 114
98 315
98 433
98 442
98 219
98 189
98 351
99 165
99 282
99 147
99 398
99 326
99 264
99 138
99 298
99 286
99 415
100 164
100 174
100 439
100 184
100 355
100 124
100 157
100 318
101 344
101 145
101 243
101 484
101 133
101 128
101 321
101 223
102 469
102 454
102 264
102 298
102 187
102 491
102 237
103 496
103 343
103 422
103 135
103 383
103 123
103 353
103 287
104 163
104 275
104 310
104 199
104 492
104 202
104 124
104 365
105 144
105 194
105 382
105 407
105 367
105 349
105 398
105 477
106 160
106 209
106 466
106 227
106 471
106 231
106 450
106 459
107 457
107 214
107 305
107 409
107 327
107 479
108 263
108 273
108 306
108 436
108 350
108 377
108 174
108 149
109 458
109 337
109 291
109 358
109 353
109 184
109 170
109 444
109 237
110 416
110 210
110 213
110 214
110 441
110 298
110 289
110 157
111 401
111 166
111 130
111 417
111 380
111 178
111 318
112 209
112 226
112 371
112 302
112 193
112 172
112 177
112 463
113 161
113 357
113 425
113 330
113 199
113 316
113 317
113 287
114 176
114 310
114 358
114 220
114 442
114 140
114 175
115 369
115 130
115 179
115 270
115 390
115 465
115 250
115 279
115 202
115 394
116 432
116 401
116 179
116 420
116 342
116 343
116 490
116 331
116 429
117 220
117 390
117 444
117 122
117 363
117 156
117 333
117 478
118 336
118 129
118 471
118 152
118 265
118 143
118 345
118 159
119 276
119 133
119 342
119 247
119 380
119 268
119 492
120 162
120 403
120 357
120 401
120 169
120 186
120 354
120 221
121 224
121 433
121 378
121 266
121 420
121 154
121 488
121 442
121 189
121 398
122 176
122 277
122 152
122 233
122 458
122 495
123 273
123 355
123 170
123 139
123 449
123 490
123 443
123 237
123 221
124 336
124 481
124 391
124 284
124 142
124 303
125 273
125 402
125 275
125 423
125 360
125 201
125 347
125 173
125 174
125 141
126 226
126 320
126 183
126 361
126 236
126 413
126 191
127 146
127 212
127 263
127 312
127 155
127 428
127 402
128 432
128 388
128 180
128 183
128 172
128 396
128 365
128 483
129 181
129 150
129 231
129 297
129 442
129 317
129 143
130 497
130 338
130 206
130 454
130 274
130 270
130 239
131 464
131 192
131 274
131 276
131 421
131 484
131 263
131 239
132 209
132 196
132 441
132 221
132 207
132 383
133 392
133 230
133 168
133 330
133 412
133 256
133 239
134 338
134 419
134 149
134 198
134 362
134 427
134 205
134 303
135 448
135 353
135 194
135 437
135 458
135 333
135 382
136 192
136 305
136 384
136 355
136 294
136 295
136 456
136 173
136 288
137 433
137 262
137 473
137 456
137 476
137 216
138 452
138 345
138 168
138 489
138 327
138 492
138 435
139 240
139 180
139 341
139 475
139 344
139 331
139 398
140 187
140 337
140 154
140 446
140 351
141 292
141 230
141 470
141 232
141 460
141 202
141 188
141 174
142 176
142 289
142 203
142 201
142 457
142 314
142 391
143 146
143 148
143 469
143 292
143 265
143 485
144 368
144 371
144 392
144 155
144 460
144 205
144 269
145 355
145 404
145 195
145 311
145 259
145 316
145 430
145 191
146 415
146 292
146 297
146 378
146 351
147 416
147 179
147 294
147 243
147 424
147 203
147 396
148 180
148 323
148 484
148 181
148 390
148 443
149 243
149 169
149 395
149 170
149 239
150 352
150 289
150 276
150 250
150 434
150 191
151 272
151 322
151 483
151 293
151 361
151 315
151 204
151 445
151 431
152 280
152 455
152 472
152 299
153 322
153 323
153 430
153 374
153 379
153 362
153 411
153 387
153 350
154 400
154 388
154 181
154 217
154 404
154 363
154 261
155 212
155 183
155 488
155 309
155 455
155 412
156 160
156 372
156 182
156 264
156 260
156 315
156 396
157 304
157 417
157 467
157 486
157 347
157 463
157 344
158 256
158 369
158 296
158 468
158 327
158 172
158 427
159 162
159 310
159 200
159 411
159 335
160 448
160 209
160 392
160 195
160 328
160 460
160 414
161 224
161 360
161 213
161 168
161 217
161 330
162 402
162 421
162 226
162 491
162 370
162 275
163 208
163 296
163 356
163 374
163 218
163 251
163 365
164 307
164 421
164 195
164 377
164 295
164 435
164 301
165 287
165 477
165 453
165 410
165 283
166 192
166 289
166 324
166 311
166 332
166 479
166 476
167 496
167 313
167 213
167 487
167 297
167 299
167 445
167 478
167 431
168 370
168 308
168 265
168 319
168 333
168 334
168 421
169 434
169 468
169 230
169 457
169 490
169 411
169 366
170 226
170 390
170 407
170 278
171 320
171 176
171 259
171 197
171 214
171 279
171 233
172 480
172 215
172 328
172 299
172 316
173 290
173 497
173 247
173 471
173 396
173 318
173 495
174 193
174 417
174 388
174 437
174 487
175 288
175 418
175 499
175 309
175 257
175 440
175 463
176 272
176 273
176 425
177 383
177 249
177 331
177 188
177 190
177 369
178 301
178 440
178 425
178 255
178 220
178 490
179 368
179 437
179 406
179 343
179 377
179 446
179 223
180 254
180 196
180 318
180 265
180 313
180 366
180 255
181 198
181 375
181 427
181 269
181 367
182 435
182 232
182 345
182 395
182 445
182 436
183 304
183 292
183 442
183 350
183 223
184 320
184 353
184 328
184 244
184 474
184 492
185 208
185 401
185 310
185 420
185 374
185 278
185 481
185 216
185 218
186 418
186 467
186 472
186 230
186 473
186 235
186 207
186 335
187 465
187 322
187 292
187 248
187 319
187 252
188 208
188 194
188 211
188 484
188 248
188 233
188 283
189 193
189 195
189 326
189 455
189 471
189 215
189 377
190 194
190 300
190 424
190 297
190 459
190 204
190 386
190 303
191 451
191 251
191 265
191 217
191 299
191 285
192 400
192 353
192 498
192 339
192 405
192 267
193 417
193 270
193 227
193 409
193 351
193 333
194 375
194 195
194 220
195 441
195 342
195 439
195 345
195 354
196 375
196 288
196 386
196 389
196 244
196 254
197 334
197 341
197 470
197 361
197 460
197 462
198 262
198 310
198 324
198 236
198 426
198 252
198 285
198 350
199 481
199 387
199 404
199 465
199 375
199 492
199 223
200 400
200 326
200 406
200 343
200 457
200 469
200 349
200 303
201 358
201 484
201 222
201 406
201 313
201 228
201 399
202 384
202 298
202 203
202 494
203 257
203 356
203 261
203 249
203 376
203 457
203 225
204 369
204 323
204 489
204 241
204 364
204 381
204 367
205 480
205 422
205 215
205 224
205 221
205 223
206 307
206 228
206 446
206 312
206 361
206 283
207 210
207 291
207 341
207 312
207 386
207 479
208 443
208 436
208 471
208 445
208 413
209 211
209 423
209 427
209 461
209 238
209 477
210 216
210 482
210 408
210 472
210 377
210 334
210 335
211 257
211 265
211 250
211 459
211 281
212 272
212 353
212 285
212 439
212 490
212 414
213 321
213 276
213 229
213 310
213 324
213 453
214 414
214 263
214 377
214 461
214 277
215 240
215 246
215 359
215 472
215 332
216 357
216 489
216 266
216 445
216 254
216 239
217 336
217 339
217 324
217 341
217 329
217 237
217 462
218 328
218 479
219 320
219 376
219 440
219 340
219 344
219 408
219 349
220 224
220 337
220 322
220 438
220 491
220 239
221 499
221 355
221 222
222 368
222 243
222 308
222 325
222 409
222 300
222 238
222 421
223 306
223 346
223 236
224 260
224 329
224 393
224 366
225 465
225 335
225 307
225 358
225 487
225 419
226 241
226 498
226 230
226 455
226 396
226 317
227 306
227 325
227 456
227 489
227 283
227 476
227 234
228 401
228 286
228 270
228 279
228 495
229 366
229 470
229 438
229 298
229 269
229 350
229 437
230 480
230 326
230 426
230 284
230 234
231 259
231 244
231 406
231 449
231 363
232 242
232 403
232 310
232 441
232 265
232 315
232 300
233 432
233 282
233 311
233 281
233 394
233 398
234 321
234 411
234 458
234 347
234 429
234 398
234 369
235 451
235 372
235 470
235 305
235 363
235 269
235 478
236 245
236 273
236 485
236 373
236 397
236 301
237 321
237 339
237 343
237 456
237 417
237 365
238 464
238 383
239 260
239 332
240 499
240 277
240 456
240 378
241 261
241 356
241 325
241 393
241 362
241 316
241 463
242 248
242 258
242 420
242 405
242 344
242 340
242 418
243 289
243 403
243 248
243 476
243 364
243 367
244 400
244 369
244 258
244 260
244 407
244 330
244 253
245 257
245 354
245 420
245 276
245 263
245 473
245 382
246 385
246 482
246 403
246 498
246 379
246 301
246 356
247 352
247 450
247 259
247 294
247 332
248 464
248 306
248 350
249 288
249 376
249 314
249 411
249 253
249 463
250 419
250 292
250 293
250 476
250 319
251 352
251 257
251 450
251 358
251 364
252 496
252 338
252 371
252 452
252 261
253 384
253 290
253 343
253 472
253 459
254 440
254 290
254 387
254 313
254 363
254 271
255 432
255 386
255 404
255 438
255 454
255 462
256 449
256 274
256 261
256 441
256 267
256 463
257 410
257 346
257 365
257 270
257 301
258 432
258 416
258 331
258 444
258 429
259 274
259 339
259 378
259 364
259 351
260 384
260 498
260 479
260 415
261 394
261 302
261 495
262 345
262 297
262 412
262 316
262 461
262 414
263 480
263 386
263 345
263 409
263 347
264 491
264 340
264 310
264 423
264 363
264 446
265 307
265 445
266 353
266 366
266 427
266 382
267 352
267 467
267 294
267 475
267 311
268 433
268 499
268 404
268 469
268 425
268 369
268 351
269 337
269 468
269 439
269 413
270 401
270 326
271 376
271 291
271 299
271 316
271 466
271 319
272 306
272 403
272 441
272 490
272 302
273 334
273 294
274 417
274 436
274 454
274 287
275 482
275 308
275 358
276 464
277 433
277 400
277 403
277 345
277 281
278 432
278 465
278 418
278 371
278 417
278 360
278 458
279 354
279 355
279 442
279 475
279 382
280 402
280 467
280 342
280 407
280 365
280 446
280 317
281 336
281 342
281 311
281 389
282 337
282 308
282 423
282 303
282 459
283 424
283 393
283 453
283 316
284 370
284 371
284 468
284 307
284 379
284 494
285 422
285 423
285 446
286 360
286 309
286 408
286 313
286 460
286 494
287 448
287 288
287 343
287 300
287 370
288 358
288 471
288 398
288 399
289 308
289 393
289 299
290 402
290 499
290 341
290 331
290 347
291 432
291 352
291 468
291 469
291 393
291 445
292 334
292 325
292 327
293 402
293 373
293 486
293 331
293 335
294 308
294 461
294 311
295 304
295 449
295 306
295 497
295 388
295 359
295 297
295 447
296 446
296 409
296 458
296 346
296 382
297 455
297 330
298 430
298 347
299 400
299 421
299 380
299 302
300 360
300 375
300 367
300 382
301 444
301 349
301 431
302 499
302 453
302 437
302 474
302 410
302 430
303 422
303 412
303 463
304 448
304 420
304 408
304 359
304 318
305 482
305 322
305 345
305 410
306 364
306 397
306 447
307 388
307 424
307 313
307 378
308 386
308 312
308 489
309 331
309 485
309 473
309 475
309 477
310 333
311 498
311 425
311 424
312 417
312 422
312 376
312 356
313 373
313 389
313 420
314 322
314 340
314 361
314 362
314 317
315 360
315 398
316 415
317 409
317 380
317 430
318 418
318 453
318 414
319 424
320 402
320 374
320 474
320 450
321 337
321 391
321 379
321 492
321 389
322 372
322 454
322 362
323 467
323 360
323 444
323 365
324 468
324 456
325 448
325 388
325 326
325 471
325 343
326 346
326 411
327 336
327 480
327 461
327 495
328 352
328 400
328 403
328 469
328 413
329 352
329 404
329 439
329 473
329 375
330 465
330 496
330 491
331 386
331 333
332 434
332 494
332 440
332 399
333 497
333 367
334 346
334 364
335 342
335 439
335 392
335 473
335 407
336 359
336 353
336 479
337 498
337 443
338 450
338 468
338 341
338 397
339 394
339 445
340 384
340 356
340 453
340 406
340 351
341 497
341 347
341 354
342 480
342 497
342 462
343 443
344 374
344 430
345 449
346 387
346 388
346 423
347 482
347 429
348 384
348 452
348 412
348 493
348 462
349 498
349 450
349 459
349 389
349 466
349 366
350 352
350 469
351 469
351 354
352 435
353 422
354 433
354 488
354 458
354 394
355 416
355 404
355 380
356 407
356 475
357 383
357 466
357 443
357 437
357 361
357 495
358 483
359 401
359 419
359 374
360 440
361 375
362 498
362 433
362 445
363 472
363 403
365 456
366 438
366 479
367 378
368 416
368 452
368 457
368 493
369 465
369 446
370 408
370 411
371 409
371 456
372 416
372 438
372 463
372 435
372 379
372 429
373 451
373 374
373 439
373 408
373 477
374 467
375 485
375 383
376 383
376 435
376 431
377 395
377 462
378 496
378 418
379 381
379 428
379 474
380 497
380 487
380 491
380 462
381 480
381 465
381 388
381 424
381 493
382 399
383 416
383 466
384 423
384 394
385 422
385 394
385 395
386 473
386 472
386 429
387 482
387 444
387 475
389 432
389 404
389 438
390 481
390 402
391 405
391 477
391 494
391 453
392 448
392 482
392 419
392 396
393 483
394 421
394 444
395 448
395 430
395 462
395 469
396 435
396 405
397 470
397 486
397 471
397 455
399 488
399 468
400 477
400 478
401 449
401 415
402 495
404 481
404 415
405 423
405 458
406 457
406 484
406 470
407 464
407 409
408 486
408 492
409 487
410 432
410 417
410 441
410 426
411 450
411 434
412 494
413 496
413 420
413 447
414 450
414 489
416 464
416 424
416 442
418 441
419 438
419 428
419 461
419 421
421 489
421 466
425 429
425 479
426 431
426 478
427 452
428 496
428 485
428 456
429 492
430 436
431 449
431 499
431 451
432 448
433 496
433 478
434 435
434 485
434 444
434 474
435 474
436 460
438 472
440 497
440 451
441 448
442 476
443 496
443 465
443 454
444 451
445 494
446 467
447 464
447 457
447 474
447 495
449 466
450 482
450 467
451 484
452 487
452 493
454 470
454 455
454 488
455 499
457 495
458 484
459 486
459 473
460 466
460 474
462 489
463 471
464 485
466 497
468 499
468 491
470 488
470 490
471 485
475 479
477 483
481 486
481 491
0 500
0 501
0 502
0 503
0 504
0 505
0 506
0 507
0 508
0 509
1 510
1 511
1 512
1 513
1 514
1 515
1 516
1 517
1 518
1 519
2 520
2 521
2 522
2 523
2 524
2 525
2 526
2 527
2 528
2 529
3 530
3 531
3 532
3 533
3 534
3 535
3 536
3 537
3 538
3 539
4 540
4 541
4 542
4 543
4 544
4 545
4 546
4 547
4 548
4 549
5 550
5 551
5 552
5 553
5 554
5 555
5 556
5 557
5 558
5 559
6 560
6 561
6 562
6 563
6 564
6 565
6 566
6 567
6 568
6 569
7 570
7 571
7 572
7 573
7 574
7 575
7 576
7 577
7 578
7 579
8 580
8 581
8 582
8 583
8 584
8 585
8 586
8 587
8 588
8 589
9 590
9 591
9 592
9 593
9 594
9 595
9 596
9 597
9 598
9 599
10 600
10 601
10 602
10 603
10 604
10 605
10 606
10 607
10 608
10 609
11 610
11 611
11 612
11 613
11 614
11 615
11 616
11 617
11 618
11 619
12 620
12 621
12 622
12 623
12 624
12 625
12 626
12 627
12 628
12 629
13 630
13 631
13 632
13 633
13 634
13 635
13 636
13 637
13 638
13 639
14 640
14 641
14 642
14 643
14 644
14 645
14 646
14 647
14 648
14 649
15 650
15 651
15 652
15 653
15 654
15 655
15 656
15 657
15 658
15 659
16 660
16 661
16 662
16 663
16 664
16 665
16 666
16 667
16 668
16 669
17 670
17 671
17 672
17 673
17 674
17 675
17 676
17 677
17 678
17 679
18 680
18 681
18 682
18 683
18 684
18 685
18 686
18 687
18 688
18 689
19 690
19 691
19 692
19 693
19 694
19 695
19 696
19 697
19 698
19 699
20 700
20 701
20 702
20 703
20 704
20 705
20 706
20 707
20 708
20 709
21 710
21 711
21 712
21 713
21 714
21 715
21 716
21 717
21 718
21 719
22 720
22 721
22 722
22 723
22 724
22 725
22 726
22 727
22 728
22 729
23 730
23 731
23 732
23 733
23 734
23 735
23 736
23 737
23 738
23 739
24 740
24 741
24 742
24 743
24 744
24 745
24 746
24 747
24 748
24 749
25 750
25 751
25 752
25 753
25 754
25 755
25 756
25 757
25 758
25 759
26 760
26 761
26 762
26 763
26 764
26 765
26 766
26 767
26 768
26 769
27 770
27 771
27 772
27 773
27 774
27 775
27 776
27 777
27 778
27 779
28 780
28 781
28 782
28 783
28 784
28 785
28 786
28 787
28 788
28 789
29 790
29 791
29 792
29 793
29 794
29 795
29 796
29 797
29 798
29 799
30 800
30 801
30 802
30 803
30 804
30 805
30 806
30 807
30 808
30 809
31 810
31 811
31 812
31 813
31 814
31 815
31 816
31 817
31 818
31 819
32 820
32 821
32 822
32 823
32 824
32 825
32 826
32 827
32 828
32 829
33 830
33 831
33 832
33 833
33 834
33 835
33 836
33 837
33 838
33 839
34 840
34 841
34 842
34 843
34 844
34 845
34 846
34 847
34 848
34 849
35 850
35 851
35 852
35 853
35 854
35 855
35 856
35 857
35 858
35 859
36 860
36 861
36 862
36 863
36 864
36 865
36 866
36 867
36 868
36 869
37 870
37 871
37 872
37 873
37 874
37 875
37 876
37 877
37 878
37 879
38 880
38 881
38 882
38 883
38 884
38 885
38 886
38 887
38 888
38 889
39 890
39 891
39 892
39 893
39 894
39 895
39 896
39 897
39 898
39 899
40 900
40 901
40 902
40 903
40 904
40 905
40 906
40 907
40 908
40 909
41 910
41 911
41 912
41 913
41 914
41 915
41 916
41 917
41 918
41 919
42 920
42 921
42 922
42 923
42 924
42 925
42 926
42 927
42 928
42 929
43 930
43 931
43 932
43 933
43 934
43 935
43 936
43 937
43 938
43 939
44 940
44 941
44 942
44 943
44 944
44 945
44 946
44 947
44 948
44 949
45 950
45 951
45 952
45 953
45 954
45 955
45 956
45 957
45 958
45 959
46 960
46 961
46 962
46 963
46 964
46 965
46 966
46 967
46 968
46 969
47 970
47 971
47 972
47 973
47 974
47 975
47 976
47 977
47 978
47 979
48 980
48 981
48 982
48 983
48 984
48 985
48 986
48 987
48 988
48 989
49 990
49 991
49 992
49 993
49 994
49 995
49 996
49 997
49 998
49 999
50 1000
50 1001
50 1002
50 1003
50 1004
50 1005
50 1006
50 1007
50 1008
50 1009
51 1010
51 1011
51 1012
51 1013
51 1014
51 1015
51 1016
51 1017
51 1018
51 1019
52 1020
52 1021
52 1022
52 1023
52 1024
52 1025
52 1026
52 1027
52 1028
52 1029
53 1030
53 1031
53 1032
53 1033
53 1034
53 1035
53 1036
53 1037
53 1038
53 1039
54 1040
54 1041
54 1042
54 1043
54 1044
54 1045
54 1046
54 1047
54 1048
54 1049
55 1050
55 1051
55 1052
55 1053
55 1054
55 1055
55 1056
55 1057
55 1058
55 1059
56 1060
56 1061
56 1062
56 1063
56 1064
56 1065
56 1066
56 1067
56 1068
56 1069
57 1070
57 1071
57 1072
57 1073
57 1074
57 1075
57 1076
57 1077
57 1078
57 1079
58 1080
58 1081
58 1082
58 1083
58 1084
58 1085
58 1086
58 1087
58 1088
58 1089
59 1090
59 1091
59 1092
59 1093
59 1094
59 1095
59 1096
59 1097
59 1098
59 1099
60 1100
60 1101
60 1102
60 1103
60 1104
60 1105
60 1106
60 1107
60 1108
60 1109
61 1110
61 1111
61 1112
61 1113
61 1114
61 1115
61 1116
61 1117
61 1118
61 1119
62 1120
62 1121
62 1122
62 1123
62 1124
62 1125
62 1126
62 1127
62 1128
62 1129
63 1130
63 1131
63 1132
63 1133
63 1134
63 1135
63 1136
63 1137
63 1138
63 1139
64 1140
64 1141
64 1142
64 1143
64 1144
64 1145
64 1146
64 1147
64 1148
64 1149
65 1150
65 1151
65 1152
65 1153
65 1154
65 1155
65 1156
65 1157
65 1158
65 1159
66 1160
66 1161
66 1162
66 1163
66 1164
66 1165
66 1166
66 1167
66 1168
66 1169
67 1170
67 1171
67 1172
67 1173
67 1174
67 1175
67 1176
67 1177
67 1178
67 1179
68 1180
68 1181
68 1182
68 1183
68 1184
68 1185
68 1186
68 1187
68 1188
68 1189
69 1190
69 1191
69 1192
69 1193
69 1194
69 1195
69 1196
69 1197
69 1198
69 1199
70 1200
70 1201
70 1202
70 1203
70 1204
70 1205
70 1206
70 1207
70 1208
70 1209
71 1210
71 1211
71 1212
71 1213
71 1214
71 1215
71 1216
71 1217
71 1218
71 1219
72 1220
72 1221
72 1222
72 1223
72 1224
72 1225
72 1226
72 1227
72 1228
72 1229
73 1230
73 1231
73 1232
73 1233
73 1234
73 1235
73 1236
73 1237
73 1238
73 1239
74 1240
74 1241
74 1242
74 1243
74 1244
74 1245
74 1246
74 1247
74 1248
74 1249
75 1250
75 1251
75 1252
75 1253
75 1254
75 1255
75 1256
75 1257
75 1258
75 1259
76 1260
76 1261
76 1262
76 1263
76 1264
76 1265
76 1266
76 1267
76 1268
76 1269
77 1270
77 1271
77 1272
77 1273
77 1274
77 1275
77 1276
77 1277
77 1278
77 1279
78 1280
78 1281
78 1282
78 1283
78 1284
78 1285
78 1286
78 1287
78 1288
78 1289
79 1290
79 1291
79 1292
79 1293
79 1294
79 1295
79 1296
79 1297
79 1298
79 1299
80 1300
80 1301
80 1302
80 1303
80 1304
80 1305
80 1306
80 1307
80 1308
80 1309
81 1310
81 1311
81 1312
81 1313
81 1314
81 1315
81 1316
81 1317
81 1318
81 1319
82 1320
82 1321
82 1322
82 1323
82 1324
82 1325
82 1326
82 1327
82 1328
82 1329
83 1330
83 1331
83 1332
83 1333
83 1334
83 1335
83 1336
83 1337
83 1338
83 1339
84 1340
84 1341
84 1342
84 1343
84 1344
84 1345
84 1346
84 1347
84 1348
84 1349
85 1350
85 1351
85 1352
85 1353
85 1354
85 1355
85 1356
85 1357
85 1358
85 1359
86 1360
86 1361
86 1362
86 1363
86 1364
86 1365
86 1366
86 1367
86 1368
86 1369
87 1370
87 1371
87 1372
87 1373
87 1374
87 1375
87 1376
87 1377
87 1378
87 1379
88 1380
88 1381
88 1382
88 1383
88 1384
88 1385
88 1386
88 1387
88 1388
88 1389
89 1390
89 1391
89 1392
89 1393
89 1394
89 1395
89 1396
89 1397
89 1398
89 1399
90 1400
90 1401
90 1402
90 1403
90 1404
90 1405
90 1406
90 1407
90 1408
90 1409
91 1410
91 1411
91 1412
91 1413
91 1414
91 1415
91 1416
91 1417
91 1418
91 1419
92 1420
92 1421
92 1422
92 1423
92 1424
92 1425
92 1426
92 1427
92 1428
92 1429
93 1430
93 1431
93 1432
93 1433
93 1434
93 1435
93 1436
93 1437
93 1438
93 1439
94 1440
94 1441
94 1442
94 1443
94 1444
94 1445
94 1446
94 1447
94 1448
94 1449
95 1450
95 1451
95 1452
95 1453
95 1454
95 1455
95 1456
95 1457
95 1458
95 1459
96 1460
96 1461
96 1462
96 1463
96 1464
96 1465
96 1466
96 1467
96 1468
96 1469
97 1470
97 1471
97 1472
97 1473
97 1474
97 1475
97 1476
97 1477
97 1478
97 1479
98 1480
98 1481
98 1482
98 1483
98 1484
98 1485
98 1486
98 1487
98 1488
98 1489
99 1490
99 1491
99 1492
99 1493
99 1494
99 1495
99 1496
99 1497
99 1498
99 1499
100 1500
100 1501
100 1502
100 1503
100 1504
100 1505
100 1506
100 1507
100 1508
100 1509
101 1510
101 1511
101 1512
101 1513
101 1514
101 1515
101 1516
101 1517
101 1518
101 1519
102 1520
102 1521
102 1522
102 1523
102 1524
102 1525
102 1526
102 1527
102 1528
102 1529
103 1530
103 1531
103 1532
103 1533
103 1534
103 1535
103 1536
103 1537
103 1538
103 1539
104 1540
104 1541
104 1542
104 1543
104 1544
104 1545
104 1546
104 1547
104 1548
104 1549
105 1550
105 1551
105 1552
105 1553
105 1554
105 1555
105 1556
105 1557
105 1558
105 1559
106 1560
106 1561
106 1562
106 1563
106 1564
106 1565
106 1566
106 1567
106 1568
106 1569
107 1570
107 1571
107 1572
107 1573
107 1574
107 1575
107 1576
107 1577
107 1578
107 1579
108 1580
108 1581
108 1582
108 1583
108 1584
108 1585
108 1586
108 1587
108 1588
108 1589
109 1590
109 1591
109 1592
109 1593
109 1594
109 1595
109 1596
109 1597
109 1598
109 1599
110 1600
110 1601
110 1602
110 1603
110 1604
110 1605
110 1606
110 1607
110 1608
110 1609
111 1610
111 1611
111 1612
111 1613
111 1614
111 1615
111 1616
111 1617
111 1618
111 1619
112 1620
112 1621
112 1622
112 1623
112 1624
112 1625
112 1626
112 1627
112 1628
112 1629
113 1630
113 1631
113 1632
113 1633
113 1634
113 1635
113 1636
113 1637
113 1638
113 1639
114 1640
114 1641
114 1642
114 1643
114 1644
114 1645
114 1646
114 1647
114 1648
114 1649
115 1650
115 1651
115 1652
115 1653
115 1654
115 1655
115 1656
115 1657
115 1658
115 1659
116 1660
116 1661
116 1662
116 1663
116 1664
116 1665
116 1666
116 1667
116 1668
116 1669
117 1670
117 1671
117 1672
117 1673
117 1674
117 1675
117 1676
117 1677
117 1678
117 1679
118 1680
118 1681
118 1682
118 1683
118 1684
118 1685
118 1686
118 1687
118 1688
118 1689
119 1690
119 1691
119 1692
119 1693
119 1694
119 1695
119 1696
119 1697
119 1698
119 1699
120 1700
120 1701
120 1702
120 1703
120 1704
120 1705
120 1706
120 1707
120 1708
120 1709
121 1710
121 1711
121 1712
121 1713
121 1714
121 1715
121 1716
121 1717
121 1718
121 1719
122 1720
122 1721
122 1722
122 1723
122 1724
122 1725
122 1726
122 1727
122 1728
122 1729
123 1730
123 1731
123 1732
123 1733
123 1734
123 1735
123 1736
123 1737
123 1738
123 1739
124 1740
124 1741
124 1742
124 1743
124 1744
124 1745
124 1746
124 1747
124 1748
124 1749
125 1750
125 1751
125 1752
125 1753
125 1754
125 1755
125 1756
125 1757
125 1758
125 1759
126 1760
126 1761
126 1762
126 1763
126 1764
126 1765
126 1766
126 1767
126 1768
126 1769
127 1770
127 1771
127 1772
127 1773
127 1774
127 1775
127 1776
127 1777
127 1778
127 1779
128 1780
128 1781
128 1782
128 1783
128 1784
128 1785
128 1786
128 1787
128 1788
128 1789
129 1790
129 1791
129 1792
129 1793
129 1794
129 1795
129 1796
129 1797
129 1798
129 1799
130 1800
130 1801
130 1802
130 1803
130 1804
130 1805
130 1806
130 1807
130 1808
130 1809
131 1810
131 1811
131 1812
131 1813
131 1814
131 1815
131 1816
131 1817
131 1818
131 1819
132 1820
132 1821
132 1822
132 1823
132 1824
132 1825
132 1826
132 1827
132 1828
132 1829
133 1830
133 1831
133 1832
133 1833
133 1834
133 1835
133 1836
133 1837
133 1838
133 1839
134 1840
134 1841
134 1842
134 1843
134 1844
134 1845
134 1846
134 1847
134 1848
134 1849
135 1850
135 1851
135 1852
135 1853
135 1854
135 1855
135 1856
135 1857
135 1858
135 1859
136 1860
136 1861
136 1862
136 1863
136 1864
136 1865
136 1866
136 1867
136 1868
136 1869
137 1870
137 1871
137 1872
137 1873
137 1874
137 1875
137 1876
137 1877
137 1878
137 1879
138 1880
138 1881
138 1882
138 1883
138 1884
138 1885
138 1886
138 1887
138 1888
138 1889
139 1890
139 1891
139 1892
139 1893
139 1894
139 1895
139 1896
139 1897
139 1898
139 1899
140 1900
140 1901
140 1902
140 1903
140 1904
140 1905
140 1906
140 1907
140 1908
140 1909
141 1910
141 1911
141 1912
141 1913
141 1914
141 1915
141 1916
141 1917
141 1918
141 1919
142 1920
142 1921
142 1922
142 1923
142 1924
142 1925
142 1926
142 1927
142 1928
142 1929
143 1930
143 1931
143 1932
143 1933
143 1934
143 1935
143 1936
143 1937
143 1938
143 1939
144 1940
144 1941
144 1942
144 1943
144 1944
144 1945
144 1946
144 1947
144 1948
144 1949
145 1950
145 1951
145 1952
145 1953
145 1954
145 1955
145 1956
145 1957
145 1958
145 1959
146 1960
146 1961
146 1962
146 1963
146 1964
146 1965
146 1966
146 1967
146 1968
146 1969
147 1970
147 1971
147 1972
147 1973
147 1974
147 1975
147 1976
147 1977
147 1978
147 1979
148 1980
148 1981
148 1982
148 1983
148 1984
148 1985
148 1986
148 1987
148 1988
148 1989
149 1990
149 1991
149 1992
149 1993
149 1994
149 1995
149 1996
149 1997
149 1998
149 1999
150 2000
150 2001
150 2002
150 2003
150 2004
150 2005
150 2006
150 2007
150 2008
150 2009
151 2010
151 2011
151 2012
151 2013
151 2014
151 2015
151 2016
151 2017
151 2018
151 2019
152 2020
152 2021
152 2022
152 2023
152 2024
152 2025
152 2026
152 2027
152 2028
152 2029
153 2030
153 2031
153 2032
153 2033
153 2034
153 2035
153 2036
153 2037
153 2038
153 2039
154 2040
154 2041
154 2042
154 2043
154 2044
154 2045
154 2046
154 2047
154 2048
154 2049
155 2050
155 2051
155 2052
155 2053
155 2054
155 2055
155 2056
155 2057
155 2058
155 2059
156 2060
156 2061
156 2062
156 2063
156 2064
156 2065
156 2066
156 2067
156 2068
156 2069
157 2070
157 2071
157 2072
157 2073
157 2074
157 2075
157 2076
157 2077
157 2078
157 2079
158 2080
158 2081
158 2082
158 2083
158 2084
158 2085
158 2086
158 2087
158 2088
158 2089
159 2090
159 2091
159 2092
159 2093
159 2094
159 2095
159 2096
159 2097
159 2098
159 2099
160 2100
160 2101
160 2102
160 2103
160 2104
160 2105
160 2106
160 2107
160 2108
160 2109
161 2110
161 2111
161 2112
161 2113
161 2114
161 2115
161 2116
161 2117
161 2118
161 2119
162 2120
162 2121
162 2122
162 2123
162 2124
162 2125
162 2126
162 2127
162 2128
162 2129
163 2130
163 2131
163 2132
163 2133
163 2134
163 2135
163 2136
163 2137
163 2138
163 2139
164 2140
164 2141
164 2142
164 2143
164 2144
164 2145
164 2146
164 2147
164 2148
164 2149
165 2150
165 2151
165 2152
165 2153
165 2154
165 2155
165 2156
165 2157
165 2158
165 2159
166 2160
166 2161
166 2162
166 2163
166 2164
166 2165
166 2166
166 2167
166 2168
166 2169
167 2170
167 2171
167 2172
167 2173
167 2174
167 2175
167 2176
167 2177
167 2178
167 2179
168 2180
168 2181
168 2182
168 2183
168 2184
168 2185
168 2186
168 2187
168 2188
168 2189
169 2190
169 2191
169 2192
169 2193
169 2194
169 2195
169 2196
169 2197
169 2198
169 2199
170 2200
170 2201
170 2202
170 2203
170 2204
170 2205
170 2206
170 2207
170 2208
170 2209
171 2210
171 2211
171 2212
171 2213
171 2214
171 2215
171 2216
171 2217
171 2218
171 2219
172 2220
172 2221
172 2222
172 2223
172 2224
172 2225
172 2226
172 2227
172 2228
172 2229
173 2230
173 2231
173 2232
173 2233
173 2234
173 2235
173 2236
173 2237
173 2238
173 2239
174 2240
174 2241
174 2242
174 2243
174 2244
174 2245
174 2246
174 2247
174 2248
174 2249
175 2250
175 2251
175 2252
175 2253
175 2254
175 2255
175 2256
175 2257
175 2258
175 2259
176 2260
176 2261
176 2262
176 2263
176 2264
176 2265
176 2266
176 2267
176 2268
176 2269
177 2270
177 2271
177 2272
177 2273
177 2274
177 2275
177 2276
177 2277
177 2278
177 2279
178 2280
178 2281
178 2282
178 2283
178 2284
178 2285
178 2286
178 2287
178 2288
178 2289
179 2290
179 2291
179 2292
179 2293
179 2294
179 2295
179 2296
179 2297
179 2298
179 2299
180 2300
180 2301
180 2302
180 2303
180 2304
180 2305
180 2306
180 2307
180 2308
180 2309
181 2310
181 2311
181 2312
181 2313
181 2314
181 2315
181 2316
181 2317
181 2318
181 2319
182 2320
182 2321
182 2322
182 2323
182 2324
182 2325
182 2326
182 2327
182 2328
182 2329
183 2330
183 2331
183 2332
183 2333
183 2334
183 2335
183 2336
183 2337
183 2338
183 2339
184 2340
184 2341
184 2342
184 2343
184 2344
184 2345
184 2346
184 2347
184 2348
184 2349
185 2350
185 2351
185 2352
185 2353
185 2354
185 2355
185 2356
185 2357
185 2358
185 2359
186 2360
186 2361
186 2362
186 2363
186 2364
186 2365
186 2366
186 2367
186 2368
186 2369
187 2370
187 2371
187 2372
187 2373
187 2374
187 2375
187 2376
187 2377
187 2378
187 2379
188 2380
188 2381
188 2382
188 2383
188 2384
188 2385
188 2386
188 2387
188 2388
188 2389
189 2390
189 2391
189 2392
189 2393
189 2394
189 2395
189 2396
189 2397
189 2398
189 2399
190 2400
190 2401
190 2402
190 2403
190 2404
190 2405
190 2406
190 2407
190 2408
190 2409
191 2410
191 2411
191 2412
191 2413
191 2414
191 2415
191 2416
191 2417
191 2418
191 2419
192 2420
192 2421
192 2422
192 2423
192 2424
192 2425
192 2426
192 2427
192 2428
192 2429
193 2430
193 2431
193 2432
193 2433
193 2434
193 2435
193 2436
193 2437
193 2438
193 2439
194 2440
194 2441
194 2442
194 2443
194 2444
194 2445
194 2446
194 2447
194 2448
194 2449
195 2450
195 2451
195 2452
195 2453
195 2454
195 2455
195 2456
195 2457
195 2458
195 2459
196 2460
196 2461
196 2462
196 2463
196 2464
196 2465
196 2466
196 2467
196 2468
196 2469
197 2470
197 2471
197 2472
197 2473
197 2474
197 2475
197 2476
197 2477
197 2478
197 2479
198 2480
198 2481
198 2482
198 2483
198 2484
198 2485
198 2486
198 2487
198 2488
198 2489
199 2490
199 2491
199 2492
199 2493
199 2494
199 2495
199 2496
199 2497
199 2498
199 2499
200 2500
200 2501
200 2502
200 2503
200 2504
200 2505
200 2506
200 2507
200 2508
200 2509
201 2510
201 2511
201 2512
201 2513
201 2514
201 2515
201 2516
201 2517
201 2518
201 2519
202 2520
202 2521
202 2522
202 2523
202 2524
202 2525
202 2526
202 2527
202 2528
202 2529
203 2530
203 2531
203 2532
203 2533
203 2534
203 2535
203 2536
203 2537
203 2538
203 2539
204 2540
204 2541
204 2542
204 2543
204 2544
204 2545
204 2546
204 2547
204 2548
204 2549
205 2550
205 2551
205 2552
205 2553
205 2554
205 2555
205 2556
205 2557
205 2558
205 2559
206 2560
206 2561
206 2562
206 2563
206 2564
206 2565
206 2566
206 2567
206 2568
206 2569
207 2570
207 2571
207 2572
207 2573
207 2574
207 2575
207 2576
207 2577
207 2578
207 2579
208 2580
208 2581
208 2582
208 2583
208 2584
208 2585
208 2586
208 2587
208 2588
208 2589
209 2590
209 2591
209 2592
209 2593
209 2594
209 2595
209 2596
209 2597
209 2598
209 2599
210 2600
210 2601
210 2602
210 2603
210 2604
210 2605
210 2606
210 2607
210 2608
210 2609
211 2610
211 2611
211 2612
211 2613
211 2614
211 2615
211 2616
211 2617
211 2618
211 2619
212 2620
212 2621
212 2622
212 2623
212 2624
212 2625
212 2626
212 2627
212 2628
212 2629
213 2630
213 2631
213 2632
213 2633
213 2634
213 2635
213 2636
213 2637
213 2638
213 2639
214 2640
214 2641
214 2642
214 2643
214 2644
214 2645
214 2646
214 2647
214 2648
214 2649
215 2650
215 2651
215 2652
215 2653
215 2654
215 2655
215 2656
215 2657
215 2658
215 2659
216 2660
216 2661
216 2662
216 2663
216 2664
216 2665
216 2666
216 2667
216 2668
216 2669
217 2670
217 2671
217 2672
217 2673
217 2674
217 2675
217 2676
217 2677
217 2678
217 2679
218 2680
218 2681
218 2682
218 2683
218 2684
218 2685
218 2686
218 2687
218 2688
218 2689
219 2690
219 2691
219 2692
219 2693
219 2694
219 2695
219 2696
219 2697
219 2698
219 2699
220 2700
220 2701
220 2702
220 2703
220 2704
220 2705
220 2706
220 2707
220 2708
220 2709
221 2710
221 2711
221 2712
221 2713
221 2714
221 2715
221 2716
221 2717
221 2718
221 2719
222 2720
222 2721
222 2722
222 2723
222 2724
222 2725
222 2726
222 2727
222 2728
222 2729
223 2730
223 2731
223 2732
223 2733
223 2734
223 2735
223 2736
223 2737
223 2738
223 2739
224 2740
224 2741
224 2742
224 2743
224 2744
224 2745
224 2746
224 2747
224 2748
224 2749
225 2750
225 2751
225 2752
225 2753
225 2754
225 2755
225 2756
225 2757
225 2758
225 2759
226 2760
226 2761
226 2762
226 2763
226 2764
226 2765
226 2766
226 2767
226 2768
226 2769
227 2770
227 2771
227 2772
227 2773
227 2774
227 2775
227 2776
227 2777
227 2778
227 2779
228 2780
228 2781
228 2782
228 2783
228 2784
228 2785
228 2786
228 2787
228 2788
228 2789
229 2790
229 2791
229 2792
229 2793
229 2794
229 2795
229 2796
229 2797
229 2798
229 2799
230 2800
230 2801
230 2802
230 2803
230 2804
230 2805
230 2806
230 2807
230 2808
230 2809
231 2810
231 2811
231 2812
231 2813
231 2814
231 2815
231 2816
231 2817
231 2818
231 2819
232 2820
232 2821
232 2822
232 2823
232 2824
232 2825
232 2826
232 2827
232 2828
232 2829
233 2830
233 2831
233 2832
233 2833
233 2834
233 2835
233 2836
233 2837
233 2838
233 2839
234 2840
234 2841
234 2842
234 2843
234 2844
234 2845
234 2846
234 2847
234 2848
234 2849
235 2850
235 2851
235 2852
235 2853
235 2854
235 2855
235 2856
235 2857
235 2858
235 2859
236 2860
236 2861
236 2862
236 2863
236 2864
236 2865
236 2866
236 2867
236 2868
236 2869
237 2870
237 2871
237 2872
237 2873
237 2874
237 2875
237 2876
237 2877
237 2878
237 2879
238 2880
238 2881
238 2882
238 2883
238 2884
238 2885
238 2886
238 2887
238 2888
238 2889
239 2890
239 2891
239 2892
239 2893
239 2894
239 2895
239 2896
239 2897
239 2898
239 2899
240 2900
240 2901
240 2902
240 2903
240 2904
240 2905
240 2906
240 2907
240 2908
240 2909
241 2910
241 2911
241 2912
241 2913
241 2914
241 2915
241 2916
241 2917
241 2918
241 2919
242 2920
242 2921
242 2922
242 2923
242 2924
242 2925
242 2926
242 2927
242 2928
242 2929
243 2930
243 2931
243 2932
243 2933
243 2934
243 2935
243 2936
243 2937
243 2938
243 2939
244 2940
244 2941
244 2942
244 2943
244 2944
244 2945
244 2946
244 2947
244 2948
244 2949
245 2950
245 2951
245 2952
245 2953
245 2954
245 2955
245 2956
245 2957
245 2958
245 2959
246 2960
246 2961
246 2962
246 2963
246 2964
246 2965
246 2966
246 2967
246 2968
246 2969
247 2970
247 2971
247 2972
247 2973
247 2974
247 2975
247 2976
247 2977
247 2978
247 2979
248 2980
248 2981
248 2982
248 2983
248 2984
248 2985
248 2986
248 2987
248 2988
248 2989
249 2990
249 2991
249 2992
249 2993
249 2994
249 2995
249 2996
249 2997
249 2998
249 2999
250 3000
250 3001
250 3002
250 3003
250 3004
250 3005
250 3006
250 3007
250 3008
250 3009
251 3010
251 3011
251 3012
251 3013
251 3014
251 3015
251 3016
251 3017
251 3018
251 3019
252 3020
252 3021
252 3022
252 3023
252 3024
252 3025
252 3026
252 3027
252 3028
252 3029
253 3030
253 3031
253 3032
253 3033
253 3034
253 3035
253 3036
253 3037
253 3038
253 3039
254 3040
254 3041
254 3042
254 3043
254 3044
254 3045
254 3046
254 3047
254 3048
254 3049
255 3050
255 3051
255 3052
255 3053
255 3054
255 3055
255 3056
255 3057
255 3058
255 3059
256 3060
256 3061
256 3062
256 3063
256 3064
256 3065
256 3066
256 3067
256 3068
256 3069
257 3070
257 3071
257 3072
257 3073
257 3074
257 3075
257 3076
257 3077
257 3078
257 3079
258 3080
258 3081
258 3082
258 3083
258 3084
258 3085
258 3086
258 3087
258 3088
258 3089
259 3090
259 3091
259 3092
259 3093
259 3094
259 3095
259 3096
259 3097
259 3098
259 3099
260 3100
260 3101
260 3102
260 3103
260 3104
260 3105
260 3106
260 3107
260 3108
260 3109
261 3110
261 3111
261 3112
261 3113
261 3114
261 3115
261 3116
261 3117
261 3118
261 3119
262 3120
262 3121
262 3122
262 3123
262 3124
262 3125
262 3126
262 3127
262 3128
262 3129
263 3130
263 3131
263 3132
263 3133
263 3134
263 3135
263 3136
263 3137
263 3138
263 3139
264 3140
264 3141
264 3142
264 3143
264 3144
264 3145
264 3146
264 3147
264 3148
264 3149
265 3150
265 3151
265 3152
265 3153
265 3154
265 3155
265 3156
265 3157
265 3158
265 3159
266 3160
266 3161
266 3162
266 3163
266 3164
266 3165
266 3166
266 3167
266 3168
266 3169
267 3170
267 3171
267 3172
267 3173
267 3174
267 3175
267 3176
267 3177
267 3178
267 3179
268 3180
268 3181
268 3182
268 3183
268 3184
268 3185
268 3186
268 3187
268 3188
268 3189
269 3190
269 3191
269 3192
269 3193
269 3194
269 3195
269 3196
269 3197
269 3198
269 3199
270 3200
270 3201
270 3202
270 3203
270 3204
270 3205
270 3206
270 3207
270 3208
270 3209
271 3210
271 3211
271 3212
271 3213
271 3214
271 3215
271 3216
271 3217
271 3218
271 3219
272 3220
272 3221
272 3222
272 3223
272 3224
272 3225
272 3226
272 3227
272 3228
272 3229
273 3230
273 3231
273 3232
273 3233
273 3234
273 3235
273 3236
273 3237
273 3238
273 3239
274 3240
274 3241
274 3242
274 3243
274 3244
274 3245
274 3246
274 3247
274 3248
274 3249
275 3250
275 3251
275 3252
275 3253
275 3254
275 3255
275 3256
275 3257
275 3258
275 3259
276 3260
276 3261
276 3262
276 3263
276 3264
276 3265
276 3266
276 3267
276 3268
276 3269
277 3270
277 3271
277 3272
277 3273
277 3274
277 3275
277 3276
277 3277
277 3278
277 3279
278 3280
278 3281
278 3282
278 3283
278 3284
278 3285
278 3286
278 3287
278 3288
278 3289
279 3290
279 3291
279 3292
279 3293
279 3294
279 3295
279 3296
279 3297
279 3298
279 3299
280 3300
280 3301
280 3302
280 3303
280 3304
280 3305
280 3306
280 3307
280 3308
280 3309
281 3310
281 3311
281 3312
281 3313
281 3314
281 3315
281 3316
281 3317
281 3318
281 3319
282 3320
282 3321
282 3322
282 3323
282 3324
282 3325
282 3326
282 3327
282 3328
282 3329
283 3330
283 3331
283 3332
283 3333
283 3334
283 3335
283 3336
283 3337
283 3338
283 3339
284 3340
284 3341
284 3342
284 3343
284 3344
284 3345
284 3346
284 3347
284 3348
284 3349
285 3350
285 3351
285 3352
285 3353
285 3354
285 3355
285 3356
285 3357
285 3358
285 3359
286 3360
286 3361
286 3362
286 3363
286 3364
286 3365
286 3366
286 3367
286 3368
286 3369
287 3370
287 3371
287 3372
287 3373
287 3374
287 3375
287 3376
287 3377
287 3378
287 3379
288 3380
288 3381
288 3382
288 3383
288 3384
288 3385
288 3386
288 3387
288 3388
288 3389
289 3390
289 3391
289 3392
289 3393
289 3394
289 3395
289 3396
289 3397
289 3398
289 3399
290 3400
290 3401
290 3402
290 3403
290 3404
290 3405
290 3406
290 3407
290 3408
290 3409
291 3410
291 3411
291 3412
291 3413
291 3414
291 3415
291 3416
291 3417
291 3418
291 3419
292 3420
292 3421
292 3422
292 3423
292 3424
292 3425
292 3426
292 3427
292 3428
292 3429
293 3430
293 3431
293 3432
293 3433
293 3434
293 3435
293 3436
293 3437
293 3438
293 3439
294 3440
294 3441
294 3442
294 3443
294 3444
294 3445
294 3446
294 3447
294 3448
294 3449
295 3450
295 3451
295 3452
295 3453
295 3454
295 3455
295 3456
295 3457
295 3458
295 3459
296 3460
296 3461
296 3462
296 3463
296 3464
296 3465
296 3466
296 3467
296 3468
296 3469
297 3470
297 3471
297 3472
297 3473
297 3474
297 3475
297 3476
297 3477
297 3478
297 3479
298 3480
298 3481
298 3482
298 3483
298 3484
298 3485
298 3486
298 3487
298 3488
298 3489
299 3490
299 3491
299 3492
299 3493
299 3494
299 3495
299 3496
299 3497
299 3498
299 3499
300 3500
300 3501
300 3502
300 3503
300 3504
300 3505
300 3506
300 3507
300 3508
300 3509
301 3510
301 3511
301 3512
301 3513
301 3514
301 3515
301 3516
301 3517
301 3518
301 3519
302 3520
302 3521
302 3522
302 3523
302 3524
302 3525
302 3526
302 3527
302 3528
302 3529
303 3530
303 3531
303 3532
303 3533
303 3534
303 3535
303 3536
303 3537
303 3538
303 3539
304 3540
304 3541
304 3542
304 3543
304 3544
304 3545
304 3546
304 3547
304 3548
304 3549
305 3550
305 3551
305 3552
305 3553
305 3554
305 3555
305 3556
305 3557
305 3558
305 3559
306 3560
306 3561
306 3562
306 3563
306 3564
306 3565
306 3566
306 3567
306 3568
306 3569
307 3570
307 3571
307 3572
307 3573
307 3574
307 3575
307 3576
307 3577
307 3578
307 3579
308 3580
308 3581
308 3582
308 3583
308 3584
308 3585
308 3586
308 3587
308 3588
308 3589
309 3590
309 3591
309 3592
309 3593
309 3594
309 3595
309 3596
309 3597
309 3598
309 3599
310 3600
310 3601
310 3602
310 3603
310 3604
310 3605
310 3606
310 3607
310 3608
310 3609
311 3610
311 3611
311 3612
311 3613
311 3614
311 3615
311 3616
311 3617
311 3618
311 3619
312 3620
312 3621
312 3622
312 3623
312 3624
312 3625
312 3626
312 3627
312 3628
312 3629
313 3630
313 3631
313 3632
313 3633
313 3634
313 3635
313 3636
313 3637
313 3638
313 3639
314 3640
314 3641
314 3642
314 3643
314 3644
314 3645
314 3646
314 3647
314 3648
314 3649
315 3650
315 3651
315 3652
315 3653
315 3654
315 3655
315 3656
315 3657
315 3658
315 3659
316 3660
316 3661
316 3662
316 3663
316 3664
316 3665
316 3666
316 3667
316 3668
316 3669
317 3670
317 3671
317 3672
317 3673
317 3674
317 3675
317 3676
317 3677
317 3678
317 3679
318 3680
318 3681
318 3682
318 3683
318 3684
318 3685
318 3686
318 3687
318 3688
318 3689
319 3690
319 3691
319 3692
319 3693
319 3694
319 3695
319 3696
319 3697
319 3698
319 3699
320 3700
320 3701
320 3702
320 3703
320 3704
320 3705
320 3706
320 3707
320 3708
320 3709
321 3710
321 3711
321 3712
321 3713
321 3714
321 3715
321 3716
321 3717
321 3718
321 3719
322 3720
322 3721
322 3722
322 3723
322 3724
322 3725
322 3726
322 3727
322 3728
322 3729
323 3730
323 3731
323 3732
323 3733
323 3734
323 3735
323 3736
323 3737
323 3738
323 3739
324 3740
324 3741
324 3742
324 3743
324 3744
324 3745
324 3746
324 3747
324 3748
324 3749
325 3750
325 3751
325 3752
325 3753
325 3754
325 3755
325 3756
325 3757
325 3758
325 3759
326 3760
326 3761
326 3762
326 3763
326 3764
326 3765
326 3766
326 3767
326 3768
326 3769
327 3770
327 3771
327 3772
327 3773
327 3774
327 3775
327 3776
327 3777
327 3778
327 3779
328 3780
328 3781
328 3782
328 3783
328 3784
328 3785
328 3786
328 3787
328 3788
328 3789
329 3790
329 3791
329 3792
329 3793
329 3794
329 3795
329 3796
329 3797
329 3798
329 3799
330 3800
330 3801
330 3802
330 3803
330 3804
330 3805
330 3806
330 3807
330 3808
330 3809
331 3810
331 3811
331 3812
331 3813
331 3814
331 3815
331 3816
331 3817
331 3818
331 3819
332 3820
332 3821
332 3822
332 3823
332 3824
332 3825
332 3826
332 3827
332 3828
332 3829
333 3830
333 3831
333 3832
333 3833
333 3834
333 3835
333 3836
333 3837
333 3838
333 3839
334 3840
334 3841
334 3842
334 3843
334 3844
334 3845
334 3846
334 3847
334 3848
334 3849
335 3850
335 3851
335 3852
335 3853
335 3854
335 3855
335 3856
335 3857
335 3858
335 3859
336 3860
336 3861
336 3862
336 3863
336 3864
336 3865
336 3866
336 3867
336 3868
336 3869
337 3870
337 3871
337 3872
337 3873
337 3874
337 3875
337 3876
337 3877
337 3878
337 3879
338 3880
338 3881
338 3882
338 3883
338 3884
338 3885
338 3886
338 3887
338 3888
338 3889
339 3890
339 3891
339 3892
339 3893
339 3894
339 3895
339 3896
339 3897
339 3898
339 3899
340 3900
340 3901
340 3902
340 3903
340 3904
340 3905
340 3906
340 3907
340 3908
340 3909
341 3910
341 3911
341 3912
341 3913
341 3914
341 3915
341 3916
341 3917
341 3918
341 3919
342 3920
342 3921
342 3922
342 3923
342 3924
342 3925
342 3926
342 3927
342 3928
342 3929
343 3930
343 3931
343 3932
343 3933
343 3934
343 3935
343 3936
343 3937
343 3938
343 3939
344 3940
344 3941
344 3942
344 3943
344 3944
344 3945
344 3946
344 3947
344 3948
344 3949
345 3950
345 3951
345 3952
345 3953
345 3954
345 3955
345 3956
345 3957
345 3958
345 3959
346 3960
346 3961
346 3962
346 3963
346 3964
346 3965
346 3966
346 3967
346 3968
346 3969
347 3970
347 3971
347 3972
347 3973
347 3974
347 3975
347 3976
347 3977
347 3978
347 3979
348 3980
348 3981
348 3982
348 3983
348 3984
348 3985
348 3986
348 3987
348 3988
348 3989
349 3990
349 3991
349 3992
349 3993
349 3994
349 3995
349 3996
349 3997
349 3998
349 3999
350 4000
350 4001
350 4002
350 4003
350 4004
350 4005
350 4006
350 4007
350 4008
350 4009
351 4010
351 4011
351 4012
351 4013
351 4014
351 4015
351 4016
351 4017
351 4018
351 4019
352 4020
352 4021
352 4022
352 4023
352 4024
352 4025
352 4026
352 4027
352 4028
352 4029
353 4030
353 4031
353 4032
353 4033
353 4034
353 4035
353 4036
353 4037
353 4038
353 4039
354 4040
354 4041
354 4042
354 4043
354 4044
354 4045
354 4046
354 4047
354 4048
354 4049
355 4050
355 4051
355 4052
355 4053
355 4054
355 4055
355 4056
355 4057
355 4058
355 4059
356 4060
356 4061
356 4062
356 4063
356 4064
356 4065
356 4066
356 4067
356 4068
356 4069
357 4070
357 4071
357 4072
357 4073
357 4074
357 4075
357 4076
357 4077
357 4078
357 4079
358 4080
358 4081
358 4082
358 4083
358 4084
358 4085
358 4086
358 4087
358 4088
358 4089
359 4090
359 4091
359 4092
359 4093
359 4094
359 4095
359 4096
359 4097
359 4098
359 4099
360 4100
360 4101
360 4102
360 4103
360 4104
360 4105
360 4106
360 4107
360 4108
360 4109
361 4110
361 4111
361 4112
361 4113
361 4114
361 4115
361 4116
361 4117
361 4118
361 4119
362 4120
362 4121
362 4122
362 4123
362 4124
362 4125
362 4126
362 4127
362 4128
362 4129
363 4130
363 4131
363 4132
363 4133
363 4134
363 4135
363 4136
363 4137
363 4138
363 4139
364 4140
364 4141
364 4142
364 4143
364 4144
364 4145
364 4146
364 4147
364 4148
364 4149
365 4150
365 4151
365 4152
365 4153
365 4154
365 4155
365 4156
365 4157
365 4158
365 4159
366 4160
366 4161
366 4162
366 4163
366 4164
366 4165
366 4166
366 4167
366 4168
366 4169
367 4170
367 4171
367 4172
367 4173
367 4174
367 4175
367 4176
367 4177
367 4178
367 4179
368 4180
368 4181
368 4182
368 4183
368 4184
368 4185
368 4186
368 4187
368 4188
368 4189
369 4190
369 4191
369 4192
369 4193
369 4194
369 4195
369 4196
369 4197
369 4198
369 4199
370 4200
370 4201
370 4202
370 4203
370 4204
370 4205
370 4206
370 4207
370 4208
370 4209
371 4210
371 4211
371 4212
371 4213
371 4214
371 4215
371 4216
371 4217
371 4218
371 4219
372 4220
372 4221
372 4222
372 4223
372 4224
372 4225
372 4226
372 4227
372 4228
372 4229
373 4230
373 4231
373 4232
373 4233
373 4234
373 4235
373 4236
373 4237
373 4238
373 4239
374 4240
374 4241
374 4242
374 4243
374 4244
374 4245
374 4246
374 4247
374 4248
374 4249
375 4250
375 4251
375 4252
375 4253
375 4254
375 4255
375 4256
375 4257
375 4258
375 4259
376 4260
376 4261
376 4262
376 4263
376 4264
376 4265
376 4266
376 4267
376 4268
376 4269
377 4270
377 4271
377 4272
377 4273
377 4274
377 4275
377 4276
377 4277
377 4278
377 4279
378 4280
378 4281
378 4282
378 4283
378 4284
378 4285
378 4286
378 4287
378 4288
378 4289
379 4290
379 4291
379 4292
379 4293
379 4294
379 4295
379 4296
379 4297
379 4298
379 4299
380 4300
380 4301
380 4302
380 4303
380 4304
380 4305
380 4306
380 4307
380 4308
380 4309
381 4310
381 4311
381 4312
381 4313
381 4314
381 4315
381 4316
381 4317
381 4318
381 4319
382 4320
382 4321
382 4322
382 4323
382 4324
382 4325
382 4326
382 4327
382 4328
382 4329
383 4330
383 4331
383 4332
383 4333
383 4334
383 4335
383 4336
383 4337
383 4338
383 4339
384 4340
384 4341
384 4342
384 4343
384 4344
384 4345
384 4346
384 4347
384 4348
384 4349
385 4350
385 4351
385 4352
385 4353
385 4354
385 4355
385 4356
385 4357
385 4358
385 4359
386 4360
386 4361
386 4362
386 4363
386 4364
386 4365
386 4366
386 4367
386 4368
386 4369
387 4370
387 4371
387 4372
387 4373
387 4374
387 4375
387 4376
387 4377
387 4378
387 4379
388 4380
388 4381
388 4382
388 4383
388 4384
388 4385
388 4386
388 4387
388 4388
388 4389
389 4390
389 4391
389 4392
389 4393
389 4394
389 4395
389 4396
389 4397
389 4398
389 4399
390 4400
390 4401
390 4402
390 4403
390 4404
390 4405
390 4406
390 4407
390 4408
390 4409
391 4410
391 4411
391 4412
391 4413
391 4414
391 4415
391 4416
391 4417
391 4418
391 4419
392 4420
392 4421
392 4422
392 4423
392 4424
392 4425
392 4426
392 4427
392 4428
392 4429
393 4430
393 4431
393 4432
393 4433
393 4434
393 4435
393 4436
393 4437
393 4438
393 4439
394 4440
394 4441
394 4442
394 4443
394 4444
394 4445
394 4446
394 4447
394 4448
394 4449
395 4450
395 4451
395 4452
395 4453
395 4454
395 4455
395 4456
395 4457
395 4458
395 4459
396 4460
396 4461
396 4462
396 4463
396 4464
396 4465
396 4466
396 4467
396 4468
396 4469
397 4470
397 4471
397 4472
397 4473
397 4474
397 4475
397 4476
397 4477
397 4478
397 4479
398 4480
398 4481
398 4482
398 4483
398 4484
398 4485
398 4486
398 4487
398 4488
398 4489
399 4490
399 4491
399 4492
399 4493
399 4494
399 4495
399 4496
399 4497
399 4498
399 4499
400 4500
400 4501
400 4502
400 4503
400 4504
400 4505
400 4506
400 4507
400 4508
400 4509
401 4510
401 4511
401 4512
401 4513
401 4514
401 4515
401 4516
401 4517
401 4518
401 4519
402 4520
402 4521
402 4522
402 4523
402 4524
402 4525
402 4526
402 4527
402 4528
402 4529
403 4530
403 4531
403 4532
403 4533
403 4534
403 4535
403 4536
403 4537
403 4538
403 4539
404 4540
404 4541
404 4542
404 4543
404 4544
404 4545
404 4546
404 4547
404 4548
404 4549
405 4550
405 4551
405 4552
405 4553
405 4554
405 4555
405 4556
405 4557
405 4558
405 4559
406 4560
406 4561
406 4562
406 4563
406 4564
406 4565
406 4566
406 4567
406 4568
406 4569
407 4570
407 4571
407 4572
407 4573
407 4574
407 4575
407 4576
407 4577
407 4578
407 4579
408 4580
408 4581
408 4582
408 4583
408 4584
408 4585
408 4586
408 4587
408 4588
408 4589
409 4590
409 4591
409 4592
409 4593
409 4594
409 4595
409 4596
409 4597
409 4598
409 4599
410 4600
410 4601
410 4602
410 4603
410 4604
410 4605
410 4606
410 4607
410 4608
410 4609
411 4610
411 4611
411 4612
411 4613
411 4614
411 4615
411 4616
411 4617
411 4618
411 4619
412 4620
412 4621
412 4622
412 4623
412 4624
412 4625
412 4626
412 4627
412 4628
412 4629
413 4630
413 4631
413 4632
413 4633
413 4634
413 4635
413 4636
413 4637
413 4638
413 4639
414 4640
414 4641
414 4642
414 4643
414 4644
414 4645
414 4646
414 4647
414 4648
414 4649
415 4650
415 4651
415 4652
415 4653
415 4654
415 4655
415 4656
415 4657
415 4658
415 4659
416 4660
416 4661
416 4662
416 4663
416 4664
416 4665
416 4666
416 4667
416 4668
416 4669
417 4670
417 4671
417 4672
417 4673
417 4674
417 4675
417 4676
417 4677
417 4678
417 4679
418 4680
418 4681
418 4682
418 4683
418 4684
418 4685
418 4686
418 4687
418 4688
418 4689
419 4690
419 4691
419 4692
419 4693
419 4694
419 4695
419 4696
419 4697
419 4698
419 4699
420 4700
420 4701
420 4702
420 4703
420 4704
420 4705
420 4706
420 4707
420 4708
420 4709
421 4710
421 4711
421 4712
421 4713
421 4714
421 4715
421 4716
421 4717
421 4718
421 4719
422 4720
422 4721
422 4722
422 4723
422 4724
422 4725
422 4726
422 4727
422 4728
422 4729
423 4730
423 4731
423 4732
423 4733
423 4734
423 4735
423 4736
423 4737
423 4738
423 4739
424 4740
424 4741
424 4742
424 4743
424 4744
424 4745
424 4746
424 4747
424 4748
424 4749
425 4750
425 4751
425 4752
425 4753
425 4754
425 4755
425 4756
425 4757
425 4758
425 4759
426 4760
426 4761
426 4762
426 4763
426 4764
426 4765
426 4766
426 4767
426 4768
426 4769
427 4770
427 4771
427 4772
427 4773
427 4774
427 4775
427 4776
427 4777
427 4778
427 4779
428 4780
428 4781
428 4782
428 4783
428 4784
428 4785
428 4786
428 4787
428 4788
428 4789
429 4790
429 4791
429 4792
429 4793
429 4794
429 4795
429 4796
429 4797
429 4798
429 4799
430 4800
430 4801
430 4802
430 4803
430 4804
430 4805
430 4806
430 4807
430 4808
430 4809
431 4810
431 4811
431 4812
431 4813
431 4814
431 4815
431 4816
431 4817
431 4818
431 4819
432 4820
432 4821
432 4822
432 4823
432 4824
432 4825
432 4826
432 4827
432 4828
432 4829
433 4830
433 4831
433 4832
433 4833
433 4834
433 4835
433 4836
433 4837
433 4838
433 4839
434 4840
434 4841
434 4842
434 4843
434 4844
434 4845
434 4846
434 4847
434 4848
434 4849
435 4850
435 4851
435 4852
435 4853
435 4854
435 4855
435 4856
435 4857
435 4858
435 4859
436 4860
436 4861
436 4862
436 4863
436 4864
436 4865
436 4866
436 4867
436 4868
436 4869
437 4870
437 4871
437 4872
437 4873
437 4874
437 4875
437 4876
437 4877
437 4878
437 4879
438 4880
438 4881
438 4882
438 4883
438 4884
438 4885
438 4886
438 4887
438 4888
438 4889
439 4890
439 4891
439 4892
439 4893
439 4894
439 4895
439 4896
439 4897
439 4898
439 4899
440 4900
440 4901
440 4902
440 4903
440 4904
440 4905
440 4906
440 4907
440 4908
440 4909
441 4910
441 4911
441 4912
441 4913
441 4914
441 4915
441 4916
441 4917
441 4918
441 4919
442 4920
442 4921
442 4922
442 4923
442 4924
442 4925
442 4926
442 4927
442 4928
442 4929
443 4930
443 4931
443 4932
443 4933
443 4934
443 4935
443 4936
443 4937
443 4938
443 4939
444 4940
444 4941
444 4942
444 4943
444 4944
444 4945
444 4946
444 4947
444 4948
444 4949
445 4950
445 4951
445 4952
445 4953
445 4954
445 4955
445 4956
445 4957
445 4958
445 4959
446 4960
446 4961
446 4962
446 4963
446 4964
446 4965
446 4966
446 4967
446 4968
446 4969
447 4970
447 4971
447 4972
447 4973
447 4974
447 4975
447 4976
447 4977
447 4978
447 4979
448 4980
448 4981
448 4982
448 4983
448 4984
448 4985
448 4986
448 4987
448 4988
448 4989
449 4990
449 4991
449 4992
449 4993
449 4994
449 4995
449 4996
449 4997
449 4998
449 4999
450 5000
450 5001
450 5002
450 5003
450 5004
450 5005
450 5006
450 5007
450 5008
450 5009
451 5010
451 5011
451 5012
451 5013
451 5014
451 5015
451 5016
451 5017
451 5018
451 5019
452 5020
452 5021
452 5022
452 5023
452 5024
452 5025
452 5026
452 5027
452 5028
452 5029
453 5030
453 5031
453 5032
453 5033
453 5034
453 5035
453 5036
453 5037
453 5038
453 5039
454 5040
454 5041
454 5042
454 5043
454 5044
454 5045
454 5046
454 5047
454 5048
454 5049
455 5050
455 5051
455 5052
455 5053
455 5054
455 5055
455 5056
455 5057
455 5058
455 5059
456 5060
456 5061
456 5062
456 5063
456 5064
456 5065
456 5066
456 5067
456 5068
456 5069
457 5070
457 5071
457 5072
457 5073
457 5074
457 5075
457 5076
457 5077
457 5078
457 5079
458 5080
458 5081
458 5082
458 5083
458 5084
458 5085
458 5086
458 5087
458 5088
458 5089
459 5090
459 5091
459 5092
459 5093
459 5094
459 5095
459 5096
459 5097
459 5098
459 5099
460 5100
460 5101
460 5102
460 5103
460 5104
460 5105
460 5106
460 5107
460 5108
460 5109
461 5110
461 5111
461 5112
461 5113
461 5114
461 5115
461 5116
461 5117
461 5118
461 5119
462 5120
462 5121
462 5122
462 5123
462 5124
462 5125
462 5126
462 5127
462 5128
462 5129
463 5130
463 5131
463 5132
463 5133
463 5134
463 5135
463 5136
463 5137
463 5138
463 5139
464 5140
464 5141
464 5142
464 5143
464 5144
464 5145
464 5146
464 5147
464 5148
464 5149
465 5150
465 5151
465 5152
465 5153
465 5154
465 5155
465 5156
465 5157
465 5158
465 5159
466 5160
466 5161
466 5162
466 5163
466 5164
466 5165
466 5166
466 5167
466 5168
466 5169
467 5170
467 5171
467 5172
467 5173
467 5174
467 5175
467 5176
467 5177
467 5178
467 5179
468 5180
468 5181
468 5182
468 5183
468 5184
468 5185
468 5186
468 5187
468 5188
468 5189
469 5190
469 5191
469 5192
469 5193
469 5194
469 5195
469 5196
469 5197
469 5198
469 5199
470 5200
470 5201
470 5202
470 5203
470 5204
470 5205
470 5206
470 5207
470 5208
470 5209
471 5210
471 5211
471 5212
471 5213
471 5214
471 5215
471 5216
471 5217
471 5218
471 5219
472 5220
472 5221
472 5222
472 5223
472 5224
472 5225
472 5226
472 5227
472 5228
472 5229
473 5230
473 5231
473 5232
473 5233
473 5234
473 5235
473 5236
473 5237
473 5238
473 5239
474 5240
474 5241
474 5242
474 5243
474 5244
474 5245
474 5246
474 5247
474 5248
474 5249
475 5250
475 5251
475 5252
475 5253
475 5254
475 5255
475 5256
475 5257
475 5258
475 5259
476 5260
476 5261
476 5262
476 5263
476 5264
476 5265
476 5266
476 5267
476 5268
476 5269
477 5270
477 5271
477 5272
477 5273
477 5274
477 5275
477 5276
477 5277
477 5278
477 5279
478 5280
478 5281
478 5282
478 5283
478 5284
478 5285
478 5286
478 5287
478 5288
478 5289
479 5290
479 5291
479 5292
479 5293
479 5294
479 5295
479 5296
479 5297
479 5298
479 5299
480 5300
480 5301
480 5302
480 5303
480 5304
480 5305
480 5306
480 5307
480 5308
480 5309
481 5310
481 5311
481 5312
481 5313
481 5314
481 5315
481 5316
481 5317
481 5318
481 5319
482 5320
482 5321
482 5322
482 5323
482 5324
482 5325
482 5326
482 5327
482 5328
482 5329
483 5330
483 5331
483 5332
483 5333
483 5334
483 5335
483 5336
483 5337
483 5338
483 5339
484 5340
484 5341
484 5342
484 5343
484 5344
484 5345
484 5346
484 5347
484 5348
484 5349
485 5350
485 5351
485 5352
485 5353
485 5354
485 5355
485 5356
485 5357
485 5358
485 5359
486 5360
486 5361
486 5362
486 5363
486 5364
486 5365
486 5366
486 5367
486 5368
486 5369
487 5370
487 5371
487 5372
487 5373
487 5374
487 5375
487 5376
487 5377
487 5378
487 5379
488 5380
488 5381
488 5382
488 5383
488 5384
488 5385
488 5386
488 5387
488 5388
488 5389
489 5390
489 5391
489 5392
489 5393
489 5394
489 5395
489 5396
489 5397
489 5398
489 5399
490 5400
490 5401
490 5402
490 5403
490 5404
490 5405
490 5406
490 5407
490 5408
490 5409
491 5410
491 5411
491 5412
491 5413
491 5414
491 5415
491 5416
491 5417
491 5418
491 5419
492 5420
492 5421
492 5422
492 5423
492 5424
492 5425
492 5426
492 5427
492 5428
492 5429
493 5430
493 5431
493 5432
493 5433
493 5434
493 5435
493 5436
493 5437
493 5438
493 5439
494 5440
494 5441
494 5442
494 5443
494 5444
494 5445
494 5446
494 5447
494 5448
494 5449
495 5450
495 5451
495 5452
495 5453
495 5454
495 5455
495 5456
495 5457
495 5458
495 5459
496 5460
496 5461
496 5462
496 5463
496 5464
496 5465
496 5466
496 5467
496 5468
496 5469
497 5470
497 5471
497 5472
497 5473
497 5474
497 5475
497 5476
497 5477
497 5478
497 5479
498 5480
498 5481
498 5482
498 5483
498 5484
498 5485
498 5486
498 5487
498 5488
498 5489
499 5490
499 5491
499 5492
499 5493
499 5494
499 5495
499 5496
499 5497
499 5498
499 5499
