0 123
0 4
0 78
0 62
1 56
1 57
1 28
1 94
2 17
2 37
2 81
2 63
3 80
3 9
3 67
3 65
4 90
4 91
4 70
5 80
5 90
5 53
5 29
6 90
6 107
6 36
6 13
7 48
7 25
7 43
7 97
8 24
8 77
8 102
8 39
9 71
9 83
9 111
10 27
10 26
10 106
10 37
11 72
11 55
11 27
11 119
12 50
12 44
12 46
12 22
13 40
13 49
13 42
14 40
14 18
14 91
14 93
15 88
15 56
15 99
15 119
16 83
16 51
16 36
16 71
17 64
17 108
17 109
18 119
18 102
18 103
19 64
19 84
19 94
19 39
20 88
20 121
20 122
20 104
21 60
21 92
21 77
21 87
22 64
22 100
22 117
23 112
23 98
23 92
23 109
24 98
24 59
24 79
25 103
25 91
25 44
26 32
26 34
26 60
27 105
27 39
28 29
28 62
28 117
29 68
29 49
30 34
30 115
30 76
30 55
31 82
31 84
31 46
31 54
32 124
32 116
32 122
33 51
33 59
33 124
33 119
34 74
34 106
35 104
35 48
35 75
35 54
36 117
36 55
37 120
37 50
38 88
38 105
38 75
38 86
39 88
40 112
40 52
41 113
41 74
41 116
41 85
42 58
42 85
42 45
43 82
43 68
43 95
44 72
44 93
45 51
45 62
45 70
46 73
46 93
47 80
47 107
47 98
47 123
48 96
48 110
49 101
49 87
50 112
50 74
51 82
52 97
52 77
52 95
53 89
53 91
53 118
54 58
54 98
55 62
56 61
56 73
57 65
57 113
57 118
58 114
58 79
59 65
59 108
60 122
60 86
61 64
61 69
61 89
63 104
63 103
63 111
65 99
66 107
66 72
66 114
66 123
67 80
67 82
67 69
68 97
68 95
69 72
69 81
70 83
70 78
71 85
71 101
73 89
73 83
74 92
75 121
75 86
76 97
76 81
76 95
77 102
78 104
78 118
79 84
79 118
81 101
84 124
85 120
86 93
87 100
87 108
89 105
90 109
92 114
94 102
94 111
96 106
96 99
96 110
99 116
100 113
100 121
101 106
103 114
105 113
107 115
108 111
109 115
110 120
110 116
112 122
115 121
117 120
123 124
0 125
0 126
0 127
0 128
0 129
0 130
1 131
1 132
1 133
1 134
1 135
1 136
2 137
2 138
2 139
2 140
2 141
2 142
3 143
3 144
3 145
3 146
3 147
3 148
4 149
4 150
4 151
4 152
4 153
4 154
5 155
5 156
5 157
5 158
5 159
5 160
6 161
6 162
6 163
6 164
6 165
6 166
7 167
7 168
7 169
7 170
7 171
7 172
8 173
8 174
8 175
8 176
8 177
8 178
9 179
9 180
9 181
9 182
9 183
9 184
10 185
10 186
10 187
10 188
10 189
10 190
11 191
11 192
11 193
11 194
11 195
11 196
12 197
12 198
12 199
12 200
12 201
12 202
13 203
13 204
13 205
13 206
13 207
13 208
14 209
14 210
14 211
14 212
14 213
14 214
15 215
15 216
15 217
15 218
15 219
15 220
16 221
16 222
16 223
16 224
16 225
16 226
17 227
17 228
17 229
17 230
17 231
17 232
18 233
18 234
18 235
18 236
18 237
18 238
19 239
19 240
19 241
19 242
19 243
19 244
20 245
20 246
20 247
20 248
20 249
20 250
21 251
21 252
21 253
21 254
21 255
21 256
22 257
22 258
22 259
22 260
22 261
22 262
23 263
23 264
23 265
23 266
23 267
23 268
24 269
24 270
24 271
24 272
24 273
24 274
25 275
25 276
25 277
25 278
25 279
25 280
26 281
26 282
26 283
26 284
26 285
26 286
27 287
27 288
27 289
27 290
27 291
27 292
28 293
28 294
28 295
28 296
28 297
28 298
29 299
29 300
29 301
29 302
29 303
29 304
30 305
30 306
30 307
30 308
30 309
30 310
31 311
31 312
31 313
31 314
31 315
31 316
32 317
32 318
32 319
32 320
32 321
32 322
33 323
33 324
33 325
33 326
33 327
33 328
34 329
34 330
34 331
34 332
34 333
34 334
35 335
35 336
35 337
35 338
35 339
35 340
36 341
36 342
36 343
36 344
36 345
36 346
37 347
37 348
37 349
37 350
37 351
37 352
38 353
38 354
38 355
38 356
38 357
38 358
39 359
39 360
39 361
39 362
39 363
39 364
40 365
40 366
40 367
40 368
40 369
40 370
41 371
41 372
41 373
41 374
41 375
41 376
42 377
42 378
42 379
42 380
42 381
42 382
43 383
43 384
43 385
43 386
43 387
43 388
44 389
44 390
44 391
44 392
44 393
44 394
45 395
45 396
45 397
45 398
45 399
45 400
46 401
46 402
46 403
46 404
46 405
46 406
47 407
47 408
47 409
47 410
47 411
47 412
48 413
48 414
48 415
48 416
48 417
48 418
49 419
49 420
49 421
49 422
49 423
49 424
50 425
50 426
50 427
50 428
50 429
50 430
51 431
51 432
51 433
51 434
51 435
51 436
52 437
52 438
52 439
52 440
52 441
52 442
53 443
53 444
53 445
53 446
53 447
53 448
54 449
54 450
54 451
54 452
54 453
54 454
55 455
55 456
55 457
55 458
55 459
55 460
56 461
56 462
56 463
56 464
56 465
56 466
57 467
57 468
57 469
57 470
57 471
57 472
58 473
58 474
58 475
58 476
58 477
58 478
59 479
59 480
59 481
59 482
59 483
59 484
60 485
60 486
60 487
60 488
60 489
60 490
61 491
61 492
61 493
61 494
61 495
61 496
62 497
62 498
62 499
62 500
62 501
62 502
63 503
63 504
63 505
63 506
63 507
63 508
64 509
64 510
64 511
64 512
64 513
64 514
65 515
65 516
65 517
65 518
65 519
65 520
66 521
66 522
66 523
66 524
66 525
66 526
67 527
67 528
67 529
67 530
67 531
67 532
68 533
68 534
68 535
68 536
68 537
68 538
69 539
69 540
69 541
69 542
69 543
69 544
70 545
70 546
70 547
70 548
70 549
70 550
71 551
71 552
71 553
71 554
71 555
71 556
72 557
72 558
72 559
72 560
72 561
72 562
73 563
73 564
73 565
73 566
73 567
73 568
74 569
74 570
74 571
74 572
74 573
74 574
75 575
75 576
75 577
75 578
75 579
75 580
76 581
76 582
76 583
76 584
76 585
76 586
77 587
77 588
77 589
77 590
77 591
77 592
78 593
78 594
78 595
78 596
78 597
78 598
79 599
79 600
79 601
79 602
79 603
79 604
80 605
80 606
80 607
80 608
80 609
80 610
81 611
81 612
81 613
81 614
81 615
81 616
82 617
82 618
82 619
82 620
82 621
82 622
83 623
83 624
83 625
83 626
83 627
83 628
84 629
84 630
84 631
84 632
84 633
84 634
85 635
85 636
85 637
85 638
85 639
85 640
86 641
86 642
86 643
86 644
86 645
86 646
87 647
87 648
87 649
87 650
87 651
87 652
88 653
88 654
88 655
88 656
88 657
88 658
89 659
89 660
89 661
89 662
89 663
89 664
90 665
90 666
90 667
90 668
90 669
90 670
91 671
91 672
91 673
91 674
91 675
91 676
92 677
92 678
92 679
92 680
92 681
92 682
93 683
93 684
93 685
93 686
93 687
93 688
94 689
94 690
94 691
94 692
94 693
94 694
95 695
95 696
95 697
95 698
95 699
95 700
96 701
96 702
96 703
96 704
96 705
96 706
97 707
97 708
97 709
97 710
97 711
97 712
98 713
98 714
98 715
98 716
98 717
98 718
99 719
99 720
99 721
99 722
99 723
99 724
100 725
100 726
100 727
100 728
100 729
100 730
101 731
101 732
101 733
101 734
101 735
101 736
102 737
102 738
102 739
102 740
102 741
102 742
103 743
103 744
103 745
103 746
103 747
103 748
104 749
104 750
104 751
104 752
104 753
104 754
105 755
105 756
105 757
105 758
105 759
105 760
106 761
106 762
106 763
106 764
106 765
106 766
107 767
107 768
107 769
107 770
107 771
107 772
108 773
108 774
108 775
108 776
108 777
108 778
109 779
109 780
109 781
109 782
109 783
109 784
110 785
110 786
110 787
110 788
110 789
110 790
111 791
111 792
111 793
111 794
111 795
111 796
112 797
112 798
112 799
112 800
112 801
112 802
113 803
113 804
113 805
113 806
113 807
113 808
114 809
114 810
114 811
114 812
114 813
114 814
115 815
115 816
115 817
115 818
115 819
115 820
116 821
116 822
116 823
116 824
116 825
116 826
117 827
117 828
117 829
117 830
117 831
117 832
118 833
118 834
118 835
118 836
118 837
118 838
119 839
119 840
119 841
119 842
119 843
119 844
120 845
120 846
120 847
120 848
120 849
120 850
121 851
121 852
121 853
121 854
121 855
121 856
122 857
122 858
122 859
122 860
122 861
122 862
123 863
123 864
123 865
123 866
123 867
123 868
124 869
124 870
124 871
124 872
124 873
124 874
