0 384
0 209
0 98
0 75
0 101
0 423
0 200
0 266
0 171
0 268
0 430
0 145
0 306
0 211
0 276
0 183
1 97
1 331
1 324
1 433
1 40
1 395
1 204
1 285
1 208
1 157
1 85
1 118
1 440
1 250
1 316
1 442
2 192
2 288
2 34
2 292
2 101
2 40
2 143
2 272
2 19
2 404
2 246
2 215
2 216
2 249
2 378
2 125
3 450
3 102
3 391
3 41
3 394
3 75
3 29
3 206
3 413
3 209
3 114
3 118
3 393
3 124
3 234
3 158
4 33
4 98
4 358
4 135
4 266
4 167
4 398
4 111
4 146
4 243
4 309
4 55
4 219
4 380
4 253
4 446
5 416
5 224
5 386
5 291
5 37
5 294
5 136
5 269
5 207
5 153
5 217
5 410
5 155
5 252
5 317
5 94
6 112
6 258
6 234
6 66
6 142
6 365
6 336
6 242
6 339
6 372
6 311
6 184
6 154
6 59
6 221
6 319
7 352
7 448
7 99
7 292
7 358
7 31
7 76
7 45
7 205
7 123
7 22
7 344
7 196
7 187
7 349
7 383
8 321
8 98
8 11
8 260
8 73
8 234
8 132
8 364
8 130
8 335
8 221
8 395
8 185
8 316
8 381
8 222
9 192
9 450
9 99
9 292
9 325
9 232
9 398
9 90
9 243
9 340
9 182
9 184
9 122
9 187
9 220
9 189
10 400
10 196
10 417
10 328
10 137
10 203
10 142
10 48
10 434
10 211
10 174
10 169
10 24
10 122
10 411
10 94
11 128
11 32
11 130
11 419
11 70
11 107
11 290
11 174
11 450
11 369
11 83
11 244
11 441
11 345
11 383
12 97
12 175
12 123
12 69
12 423
12 137
12 209
12 263
12 434
12 303
12 241
12 274
12 407
12 205
12 125
12 255
13 97
13 386
13 355
13 261
13 42
13 331
13 365
13 408
13 179
13 88
13 89
13 293
13 95
13 61
13 158
13 351
14 64
14 129
14 98
14 291
14 421
14 225
14 106
14 199
14 304
14 432
14 81
14 147
14 448
14 408
14 67
14 284
15 131
15 325
15 38
15 327
15 234
15 333
15 269
15 176
15 211
15 309
15 22
15 377
15 89
15 154
15 287
15 389
16 225
16 197
16 327
16 136
16 434
16 50
16 399
16 17
16 338
16 244
16 406
16 345
16 26
16 239
16 380
16 191
17 258
17 356
17 98
17 339
17 332
17 429
17 78
17 111
17 18
17 243
17 190
17 118
17 89
17 283
17 150
18 384
18 65
18 34
18 229
18 391
18 73
18 359
18 143
18 368
18 416
18 152
18 25
18 271
18 348
18 157
19 352
19 99
19 132
19 260
19 43
19 109
19 400
19 337
19 147
19 436
19 277
19 280
19 388
19 252
19 63
20 420
20 337
20 106
20 23
20 237
20 304
20 369
20 309
20 374
20 407
20 216
20 186
20 444
20 250
20 254
20 117
21 194
21 323
21 388
21 423
21 135
21 305
21 399
21 157
21 216
21 285
21 280
21 90
21 367
21 124
21 381
21 254
22 65
22 75
22 359
22 104
22 161
22 237
22 376
22 51
22 438
22 311
22 440
22 410
22 91
22 231
23 96
23 259
23 391
23 200
23 339
23 171
23 94
23 175
23 433
23 35
23 405
23 47
23 411
23 286
23 309
24 256
24 258
24 68
24 98
24 40
24 47
24 450
24 302
24 431
24 146
24 371
24 277
24 406
24 155
24 413
25 32
25 225
25 226
25 323
25 228
25 325
25 105
25 114
25 45
25 51
25 66
25 54
25 314
25 187
25 349
26 256
26 320
26 418
26 387
26 102
26 97
26 301
26 366
26 271
26 367
26 278
26 313
26 154
26 79
26 253
27 96
27 304
27 450
27 292
27 133
27 203
27 108
27 78
27 48
27 352
27 342
27 87
27 409
27 442
27 317
27 255
28 384
28 386
28 227
28 72
28 213
28 333
28 301
28 67
28 212
28 373
28 86
28 83
28 249
28 91
28 382
28 127
29 96
29 385
29 98
29 36
29 102
29 348
29 235
29 56
29 306
29 438
29 216
29 152
29 379
29 92
29 90
30 385
30 147
30 326
30 297
30 234
30 279
30 269
30 371
30 180
30 62
30 169
30 120
30 156
30 285
30 126
30 425
31 192
31 33
31 91
31 326
31 79
31 236
31 93
31 440
31 81
31 338
31 86
31 248
31 250
31 443
31 442
32 416
32 64
32 258
32 100
32 229
32 102
32 71
32 392
32 330
32 204
32 303
32 436
32 356
32 158
33 354
33 411
33 196
33 228
33 427
33 236
33 207
33 335
33 274
33 308
33 270
33 151
33 441
33 219
34 427
34 100
34 198
34 295
34 105
34 299
34 354
34 272
34 401
34 278
34 375
34 89
34 381
34 382
35 64
35 290
35 227
35 69
35 198
35 136
35 44
35 396
35 175
35 434
35 375
35 191
35 284
35 286
35 447
36 132
36 379
36 356
36 392
36 139
36 143
36 368
36 146
36 307
36 181
36 150
36 152
36 420
36 347
36 85
37 288
37 163
37 356
37 361
37 170
37 335
37 240
37 370
37 84
37 53
37 342
37 153
37 185
37 399
37 414
38 99
38 420
38 325
38 39
38 265
38 202
38 269
38 333
38 114
38 147
38 317
38 182
38 282
38 253
38 126
39 97
39 197
39 230
39 263
39 360
39 201
39 138
39 267
39 61
39 367
39 86
39 120
39 345
39 170
39 191
40 288
40 387
40 134
40 138
40 235
40 114
40 77
40 399
40 144
40 242
40 439
40 282
40 447
41 162
41 196
41 292
41 363
41 396
41 271
41 337
41 90
41 53
41 89
41 441
41 409
41 410
41 239
41 253
42 368
42 418
42 423
42 296
42 363
42 397
42 432
42 173
42 178
42 213
42 240
42 71
42 315
42 349
42 222
43 320
43 274
43 171
43 68
43 133
43 390
43 74
43 203
43 397
43 174
43 59
43 82
43 117
43 342
43 251
44 96
44 356
44 133
44 134
44 361
44 298
44 212
44 405
44 118
44 148
44 186
44 92
44 442
44 126
44 357
45 320
45 97
45 354
45 163
45 325
45 166
45 201
45 428
45 206
45 115
45 308
45 155
45 379
45 92
46 67
46 324
46 69
46 296
46 141
46 206
46 367
46 433
46 334
46 373
46 438
46 408
46 377
46 59
46 92
46 255
47 367
47 449
47 162
47 123
47 200
47 363
47 450
47 431
47 210
47 275
47 277
47 58
47 335
47 222
48 418
48 292
48 327
48 104
48 67
48 236
48 130
48 366
48 335
48 51
48 312
48 443
48 125
48 223
49 163
49 292
49 357
49 358
49 220
49 439
49 238
49 367
49 336
49 181
49 343
49 164
49 207
49 188
49 190
49 127
50 416
50 289
50 100
50 294
50 119
50 265
50 171
50 428
50 147
50 404
50 247
50 280
50 68
50 187
50 415
51 321
51 386
51 195
51 194
51 205
51 112
51 273
51 153
51 312
51 429
51 315
51 313
51 254
52 290
52 315
52 424
52 169
52 427
52 141
52 430
52 253
52 425
52 249
52 218
52 283
52 346
52 250
52 254
52 63
53 64
53 385
53 226
53 259
53 295
53 328
53 204
53 333
53 174
53 387
53 84
53 182
53 349
53 94
54 194
54 67
54 294
54 167
54 424
54 300
54 109
54 238
54 368
54 147
54 404
54 245
54 87
54 154
54 219
55 91
55 104
55 137
55 426
55 267
55 77
55 379
55 242
55 435
55 148
55 438
55 377
55 248
55 345
55 315
56 197
56 217
56 421
56 437
56 142
56 207
56 177
56 82
56 372
56 398
56 377
56 441
56 186
56 124
56 191
57 97
57 262
57 294
57 257
57 264
57 425
57 202
57 268
57 302
57 304
57 211
57 341
57 233
57 377
57 445
57 446
58 65
58 72
58 427
58 364
58 242
58 208
58 146
58 115
58 447
58 86
58 441
58 314
58 95
58 318
58 383
59 96
59 327
59 171
59 333
59 270
59 239
59 272
59 146
59 211
59 214
59 87
59 88
59 91
60 128
60 385
60 419
60 360
60 127
60 300
60 255
60 272
60 113
60 99
60 376
60 88
60 346
60 251
60 252
60 223
61 193
61 66
61 389
61 295
61 168
61 247
61 364
61 397
61 81
61 115
61 375
61 120
61 318
61 287
62 194
62 422
62 200
62 233
62 426
62 354
62 287
62 145
62 84
62 279
62 154
62 155
62 122
62 126
62 255
63 289
63 226
63 259
63 197
63 325
63 391
63 72
63 389
63 140
63 275
63 323
63 270
63 255
63 165
64 386
64 229
64 168
64 329
64 299
64 400
64 114
64 265
64 152
64 91
64 124
64 446
65 226
65 136
65 188
65 394
65 75
65 77
65 429
65 80
65 177
65 309
65 118
65 316
65 133
66 448
66 304
66 126
66 105
66 237
66 432
66 401
66 179
66 341
66 73
66 111
66 189
66 254
67 224
67 192
67 294
67 394
67 236
67 209
67 180
67 116
67 346
67 383
67 415
68 386
68 198
68 263
68 328
68 393
68 426
68 301
68 305
68 212
68 343
68 216
68 121
68 411
69 388
69 73
69 395
69 110
69 190
69 305
69 370
69 147
69 437
69 214
69 378
69 158
69 383
70 409
70 98
70 387
70 260
70 329
70 80
70 113
70 149
70 246
70 407
70 380
70 346
70 151
70 154
70 159
71 327
71 100
71 390
71 359
71 392
71 203
71 397
71 400
71 372
71 344
71 164
71 155
71 92
71 317
72 449
72 387
72 164
72 200
72 300
72 366
72 208
72 401
72 146
72 120
72 90
72 411
72 124
73 323
73 356
73 106
73 203
73 173
73 450
73 209
73 338
73 195
73 93
73 446
73 415
74 194
74 359
74 300
74 333
74 93
74 221
74 186
74 190
74 183
74 218
74 367
74 124
74 410
74 382
74 437
75 176
75 76
75 330
75 107
75 332
75 269
75 302
75 400
75 342
75 439
75 219
75 125
76 420
76 230
76 199
76 105
76 312
76 306
76 308
76 245
76 438
76 329
76 376
76 383
76 220
76 287
77 305
77 331
77 132
77 103
77 392
77 151
77 304
77 242
77 279
77 120
77 388
77 156
77 319
78 311
78 325
78 198
78 103
78 119
78 268
78 238
78 229
78 308
78 439
78 314
78 315
78 156
78 127
79 192
79 321
79 162
79 291
79 422
79 327
79 139
79 80
79 171
79 247
79 267
79 348
79 349
79 414
80 137
80 205
80 303
80 114
80 84
80 374
80 119
80 377
80 90
80 91
80 380
80 202
80 447
81 323
81 363
81 202
81 371
81 237
81 114
81 123
81 212
81 214
81 185
81 218
81 234
81 191
82 160
82 311
82 348
82 106
82 107
82 237
82 366
82 399
82 304
82 338
82 279
82 377
82 281
82 169
83 164
83 423
83 422
83 135
83 264
83 203
83 172
83 239
83 146
83 405
83 438
83 250
83 414
83 286
84 176
84 226
84 325
84 198
84 359
84 392
84 170
84 423
84 332
84 141
84 435
84 349
85 288
85 224
85 293
85 232
85 169
85 338
85 142
85 111
85 402
85 148
85 309
85 344
85 252
85 221
86 225
86 419
86 133
86 137
86 263
86 272
86 318
86 406
86 297
86 440
86 381
86 382
87 354
87 379
87 374
87 298
87 332
87 239
87 323
87 404
87 121
87 122
87 125
87 414
87 191
88 161
88 324
88 328
88 172
88 400
88 232
88 371
88 276
88 213
88 279
88 287
88 94
88 149
89 256
89 225
89 130
89 165
89 358
89 329
89 107
89 205
89 178
89 248
89 124
90 385
90 322
90 404
90 239
90 403
90 246
90 313
90 217
90 95
90 255
91 214
91 347
91 198
91 438
91 170
91 238
91 145
91 291
91 278
92 160
92 229
92 232
92 247
92 335
92 114
92 116
92 206
92 407
92 216
92 103
93 389
93 294
93 263
93 233
93 138
93 371
93 301
93 430
93 239
93 208
93 339
93 119
93 317
94 193
94 102
94 337
94 396
94 431
94 177
94 213
94 216
94 154
94 156
94 254
95 290
95 324
95 246
95 297
95 430
95 431
95 401
95 214
95 344
95 445
95 155
95 380
95 312
96 160
96 417
96 358
96 189
96 177
96 210
96 180
96 151
96 216
96 410
96 414
97 230
97 360
97 329
97 404
97 336
97 340
97 438
97 280
97 413
98 448
98 99
98 261
98 367
98 309
98 388
98 250
98 156
99 384
99 427
99 371
99 140
99 366
99 285
99 372
99 121
99 411
99 317
100 161
100 195
100 101
100 359
100 450
100 143
100 304
100 245
100 381
100 103
100 157
100 437
101 395
101 325
101 263
101 136
101 279
101 207
101 273
101 212
101 187
101 183
101 155
101 253
101 231
102 225
102 103
102 233
102 269
102 238
102 221
102 144
102 291
102 117
102 247
102 123
103 354
103 369
103 109
103 400
103 401
103 211
103 340
103 405
103 271
103 252
103 191
104 321
104 290
104 196
104 124
104 267
104 333
104 334
104 367
104 341
104 409
104 217
104 380
104 445
105 384
105 243
105 435
105 205
105 397
105 208
105 211
105 148
105 182
105 247
105 314
105 156
106 130
106 323
106 324
106 295
106 360
106 394
106 111
106 291
106 436
106 120
106 253
106 446
107 320
107 450
107 427
107 200
107 362
107 418
107 208
107 259
107 269
107 408
107 187
107 446
108 176
108 259
108 164
108 326
108 394
108 334
108 111
108 368
108 178
108 340
108 439
108 116
108 346
108 347
108 318
109 160
109 385
109 131
109 164
109 129
109 169
109 363
109 337
109 335
109 433
109 217
109 346
109 199
110 224
110 320
110 387
110 295
110 296
110 140
110 396
110 173
110 430
110 399
110 304
110 371
110 282
110 283
110 314
111 266
111 424
111 367
111 125
111 341
111 118
111 407
111 122
111 191
111 170
112 257
112 258
112 391
112 138
112 242
112 303
112 434
112 308
112 149
112 278
112 151
112 312
112 217
112 283
113 192
113 450
113 443
113 420
113 351
113 334
113 208
113 209
113 274
113 310
113 247
113 121
113 219
113 447
114 357
114 145
114 431
114 280
114 250
114 444
114 285
114 159
115 257
115 420
115 135
115 169
115 167
115 398
115 333
115 180
115 214
115 361
115 116
115 445
115 319
116 352
116 225
116 235
116 360
116 331
116 205
116 274
116 371
116 212
116 149
116 221
116 286
117 448
117 320
117 395
117 165
117 243
117 339
117 309
117 312
117 314
117 443
117 220
117 157
117 442
118 322
118 293
118 358
118 225
118 424
118 266
118 244
118 218
118 143
118 446
119 448
119 224
119 411
119 292
119 294
119 143
119 210
119 307
119 302
119 183
119 187
119 351
120 200
120 166
120 134
120 141
120 366
120 328
120 435
120 373
120 346
120 220
121 226
121 387
121 388
121 293
121 330
121 402
121 366
121 175
121 178
121 149
121 414
121 255
122 257
122 354
122 389
122 198
122 395
122 397
122 434
122 340
122 341
122 329
122 408
123 195
123 145
123 235
123 305
123 337
123 431
123 208
123 401
123 402
123 153
123 319
124 392
124 199
124 340
124 205
124 401
124 180
124 309
124 215
125 388
125 133
125 198
125 337
125 402
125 319
125 441
125 335
125 254
125 357
126 448
126 258
126 329
126 171
126 204
126 240
126 182
126 344
126 399
126 253
126 223
127 384
127 385
127 290
127 355
127 386
127 391
127 362
127 299
127 130
127 436
127 279
127 154
128 131
128 389
128 142
128 329
128 364
128 402
128 270
128 399
128 370
128 403
128 404
128 350
128 381
128 222
129 256
129 352
129 130
129 387
129 228
129 136
129 427
129 386
129 349
129 179
129 180
129 206
129 381
129 445
130 320
130 416
130 332
130 206
130 303
130 392
130 409
130 155
130 412
131 408
131 261
131 265
131 362
131 267
131 301
131 304
131 141
131 242
131 237
131 312
131 413
131 426
132 343
132 421
132 243
132 297
132 202
132 151
132 274
132 178
132 179
132 308
132 345
132 441
133 288
133 289
133 195
133 357
133 429
133 175
133 401
133 212
133 444
133 383
134 161
134 163
134 195
134 243
134 239
134 248
134 371
134 148
134 406
134 151
134 372
134 349
134 222
135 171
135 165
135 422
135 259
135 234
135 299
135 365
135 367
135 310
135 217
135 252
135 211
136 352
136 379
136 274
136 429
136 178
136 372
136 347
136 319
136 285
136 350
137 321
137 163
137 165
137 396
137 238
137 303
137 366
137 405
137 345
137 317
137 287
138 416
138 449
138 358
138 331
138 142
138 168
138 402
138 179
138 238
138 385
138 312
138 187
139 256
139 400
139 290
139 388
139 237
139 399
139 432
139 178
139 179
139 436
139 214
139 407
139 153
139 190
140 149
140 417
140 194
140 230
140 294
140 423
140 393
140 355
140 429
140 400
140 435
140 277
140 410
141 225
141 165
141 326
141 145
141 204
141 215
141 268
141 402
141 183
141 248
141 218
142 225
142 229
142 168
142 363
142 398
142 270
142 339
142 346
142 378
142 380
143 409
143 422
143 307
143 170
143 211
143 372
143 181
143 247
143 215
143 260
144 262
144 163
144 390
144 422
144 296
144 330
144 171
144 332
144 397
144 399
144 369
144 243
144 404
144 247
145 386
145 197
145 335
145 275
145 340
145 405
145 310
145 248
145 218
145 165
146 448
146 391
146 324
146 361
146 266
146 301
146 430
146 336
146 370
147 419
147 324
147 233
147 330
147 304
147 181
147 440
147 250
147 277
148 288
148 441
148 420
148 425
148 439
148 244
148 181
148 372
148 220
148 265
148 185
149 160
149 272
149 289
149 396
149 175
149 221
149 211
149 213
149 233
149 189
150 289
150 386
150 327
150 360
150 359
150 269
150 367
150 272
150 338
150 180
150 305
150 354
150 154
150 175
151 417
151 424
151 233
151 395
151 296
151 440
151 313
151 220
151 241
152 321
152 229
152 326
152 263
152 425
152 270
152 189
152 399
152 313
152 315
152 445
152 190
153 198
153 199
153 284
153 366
153 302
153 241
153 181
153 184
153 249
153 282
153 412
154 354
154 196
154 430
154 339
154 350
154 245
154 180
155 323
155 294
155 167
155 322
155 440
155 181
155 342
155 447
156 323
156 231
156 425
156 362
156 364
156 275
156 341
156 182
156 265
156 376
157 390
157 270
157 201
157 364
157 174
157 336
157 369
157 210
157 398
157 217
157 223
158 160
158 288
158 291
158 420
158 406
158 299
158 326
158 246
158 344
158 283
158 315
158 395
159 195
159 425
159 311
159 172
159 306
159 368
159 435
159 276
159 407
159 185
159 314
159 251
159 345
159 319
160 192
160 226
160 427
160 293
160 424
160 265
160 354
160 206
160 431
160 340
161 417
161 194
161 297
161 426
161 427
161 334
161 337
161 274
161 179
161 279
161 410
161 315
162 449
162 262
162 295
162 264
162 223
162 353
162 392
162 274
162 233
162 430
162 201
162 219
162 319
163 262
163 227
163 296
163 299
163 437
163 246
163 183
163 442
163 348
163 447
164 448
164 353
164 424
164 390
164 202
164 432
164 242
164 277
164 317
164 328
165 192
165 422
165 428
165 298
165 268
165 342
165 279
165 314
165 446
166 320
166 193
166 228
166 325
166 257
166 331
166 406
166 376
166 185
166 415
166 412
166 253
166 199
166 351
167 416
167 322
167 419
167 358
167 266
167 407
167 173
167 399
167 401
167 370
167 311
167 378
168 353
168 390
168 230
168 417
168 329
168 359
168 428
168 275
168 233
168 280
168 234
168 396
169 257
169 291
169 421
169 175
169 339
169 407
169 216
169 218
169 415
170 449
170 355
170 195
170 268
170 302
170 338
170 253
170 281
170 378
170 413
171 324
171 424
171 210
171 401
171 275
171 318
171 185
172 347
172 322
172 365
172 270
172 207
172 177
172 210
172 403
172 373
172 185
172 184
172 348
172 189
173 193
173 328
173 297
173 395
173 300
173 397
173 340
173 213
173 278
173 184
173 281
173 318
174 292
174 424
174 187
174 369
174 402
174 367
174 438
174 183
174 443
174 444
174 221
175 409
175 419
175 302
175 414
175 214
175 441
175 364
175 382
176 293
176 296
176 361
176 394
176 208
176 402
176 243
176 373
176 183
176 443
176 445
176 286
177 322
177 356
177 289
177 360
177 382
177 206
177 432
177 254
177 213
177 374
177 223
178 320
178 197
178 234
178 337
178 362
178 435
178 280
178 403
178 188
179 325
179 364
179 239
179 336
179 339
179 240
179 345
179 349
179 223
180 290
180 326
180 331
180 369
180 406
180 313
180 249
180 293
181 418
181 443
181 201
181 236
181 365
181 221
181 212
181 310
181 381
182 448
182 225
182 291
182 329
182 328
182 298
182 238
182 183
182 381
182 425
183 321
183 423
183 233
183 241
183 274
183 217
183 316
184 289
184 387
184 294
184 265
184 300
184 429
184 401
184 308
184 405
184 280
184 345
185 352
185 355
185 381
185 368
185 271
185 249
185 251
185 221
186 390
186 308
186 271
186 432
186 335
186 404
186 373
186 343
186 303
186 348
186 318
186 276
187 228
187 345
187 365
187 404
187 245
187 278
187 222
188 258
188 310
188 263
188 394
188 370
188 339
188 340
188 245
188 438
188 439
188 217
188 315
188 351
189 193
189 450
189 270
189 301
189 434
189 430
189 281
189 409
189 303
189 397
190 224
190 448
190 408
190 230
190 263
190 392
190 333
190 208
190 362
190 415
191 293
191 422
191 360
191 355
191 405
191 441
191 378
191 283
192 420
192 364
192 269
192 366
192 307
192 206
192 281
192 318
193 344
193 262
193 231
193 204
193 337
193 408
193 402
193 276
193 248
193 284
193 351
194 355
194 388
194 390
194 262
194 203
194 242
194 342
194 279
194 381
195 385
195 251
195 257
195 365
195 238
195 280
195 270
195 440
196 214
196 200
196 207
196 213
196 374
196 441
196 412
196 426
196 350
196 341
197 352
197 257
197 419
197 422
197 202
197 397
197 382
197 375
197 411
197 350
198 199
198 311
198 355
198 278
198 439
198 408
198 442
199 321
199 388
199 421
199 327
199 202
199 359
199 272
199 410
199 282
200 407
200 332
200 402
200 339
200 345
200 411
200 380
200 446
201 272
201 231
201 202
201 322
201 333
201 246
201 314
201 379
201 412
201 298
201 447
202 358
202 392
202 234
202 389
202 206
202 342
202 287
203 448
203 323
203 356
203 389
203 422
203 237
203 240
203 310
203 349
204 257
204 328
204 425
204 365
204 392
204 211
204 316
204 447
204 444
204 245
205 416
205 450
205 359
205 422
205 395
205 303
205 210
205 406
206 305
206 300
206 239
206 336
206 433
206 371
207 226
207 259
207 428
207 368
207 344
207 277
207 415
207 216
207 381
208 387
208 390
208 429
208 241
208 276
208 346
209 353
209 260
209 394
209 333
209 355
209 278
209 281
209 412
209 426
209 446
210 291
210 261
210 294
210 307
210 276
210 277
210 246
210 299
210 357
211 240
211 232
211 336
211 250
211 442
212 381
212 311
212 333
212 239
212 407
212 410
212 218
212 414
213 448
213 296
213 267
213 399
213 243
213 278
213 282
213 447
214 327
214 362
214 369
214 309
214 249
214 444
214 349
215 416
215 449
215 420
215 261
215 262
215 422
215 327
215 349
215 433
215 406
215 271
215 317
216 353
216 359
216 288
216 310
216 251
216 245
217 321
217 284
217 434
217 307
217 276
217 219
218 267
218 241
218 306
218 235
218 379
218 231
218 382
218 415
219 325
219 273
219 380
219 276
219 373
219 314
219 444
219 442
219 351
220 289
220 258
220 262
220 429
220 238
220 440
220 306
220 346
220 378
221 285
221 339
221 246
221 399
221 234
221 318
222 322
222 260
222 295
222 394
222 272
222 264
222 275
222 246
222 318
222 296
223 288
223 385
223 264
223 284
223 362
223 395
223 328
223 410
223 411
224 295
224 360
224 236
224 433
224 306
224 227
224 281
224 282
224 379
224 415
225 260
225 391
225 273
225 281
225 382
226 256
226 439
226 396
226 352
226 414
226 248
226 315
226 350
227 321
227 241
227 426
227 267
227 268
227 237
227 430
227 304
227 273
227 440
227 412
227 330
228 388
228 438
228 449
228 299
228 272
228 305
228 242
228 435
228 246
228 254
228 447
229 320
229 322
229 230
229 330
229 363
229 244
229 373
229 372
229 383
230 330
230 353
230 243
230 277
230 344
230 266
230 252
230 317
230 293
231 320
231 352
231 357
231 261
231 263
231 264
231 363
231 274
231 377
231 389
232 321
232 427
232 358
232 359
232 265
232 331
232 241
232 342
232 297
232 443
232 350
233 417
233 261
233 367
233 240
233 346
233 383
234 290
234 355
234 414
234 444
234 350
235 323
235 265
235 268
235 435
235 275
235 285
235 402
235 243
235 374
235 444
235 351
236 368
236 258
236 425
236 267
236 288
236 429
236 255
236 434
236 373
236 447
237 353
237 356
237 265
237 341
237 408
237 317
237 383
238 361
238 428
238 310
238 307
238 440
238 413
239 419
239 294
239 369
239 276
239 447
240 256
240 307
240 367
240 341
240 312
240 441
240 335
240 316
240 447
241 320
241 448
241 324
241 375
241 424
241 372
241 346
241 255
242 298
242 300
242 272
242 410
242 412
242 253
243 366
243 407
243 249
243 348
244 256
244 439
244 372
244 426
244 349
244 431
244 375
244 377
244 282
244 266
244 446
245 257
245 421
245 302
245 303
245 280
245 260
245 285
245 287
246 305
246 267
246 433
246 346
246 348
247 384
247 259
247 324
247 294
247 327
247 312
247 409
248 391
248 273
248 374
248 375
248 249
248 251
248 445
248 286
249 417
249 308
249 343
249 303
249 441
249 251
249 412
250 257
250 339
250 353
250 305
250 343
250 356
250 412
251 384
251 395
251 357
251 377
251 405
251 406
251 331
251 443
252 384
252 391
252 360
252 429
252 303
252 305
252 423
252 285
252 255
253 424
253 300
253 429
253 402
253 343
254 262
254 263
254 397
254 270
254 305
254 414
254 447
255 434
255 435
255 376
255 382
255 415
256 423
256 265
256 362
256 299
256 417
256 383
256 316
256 415
257 388
257 285
257 265
257 317
257 318
258 290
258 423
258 268
258 370
258 372
258 310
258 279
259 396
259 432
259 286
259 403
259 371
259 378
259 447
259 414
260 425
260 400
260 369
260 404
260 297
260 344
260 380
260 381
261 368
261 266
261 435
261 336
261 387
261 437
261 282
261 444
261 394
262 356
262 426
262 343
262 303
262 338
262 340
262 312
263 267
263 272
263 306
263 279
263 287
264 449
264 355
264 389
264 297
264 400
264 369
264 277
264 438
264 313
264 282
265 357
265 268
265 430
266 449
266 360
266 298
266 269
266 398
266 408
266 413
267 385
267 358
267 273
267 427
267 287
268 353
268 301
268 402
268 376
268 335
268 446
269 289
269 322
269 353
269 364
269 411
269 383
270 449
270 418
270 355
270 392
270 403
271 384
271 449
271 363
271 334
271 337
271 339
271 409
271 443
271 319
272 365
272 375
272 280
273 329
273 298
273 302
273 370
273 309
273 394
273 395
273 445
273 414
274 423
274 332
274 307
274 347
274 348
275 296
275 348
275 431
275 333
275 436
275 318
275 409
275 383
276 293
276 362
276 365
276 435
276 318
276 319
277 416
277 353
277 418
277 393
277 405
277 440
278 363
278 334
278 368
278 373
278 311
278 409
278 284
279 322
279 283
279 426
279 436
280 356
280 325
280 417
280 310
280 444
281 432
281 292
281 390
281 398
281 336
281 282
281 413
281 319
282 288
282 327
282 332
282 411
282 380
283 331
283 324
283 330
283 299
283 374
283 356
283 410
283 379
283 382
284 357
284 391
284 428
284 361
284 300
284 306
284 297
284 347
284 443
285 289
285 373
285 398
285 401
285 310
286 357
286 439
286 429
286 334
286 431
286 374
286 441
286 381
286 382
287 391
287 434
287 307
287 374
287 299
287 315
288 384
288 375
288 310
288 311
288 436
289 353
289 419
289 428
289 332
289 341
289 440
290 357
290 389
290 332
290 437
290 342
290 363
291 320
291 321
291 419
291 434
291 294
291 433
292 420
292 392
292 393
292 332
292 433
292 350
293 353
293 406
293 391
293 306
293 307
293 378
294 433
294 313
295 417
295 387
295 393
295 298
295 427
295 322
295 399
295 433
296 450
296 420
296 332
296 314
296 379
296 378
297 327
297 428
297 405
297 342
297 379
297 445
298 323
298 357
298 391
298 331
298 421
298 306
298 340
299 419
299 328
299 359
299 373
299 312
300 385
300 358
300 361
300 371
300 343
300 414
301 449
301 406
301 398
301 337
301 374
301 413
301 347
301 382
302 419
302 397
302 432
302 305
302 338
302 442
302 315
303 398
303 352
303 436
304 409
304 329
304 375
304 313
305 333
305 431
305 314
306 320
306 359
306 331
306 428
306 441
307 395
307 371
307 437
307 342
307 443
308 439
308 336
308 368
308 403
308 313
308 378
308 329
309 439
309 390
309 407
309 368
309 343
310 421
310 443
310 380
310 413
311 326
311 364
311 370
311 398
311 334
311 358
312 335
312 331
312 363
312 445
313 328
313 403
313 375
313 314
313 316
313 350
314 326
314 364
314 351
315 386
315 341
315 365
315 409
316 418
316 353
316 334
316 337
316 432
316 448
316 341
316 319
317 327
317 397
317 403
317 415
318 448
318 330
318 370
319 331
319 399
319 343
319 344
320 394
320 368
321 332
321 401
321 338
321 435
322 419
322 396
322 343
322 415
323 359
323 396
323 338
323 377
324 416
324 326
324 362
324 396
324 376
325 364
325 349
325 381
326 352
326 328
326 393
326 370
326 351
326 380
327 385
327 372
328 419
328 424
328 408
329 393
329 334
329 343
330 390
330 348
330 334
330 407
330 378
330 412
331 425
331 375
332 353
332 370
333 396
333 432
334 417
334 346
334 347
334 361
335 372
335 368
335 414
336 357
336 425
336 398
336 393
336 378
337 426
337 396
337 436
338 449
338 429
338 440
338 441
338 373
339 389
339 409
340 416
340 421
340 348
340 351
341 392
341 425
341 345
341 350
342 358
342 363
342 433
342 398
343 416
343 434
343 377
344 384
344 354
344 446
344 376
344 347
345 428
345 388
345 347
345 415
346 386
346 400
347 418
347 355
347 362
347 371
347 414
348 384
348 432
348 445
349 369
349 370
350 361
350 363
350 366
350 405
350 413
351 394
351 430
351 403
351 374
351 375
352 361
352 364
352 367
352 383
353 393
354 449
354 397
354 369
354 435
354 404
355 415
355 376
355 394
356 450
356 403
356 410
357 365
357 401
358 425
358 413
359 402
360 422
360 393
360 431
360 406
360 375
361 386
361 419
361 393
361 373
361 408
362 385
362 426
362 378
362 442
363 373
363 365
364 438
364 410
365 416
365 423
365 400
366 423
366 426
366 396
366 437
368 446
369 431
369 420
369 411
370 420
370 413
370 442
371 417
371 423
372 384
372 376
373 436
374 418
374 422
374 394
374 408
375 376
375 440
376 386
376 421
376 434
376 442
377 390
377 428
377 387
377 427
378 418
378 445
379 449
379 411
379 398
379 404
380 432
380 404
380 383
382 392
382 440
382 413
383 450
384 406
384 413
385 420
385 426
386 388
386 435
387 418
387 404
387 405
388 430
388 429
389 421
389 391
389 426
389 435
390 398
390 434
390 403
391 424
392 402
393 439
393 432
393 438
393 444
394 400
395 424
395 397
396 405
397 418
400 418
400 412
401 420
401 403
403 430
403 405
403 406
404 431
405 412
406 445
407 417
407 443
408 421
408 436
409 419
410 421
410 412
411 427
411 437
412 438
412 444
413 428
415 421
416 442
416 437
417 432
417 445
418 433
418 436
421 428
421 436
422 433
422 436
423 444
424 445
424 446
425 437
427 428
427 434
428 444
429 443
430 436
430 443
431 437
431 444
433 437
437 449
437 442
438 446
439 450
439 442
0 451
0 452
0 453
1 454
1 455
1 456
2 457
2 458
2 459
3 460
3 461
3 462
4 463
4 464
4 465
5 466
5 467
5 468
6 469
6 470
6 471
7 472
7 473
7 474
8 475
8 476
8 477
9 478
9 479
9 480
10 481
10 482
10 483
11 484
11 485
11 486
12 487
12 488
12 489
13 490
13 491
13 492
14 493
14 494
14 495
15 496
15 497
15 498
16 499
16 500
16 501
17 502
17 503
17 504
18 505
18 506
18 507
19 508
19 509
19 510
20 511
20 512
20 513
21 514
21 515
21 516
22 517
22 518
22 519
23 520
23 521
23 522
24 523
24 524
24 525
25 526
25 527
25 528
26 529
26 530
26 531
27 532
27 533
27 534
28 535
28 536
28 537
29 538
29 539
29 540
30 541
30 542
30 543
31 544
31 545
31 546
32 547
32 548
32 549
33 550
33 551
33 552
34 553
34 554
34 555
35 556
35 557
35 558
36 559
36 560
36 561
37 562
37 563
37 564
38 565
38 566
38 567
39 568
39 569
39 570
40 571
40 572
40 573
41 574
41 575
41 576
42 577
42 578
42 579
43 580
43 581
43 582
44 583
44 584
44 585
45 586
45 587
45 588
46 589
46 590
46 591
47 592
47 593
47 594
48 595
48 596
48 597
49 598
49 599
49 600
50 601
50 602
50 603
51 604
51 605
51 606
52 607
52 608
52 609
53 610
53 611
53 612
54 613
54 614
54 615
55 616
55 617
55 618
56 619
56 620
56 621
57 622
57 623
57 624
58 625
58 626
58 627
59 628
59 629
59 630
60 631
60 632
60 633
61 634
61 635
61 636
62 637
62 638
62 639
63 640
63 641
63 642
64 643
64 644
64 645
65 646
65 647
65 648
66 649
66 650
66 651
67 652
67 653
67 654
68 655
68 656
68 657
69 658
69 659
69 660
70 661
70 662
70 663
71 664
71 665
71 666
72 667
72 668
72 669
73 670
73 671
73 672
74 673
74 674
74 675
75 676
75 677
75 678
76 679
76 680
76 681
77 682
77 683
77 684
78 685
78 686
78 687
79 688
79 689
79 690
80 691
80 692
80 693
81 694
81 695
81 696
82 697
82 698
82 699
83 700
83 701
83 702
84 703
84 704
84 705
85 706
85 707
85 708
86 709
86 710
86 711
87 712
87 713
87 714
88 715
88 716
88 717
89 718
89 719
89 720
90 721
90 722
90 723
91 724
91 725
91 726
92 727
92 728
92 729
93 730
93 731
93 732
94 733
94 734
94 735
95 736
95 737
95 738
96 739
96 740
96 741
97 742
97 743
97 744
98 745
98 746
98 747
99 748
99 749
99 750
100 751
100 752
100 753
101 754
101 755
101 756
102 757
102 758
102 759
103 760
103 761
103 762
104 763
104 764
104 765
105 766
105 767
105 768
106 769
106 770
106 771
107 772
107 773
107 774
108 775
108 776
108 777
109 778
109 779
109 780
110 781
110 782
110 783
111 784
111 785
111 786
112 787
112 788
112 789
113 790
113 791
113 792
114 793
114 794
114 795
115 796
115 797
115 798
116 799
116 800
116 801
117 802
117 803
117 804
118 805
118 806
118 807
119 808
119 809
119 810
120 811
120 812
120 813
121 814
121 815
121 816
122 817
122 818
122 819
123 820
123 821
123 822
124 823
124 824
124 825
125 826
125 827
125 828
126 829
126 830
126 831
127 832
127 833
127 834
128 835
128 836
128 837
129 838
129 839
129 840
130 841
130 842
130 843
131 844
131 845
131 846
132 847
132 848
132 849
133 850
133 851
133 852
134 853
134 854
134 855
135 856
135 857
135 858
136 859
136 860
136 861
137 862
137 863
137 864
138 865
138 866
138 867
139 868
139 869
139 870
140 871
140 872
140 873
141 874
141 875
141 876
142 877
142 878
142 879
143 880
143 881
143 882
144 883
144 884
144 885
145 886
145 887
145 888
146 889
146 890
146 891
147 892
147 893
147 894
148 895
148 896
148 897
149 898
149 899
149 900
150 901
150 902
150 903
151 904
151 905
151 906
152 907
152 908
152 909
153 910
153 911
153 912
154 913
154 914
154 915
155 916
155 917
155 918
156 919
156 920
156 921
157 922
157 923
157 924
158 925
158 926
158 927
159 928
159 929
159 930
160 931
160 932
160 933
161 934
161 935
161 936
162 937
162 938
162 939
163 940
163 941
163 942
164 943
164 944
164 945
165 946
165 947
165 948
166 949
166 950
166 951
167 952
167 953
167 954
168 955
168 956
168 957
169 958
169 959
169 960
170 961
170 962
170 963
171 964
171 965
171 966
172 967
172 968
172 969
173 970
173 971
173 972
174 973
174 974
174 975
175 976
175 977
175 978
176 979
176 980
176 981
177 982
177 983
177 984
178 985
178 986
178 987
179 988
179 989
179 990
180 991
180 992
180 993
181 994
181 995
181 996
182 997
182 998
182 999
183 1000
183 1001
183 1002
184 1003
184 1004
184 1005
185 1006
185 1007
185 1008
186 1009
186 1010
186 1011
187 1012
187 1013
187 1014
188 1015
188 1016
188 1017
189 1018
189 1019
189 1020
190 1021
190 1022
190 1023
191 1024
191 1025
191 1026
192 1027
192 1028
192 1029
193 1030
193 1031
193 1032
194 1033
194 1034
194 1035
195 1036
195 1037
195 1038
196 1039
196 1040
196 1041
197 1042
197 1043
197 1044
198 1045
198 1046
198 1047
199 1048
199 1049
199 1050
200 1051
200 1052
200 1053
201 1054
201 1055
201 1056
202 1057
202 1058
202 1059
203 1060
203 1061
203 1062
204 1063
204 1064
204 1065
205 1066
205 1067
205 1068
206 1069
206 1070
206 1071
207 1072
207 1073
207 1074
208 1075
208 1076
208 1077
209 1078
209 1079
209 1080
210 1081
210 1082
210 1083
211 1084
211 1085
211 1086
212 1087
212 1088
212 1089
213 1090
213 1091
213 1092
214 1093
214 1094
214 1095
215 1096
215 1097
215 1098
216 1099
216 1100
216 1101
217 1102
217 1103
217 1104
218 1105
218 1106
218 1107
219 1108
219 1109
219 1110
220 1111
220 1112
220 1113
221 1114
221 1115
221 1116
222 1117
222 1118
222 1119
223 1120
223 1121
223 1122
224 1123
224 1124
224 1125
225 1126
225 1127
225 1128
226 1129
226 1130
226 1131
227 1132
227 1133
227 1134
228 1135
228 1136
228 1137
229 1138
229 1139
229 1140
230 1141
230 1142
230 1143
231 1144
231 1145
231 1146
232 1147
232 1148
232 1149
233 1150
233 1151
233 1152
234 1153
234 1154
234 1155
235 1156
235 1157
235 1158
236 1159
236 1160
236 1161
237 1162
237 1163
237 1164
238 1165
238 1166
238 1167
239 1168
239 1169
239 1170
240 1171
240 1172
240 1173
241 1174
241 1175
241 1176
242 1177
242 1178
242 1179
243 1180
243 1181
243 1182
244 1183
244 1184
244 1185
245 1186
245 1187
245 1188
246 1189
246 1190
246 1191
247 1192
247 1193
247 1194
248 1195
248 1196
248 1197
249 1198
249 1199
249 1200
250 1201
250 1202
250 1203
251 1204
251 1205
251 1206
252 1207
252 1208
252 1209
253 1210
253 1211
253 1212
254 1213
254 1214
254 1215
255 1216
255 1217
255 1218
256 1219
256 1220
256 1221
257 1222
257 1223
257 1224
258 1225
258 1226
258 1227
259 1228
259 1229
259 1230
260 1231
260 1232
260 1233
261 1234
261 1235
261 1236
262 1237
262 1238
262 1239
263 1240
263 1241
263 1242
264 1243
264 1244
264 1245
265 1246
265 1247
265 1248
266 1249
266 1250
266 1251
267 1252
267 1253
267 1254
268 1255
268 1256
268 1257
269 1258
269 1259
269 1260
270 1261
270 1262
270 1263
271 1264
271 1265
271 1266
272 1267
272 1268
272 1269
273 1270
273 1271
273 1272
274 1273
274 1274
274 1275
275 1276
275 1277
275 1278
276 1279
276 1280
276 1281
277 1282
277 1283
277 1284
278 1285
278 1286
278 1287
279 1288
279 1289
279 1290
280 1291
280 1292
280 1293
281 1294
281 1295
281 1296
282 1297
282 1298
282 1299
283 1300
283 1301
283 1302
284 1303
284 1304
284 1305
285 1306
285 1307
285 1308
286 1309
286 1310
286 1311
287 1312
287 1313
287 1314
288 1315
288 1316
288 1317
289 1318
289 1319
289 1320
290 1321
290 1322
290 1323
291 1324
291 1325
291 1326
292 1327
292 1328
292 1329
293 1330
293 1331
293 1332
294 1333
294 1334
294 1335
295 1336
295 1337
295 1338
296 1339
296 1340
296 1341
297 1342
297 1343
297 1344
298 1345
298 1346
298 1347
299 1348
299 1349
299 1350
300 1351
300 1352
300 1353
301 1354
301 1355
301 1356
302 1357
302 1358
302 1359
303 1360
303 1361
303 1362
304 1363
304 1364
304 1365
305 1366
305 1367
305 1368
306 1369
306 1370
306 1371
307 1372
307 1373
307 1374
308 1375
308 1376
308 1377
309 1378
309 1379
309 1380
310 1381
310 1382
310 1383
311 1384
311 1385
311 1386
312 1387
312 1388
312 1389
313 1390
313 1391
313 1392
314 1393
314 1394
314 1395
315 1396
315 1397
315 1398
316 1399
316 1400
316 1401
317 1402
317 1403
317 1404
318 1405
318 1406
318 1407
319 1408
319 1409
319 1410
320 1411
320 1412
320 1413
321 1414
321 1415
321 1416
322 1417
322 1418
322 1419
323 1420
323 1421
323 1422
324 1423
324 1424
324 1425
325 1426
325 1427
325 1428
326 1429
326 1430
326 1431
327 1432
327 1433
327 1434
328 1435
328 1436
328 1437
329 1438
329 1439
329 1440
330 1441
330 1442
330 1443
331 1444
331 1445
331 1446
332 1447
332 1448
332 1449
333 1450
333 1451
333 1452
334 1453
334 1454
334 1455
335 1456
335 1457
335 1458
336 1459
336 1460
336 1461
337 1462
337 1463
337 1464
338 1465
338 1466
338 1467
339 1468
339 1469
339 1470
340 1471
340 1472
340 1473
341 1474
341 1475
341 1476
342 1477
342 1478
342 1479
343 1480
343 1481
343 1482
344 1483
344 1484
344 1485
345 1486
345 1487
345 1488
346 1489
346 1490
346 1491
347 1492
347 1493
347 1494
348 1495
348 1496
348 1497
349 1498
349 1499
349 1500
350 1501
350 1502
350 1503
351 1504
351 1505
351 1506
352 1507
352 1508
352 1509
353 1510
353 1511
353 1512
354 1513
354 1514
354 1515
355 1516
355 1517
355 1518
356 1519
356 1520
356 1521
357 1522
357 1523
357 1524
358 1525
358 1526
358 1527
359 1528
359 1529
359 1530
360 1531
360 1532
360 1533
361 1534
361 1535
361 1536
362 1537
362 1538
362 1539
363 1540
363 1541
363 1542
364 1543
364 1544
364 1545
365 1546
365 1547
365 1548
366 1549
366 1550
366 1551
367 1552
367 1553
367 1554
368 1555
368 1556
368 1557
369 1558
369 1559
369 1560
370 1561
370 1562
370 1563
371 1564
371 1565
371 1566
372 1567
372 1568
372 1569
373 1570
373 1571
373 1572
374 1573
374 1574
374 1575
375 1576
375 1577
375 1578
376 1579
376 1580
376 1581
377 1582
377 1583
377 1584
378 1585
378 1586
378 1587
379 1588
379 1589
379 1590
380 1591
380 1592
380 1593
381 1594
381 1595
381 1596
382 1597
382 1598
382 1599
383 1600
383 1601
383 1602
384 1603
384 1604
384 1605
385 1606
385 1607
385 1608
386 1609
386 1610
386 1611
387 1612
387 1613
387 1614
388 1615
388 1616
388 1617
389 1618
389 1619
389 1620
390 1621
390 1622
390 1623
391 1624
391 1625
391 1626
392 1627
392 1628
392 1629
393 1630
393 1631
393 1632
394 1633
394 1634
394 1635
395 1636
395 1637
395 1638
396 1639
396 1640
396 1641
397 1642
397 1643
397 1644
398 1645
398 1646
398 1647
399 1648
399 1649
399 1650
400 1651
400 1652
400 1653
401 1654
401 1655
401 1656
402 1657
402 1658
402 1659
403 1660
403 1661
403 1662
404 1663
404 1664
404 1665
405 1666
405 1667
405 1668
406 1669
406 1670
406 1671
407 1672
407 1673
407 1674
408 1675
408 1676
408 1677
409 1678
409 1679
409 1680
410 1681
410 1682
410 1683
411 1684
411 1685
411 1686
412 1687
412 1688
412 1689
413 1690
413 1691
413 1692
414 1693
414 1694
414 1695
415 1696
415 1697
415 1698
416 1699
416 1700
416 1701
417 1702
417 1703
417 1704
418 1705
418 1706
418 1707
419 1708
419 1709
419 1710
420 1711
420 1712
420 1713
421 1714
421 1715
421 1716
422 1717
422 1718
422 1719
423 1720
423 1721
423 1722
424 1723
424 1724
424 1725
425 1726
425 1727
425 1728
426 1729
426 1730
426 1731
427 1732
427 1733
427 1734
428 1735
428 1736
428 1737
429 1738
429 1739
429 1740
430 1741
430 1742
430 1743
431 1744
431 1745
431 1746
432 1747
432 1748
432 1749
433 1750
433 1751
433 1752
434 1753
434 1754
434 1755
435 1756
435 1757
435 1758
436 1759
436 1760
436 1761
437 1762
437 1763
437 1764
438 1765
438 1766
438 1767
439 1768
439 1769
439 1770
440 1771
440 1772
440 1773
441 1774
441 1775
441 1776
442 1777
442 1778
442 1779
443 1780
443 1781
443 1782
444 1783
444 1784
444 1785
445 1786
445 1787
445 1788
446 1789
446 1790
446 1791
447 1792
447 1793
447 1794
448 1795
448 1796
448 1797
449 1798
449 1799
449 1800
450 1801
450 1802
450 1803
