0 17
0 211
0 103
0 209
0 45
0 207
1 213
1 167
1 279
1 13
1 69
1 253
2 88
2 89
2 43
2 61
2 77
2 127
3 151
3 40
3 185
3 251
3 15
3 143
4 180
4 216
4 260
4 253
4 270
4 127
5 192
5 210
5 137
5 217
5 234
5 30
6 114
6 139
6 197
6 202
6 11
6 204
7 18
7 263
7 172
7 45
7 14
7 79
8 146
8 41
8 58
8 204
8 110
8 143
9 49
9 146
9 260
9 214
9 70
9 139
10 48
10 82
10 164
10 158
10 122
10 78
11 162
11 199
11 137
11 233
11 206
12 128
12 48
12 39
12 71
12 107
12 157
13 164
13 214
13 97
13 216
13 28
14 17
14 164
14 134
14 166
14 184
15 97
15 182
15 227
15 25
15 238
16 204
16 140
16 155
16 76
16 30
16 95
17 242
17 195
17 66
17 98
18 65
18 163
18 165
18 198
18 138
19 258
19 203
19 229
19 40
19 75
19 82
20 149
20 71
20 265
20 156
20 253
20 271
21 256
21 35
21 36
21 91
21 44
21 174
22 262
22 168
22 121
22 186
22 236
22 110
23 128
23 27
23 74
23 170
23 43
23 173
24 224
24 144
24 46
24 26
24 76
24 190
25 64
25 193
25 163
25 261
25 191
26 113
26 274
26 181
26 102
26 159
27 212
27 101
27 88
27 93
27 111
28 240
28 81
28 243
28 276
28 261
29 80
29 278
29 151
29 89
29 221
29 62
30 112
30 66
30 55
30 240
31 82
31 133
31 103
31 200
31 174
31 175
32 240
32 209
32 196
32 33
32 266
32 158
33 211
33 212
33 248
33 109
33 141
34 224
34 231
34 40
34 215
34 221
34 207
35 83
35 42
35 171
35 126
35 127
36 208
36 259
36 244
36 280
36 249
37 136
37 116
37 264
37 41
37 74
37 159
38 115
38 254
38 195
38 236
38 253
38 78
39 70
39 166
39 218
39 61
39 101
40 96
40 278
40 59
41 67
41 233
41 189
41 46
42 179
42 132
42 254
42 108
42 206
43 225
43 277
43 263
43 238
44 145
44 203
44 117
44 155
44 53
45 131
45 251
45 87
45 252
46 169
46 217
46 190
46 95
47 81
47 230
47 56
47 201
47 267
47 204
48 100
48 247
48 156
48 222
49 96
49 187
49 131
49 123
49 158
50 191
50 67
50 105
50 139
50 77
50 237
51 280
51 277
51 136
51 267
51 69
51 63
52 248
52 217
52 200
52 73
52 188
52 109
53 135
53 184
53 89
53 268
53 190
54 65
54 148
54 182
54 56
54 100
54 61
55 256
55 142
55 103
55 152
55 231
56 144
56 149
56 248
56 60
57 64
57 163
57 131
57 71
57 250
57 236
58 120
58 261
58 185
58 234
58 157
59 272
59 136
59 130
59 165
59 105
60 176
60 274
60 261
60 118
60 172
61 186
61 107
61 189
62 129
62 259
62 216
62 78
62 205
63 161
63 116
63 233
63 218
63 252
64 133
64 136
64 73
64 171
65 263
65 119
65 215
65 141
66 164
66 124
66 174
66 191
67 87
67 138
67 271
67 223
68 227
68 230
68 167
68 121
68 219
68 268
69 209
69 166
69 167
69 103
70 113
70 261
70 203
70 110
71 81
71 104
71 220
72 208
72 116
72 215
72 154
72 236
72 222
73 130
73 227
73 251
73 207
74 177
74 105
74 167
74 238
75 240
75 194
75 238
75 237
75 222
76 98
76 147
76 85
76 171
77 280
77 137
77 124
77 271
78 273
78 116
78 175
79 254
79 98
79 181
79 153
79 270
80 176
80 121
80 268
80 157
80 205
81 155
81 106
81 267
82 276
82 121
82 109
83 178
83 115
83 229
83 105
83 107
84 256
84 200
84 135
84 280
84 233
84 188
85 177
85 178
85 166
85 88
85 186
86 182
86 264
86 249
86 266
86 187
86 111
87 104
87 257
87 232
87 90
88 209
88 164
88 92
89 176
89 132
89 109
90 160
90 107
90 125
90 126
90 159
91 113
91 228
91 119
91 140
91 197
92 114
92 117
92 182
92 122
92 205
93 177
93 274
93 241
93 221
93 270
94 260
94 213
94 142
94 184
94 171
94 206
95 161
95 270
95 220
95 223
96 160
96 183
96 252
96 111
97 192
97 243
97 182
97 234
98 150
98 198
98 175
99 177
99 226
99 278
99 166
99 242
99 223
100 178
100 181
100 106
100 114
101 272
101 240
101 276
101 266
102 227
102 132
102 134
102 191
102 143
103 139
103 159
104 165
104 150
104 126
104 213
105 123
105 197
106 153
106 185
106 191
106 239
107 132
107 278
108 176
108 198
108 265
108 122
108 236
109 131
109 182
110 145
110 206
110 229
111 122
111 157
111 269
112 176
112 140
112 237
112 206
112 245
113 146
113 213
113 220
114 167
114 170
114 141
115 129
115 210
115 275
115 142
116 197
116 186
117 192
117 150
117 266
117 189
118 194
118 148
118 246
118 134
118 155
119 232
119 154
119 126
119 223
120 160
120 272
120 275
120 170
120 173
121 199
121 169
122 129
122 199
123 147
123 232
123 186
123 236
124 144
124 152
124 233
124 267
125 257
125 162
125 147
125 204
125 255
126 163
126 142
127 214
127 211
127 168
128 197
128 203
128 135
128 270
129 208
129 195
129 251
130 259
130 184
130 173
130 190
131 225
131 268
132 144
132 173
133 181
133 167
133 232
133 268
134 224
134 144
134 273
135 195
135 137
135 142
136 172
136 270
137 251
137 158
138 208
138 180
138 184
138 153
139 220
139 207
140 210
140 187
140 247
141 169
141 266
141 173
142 183
143 193
143 234
143 252
144 169
145 240
145 190
145 262
145 183
146 195
146 151
146 252
147 178
147 154
147 222
148 194
148 215
148 258
148 149
149 212
149 276
149 219
150 273
150 218
150 156
151 160
151 223
151 159
152 257
152 277
152 157
152 189
153 274
153 245
153 188
154 216
154 250
154 207
155 245
155 185
156 225
156 181
156 269
157 216
158 192
158 196
159 209
160 161
160 245
161 192
161 179
161 255
162 196
162 276
162 218
162 237
163 211
163 248
164 244
165 179
165 215
165 269
166 257
168 230
168 247
168 200
168 220
169 244
169 279
170 256
170 199
170 226
171 248
171 253
172 176
172 264
172 226
173 254
174 264
174 248
174 258
175 178
175 212
175 249
177 198
177 238
178 259
179 258
179 279
179 221
180 241
180 247
180 188
180 271
181 242
183 228
183 201
183 222
184 185
185 195
186 226
187 272
187 228
187 219
188 235
188 239
189 205
189 255
190 228
191 226
192 204
193 241
193 196
193 201
193 219
194 262
194 280
194 260
196 217
196 255
197 234
198 255
198 237
199 225
199 213
200 217
200 253
201 210
201 230
201 232
202 256
202 273
202 245
202 249
202 271
203 210
203 235
205 243
205 229
206 211
207 235
208 212
208 265
209 229
210 269
211 257
212 223
213 239
214 243
214 246
214 262
215 239
216 260
217 234
218 273
218 242
219 246
219 279
220 260
221 273
221 239
222 250
224 276
224 231
224 274
225 279
225 243
226 230
227 261
227 277
228 277
228 255
229 232
230 242
231 259
231 280
231 235
233 235
235 246
237 277
238 247
239 263
241 272
241 264
241 250
242 258
243 263
244 275
244 265
244 247
245 266
246 279
246 249
249 272
250 263
250 265
251 257
252 262
254 275
254 269
256 267
258 264
259 265
262 278
267 275
268 269
271 275
274 278
0 281
0 282
0 283
0 284
0 285
0 286
0 287
0 288
0 289
1 290
1 291
1 292
1 293
1 294
1 295
1 296
1 297
1 298
2 299
2 300
2 301
2 302
2 303
2 304
2 305
2 306
2 307
3 308
3 309
3 310
3 311
3 312
3 313
3 314
3 315
3 316
4 317
4 318
4 319
4 320
4 321
4 322
4 323
4 324
4 325
5 326
5 327
5 328
5 329
5 330
5 331
5 332
5 333
5 334
6 335
6 336
6 337
6 338
6 339
6 340
6 341
6 342
6 343
7 344
7 345
7 346
7 347
7 348
7 349
7 350
7 351
7 352
8 353
8 354
8 355
8 356
8 357
8 358
8 359
8 360
8 361
9 362
9 363
9 364
9 365
9 366
9 367
9 368
9 369
9 370
10 371
10 372
10 373
10 374
10 375
10 376
10 377
10 378
10 379
11 380
11 381
11 382
11 383
11 384
11 385
11 386
11 387
11 388
12 389
12 390
12 391
12 392
12 393
12 394
12 395
12 396
12 397
13 398
13 399
13 400
13 401
13 402
13 403
13 404
13 405
13 406
14 407
14 408
14 409
14 410
14 411
14 412
14 413
14 414
14 415
15 416
15 417
15 418
15 419
15 420
15 421
15 422
15 423
15 424
16 425
16 426
16 427
16 428
16 429
16 430
16 431
16 432
16 433
17 434
17 435
17 436
17 437
17 438
17 439
17 440
17 441
17 442
18 443
18 444
18 445
18 446
18 447
18 448
18 449
18 450
18 451
19 452
19 453
19 454
19 455
19 456
19 457
19 458
19 459
19 460
20 461
20 462
20 463
20 464
20 465
20 466
20 467
20 468
20 469
21 470
21 471
21 472
21 473
21 474
21 475
21 476
21 477
21 478
22 479
22 480
22 481
22 482
22 483
22 484
22 485
22 486
22 487
23 488
23 489
23 490
23 491
23 492
23 493
23 494
23 495
23 496
24 497
24 498
24 499
24 500
24 501
24 502
24 503
24 504
24 505
25 506
25 507
25 508
25 509
25 510
25 511
25 512
25 513
25 514
26 515
26 516
26 517
26 518
26 519
26 520
26 521
26 522
26 523
27 524
27 525
27 526
27 527
27 528
27 529
27 530
27 531
27 532
28 533
28 534
28 535
28 536
28 537
28 538
28 539
28 540
28 541
29 542
29 543
29 544
29 545
29 546
29 547
29 548
29 549
29 550
30 551
30 552
30 553
30 554
30 555
30 556
30 557
30 558
30 559
31 560
31 561
31 562
31 563
31 564
31 565
31 566
31 567
31 568
32 569
32 570
32 571
32 572
32 573
32 574
32 575
32 576
32 577
33 578
33 579
33 580
33 581
33 582
33 583
33 584
33 585
33 586
34 587
34 588
34 589
34 590
34 591
34 592
34 593
34 594
34 595
35 596
35 597
35 598
35 599
35 600
35 601
35 602
35 603
35 604
36 605
36 606
36 607
36 608
36 609
36 610
36 611
36 612
36 613
37 614
37 615
37 616
37 617
37 618
37 619
37 620
37 621
37 622
38 623
38 624
38 625
38 626
38 627
38 628
38 629
38 630
38 631
39 632
39 633
39 634
39 635
39 636
39 637
39 638
39 639
39 640
40 641
40 642
40 643
40 644
40 645
40 646
40 647
40 648
40 649
41 650
41 651
41 652
41 653
41 654
41 655
41 656
41 657
41 658
42 659
42 660
42 661
42 662
42 663
42 664
42 665
42 666
42 667
43 668
43 669
43 670
43 671
43 672
43 673
43 674
43 675
43 676
44 677
44 678
44 679
44 680
44 681
44 682
44 683
44 684
44 685
45 686
45 687
45 688
45 689
45 690
45 691
45 692
45 693
45 694
46 695
46 696
46 697
46 698
46 699
46 700
46 701
46 702
46 703
47 704
47 705
47 706
47 707
47 708
47 709
47 710
47 711
47 712
48 713
48 714
48 715
48 716
48 717
48 718
48 719
48 720
48 721
49 722
49 723
49 724
49 725
49 726
49 727
49 728
49 729
49 730
50 731
50 732
50 733
50 734
50 735
50 736
50 737
50 738
50 739
51 740
51 741
51 742
51 743
51 744
51 745
51 746
51 747
51 748
52 749
52 750
52 751
52 752
52 753
52 754
52 755
52 756
52 757
53 758
53 759
53 760
53 761
53 762
53 763
53 764
53 765
53 766
54 767
54 768
54 769
54 770
54 771
54 772
54 773
54 774
54 775
55 776
55 777
55 778
55 779
55 780
55 781
55 782
55 783
55 784
56 785
56 786
56 787
56 788
56 789
56 790
56 791
56 792
56 793
57 794
57 795
57 796
57 797
57 798
57 799
57 800
57 801
57 802
58 803
58 804
58 805
58 806
58 807
58 808
58 809
58 810
58 811
59 812
59 813
59 814
59 815
59 816
59 817
59 818
59 819
59 820
60 821
60 822
60 823
60 824
60 825
60 826
60 827
60 828
60 829
61 830
61 831
61 832
61 833
61 834
61 835
61 836
61 837
61 838
62 839
62 840
62 841
62 842
62 843
62 844
62 845
62 846
62 847
63 848
63 849
63 850
63 851
63 852
63 853
63 854
63 855
63 856
64 857
64 858
64 859
64 860
64 861
64 862
64 863
64 864
64 865
65 866
65 867
65 868
65 869
65 870
65 871
65 872
65 873
65 874
66 875
66 876
66 877
66 878
66 879
66 880
66 881
66 882
66 883
67 884
67 885
67 886
67 887
67 888
67 889
67 890
67 891
67 892
68 893
68 894
68 895
68 896
68 897
68 898
68 899
68 900
68 901
69 902
69 903
69 904
69 905
69 906
69 907
69 908
69 909
69 910
70 911
70 912
70 913
70 914
70 915
70 916
70 917
70 918
70 919
71 920
71 921
71 922
71 923
71 924
71 925
71 926
71 927
71 928
72 929
72 930
72 931
72 932
72 933
72 934
72 935
72 936
72 937
73 938
73 939
73 940
73 941
73 942
73 943
73 944
73 945
73 946
74 947
74 948
74 949
74 950
74 951
74 952
74 953
74 954
74 955
75 956
75 957
75 958
75 959
75 960
75 961
75 962
75 963
75 964
76 965
76 966
76 967
76 968
76 969
76 970
76 971
76 972
76 973
77 974
77 975
77 976
77 977
77 978
77 979
77 980
77 981
77 982
78 983
78 984
78 985
78 986
78 987
78 988
78 989
78 990
78 991
79 992
79 993
79 994
79 995
79 996
79 997
79 998
79 999
79 1000
80 1001
80 1002
80 1003
80 1004
80 1005
80 1006
80 1007
80 1008
80 1009
81 1010
81 1011
81 1012
81 1013
81 1014
81 1015
81 1016
81 1017
81 1018
82 1019
82 1020
82 1021
82 1022
82 1023
82 1024
82 1025
82 1026
82 1027
83 1028
83 1029
83 1030
83 1031
83 1032
83 1033
83 1034
83 1035
83 1036
84 1037
84 1038
84 1039
84 1040
84 1041
84 1042
84 1043
84 1044
84 1045
85 1046
85 1047
85 1048
85 1049
85 1050
85 1051
85 1052
85 1053
85 1054
86 1055
86 1056
86 1057
86 1058
86 1059
86 1060
86 1061
86 1062
86 1063
87 1064
87 1065
87 1066
87 1067
87 1068
87 1069
87 1070
87 1071
87 1072
88 1073
88 1074
88 1075
88 1076
88 1077
88 1078
88 1079
88 1080
88 1081
89 1082
89 1083
89 1084
89 1085
89 1086
89 1087
89 1088
89 1089
89 1090
90 1091
90 1092
90 1093
90 1094
90 1095
90 1096
90 1097
90 1098
90 1099
91 1100
91 1101
91 1102
91 1103
91 1104
91 1105
91 1106
91 1107
91 1108
92 1109
92 1110
92 1111
92 1112
92 1113
92 1114
92 1115
92 1116
92 1117
93 1118
93 1119
93 1120
93 1121
93 1122
93 1123
93 1124
93 1125
93 1126
94 1127
94 1128
94 1129
94 1130
94 1131
94 1132
94 1133
94 1134
94 1135
95 1136
95 1137
95 1138
95 1139
95 1140
95 1141
95 1142
95 1143
95 1144
96 1145
96 1146
96 1147
96 1148
96 1149
96 1150
96 1151
96 1152
96 1153
97 1154
97 1155
97 1156
97 1157
97 1158
97 1159
97 1160
97 1161
97 1162
98 1163
98 1164
98 1165
98 1166
98 1167
98 1168
98 1169
98 1170
98 1171
99 1172
99 1173
99 1174
99 1175
99 1176
99 1177
99 1178
99 1179
99 1180
100 1181
100 1182
100 1183
100 1184
100 1185
100 1186
100 1187
100 1188
100 1189
101 1190
101 1191
101 1192
101 1193
101 1194
101 1195
101 1196
101 1197
101 1198
102 1199
102 1200
102 1201
102 1202
102 1203
102 1204
102 1205
102 1206
102 1207
103 1208
103 1209
103 1210
103 1211
103 1212
103 1213
103 1214
103 1215
103 1216
104 1217
104 1218
104 1219
104 1220
104 1221
104 1222
104 1223
104 1224
104 1225
105 1226
105 1227
105 1228
105 1229
105 1230
105 1231
105 1232
105 1233
105 1234
106 1235
106 1236
106 1237
106 1238
106 1239
106 1240
106 1241
106 1242
106 1243
107 1244
107 1245
107 1246
107 1247
107 1248
107 1249
107 1250
107 1251
107 1252
108 1253
108 1254
108 1255
108 1256
108 1257
108 1258
108 1259
108 1260
108 1261
109 1262
109 1263
109 1264
109 1265
109 1266
109 1267
109 1268
109 1269
109 1270
110 1271
110 1272
110 1273
110 1274
110 1275
110 1276
110 1277
110 1278
110 1279
111 1280
111 1281
111 1282
111 1283
111 1284
111 1285
111 1286
111 1287
111 1288
112 1289
112 1290
112 1291
112 1292
112 1293
112 1294
112 1295
112 1296
112 1297
113 1298
113 1299
113 1300
113 1301
113 1302
113 1303
113 1304
113 1305
113 1306
114 1307
114 1308
114 1309
114 1310
114 1311
114 1312
114 1313
114 1314
114 1315
115 1316
115 1317
115 1318
115 1319
115 1320
115 1321
115 1322
115 1323
115 1324
116 1325
116 1326
116 1327
116 1328
116 1329
116 1330
116 1331
116 1332
116 1333
117 1334
117 1335
117 1336
117 1337
117 1338
117 1339
117 1340
117 1341
117 1342
118 1343
118 1344
118 1345
118 1346
118 1347
118 1348
118 1349
118 1350
118 1351
119 1352
119 1353
119 1354
119 1355
119 1356
119 1357
119 1358
119 1359
119 1360
120 1361
120 1362
120 1363
120 1364
120 1365
120 1366
120 1367
120 1368
120 1369
121 1370
121 1371
121 1372
121 1373
121 1374
121 1375
121 1376
121 1377
121 1378
122 1379
122 1380
122 1381
122 1382
122 1383
122 1384
122 1385
122 1386
122 1387
123 1388
123 1389
123 1390
123 1391
123 1392
123 1393
123 1394
123 1395
123 1396
124 1397
124 1398
124 1399
124 1400
124 1401
124 1402
124 1403
124 1404
124 1405
125 1406
125 1407
125 1408
125 1409
125 1410
125 1411
125 1412
125 1413
125 1414
126 1415
126 1416
126 1417
126 1418
126 1419
126 1420
126 1421
126 1422
126 1423
127 1424
127 1425
127 1426
127 1427
127 1428
127 1429
127 1430
127 1431
127 1432
128 1433
128 1434
128 1435
128 1436
128 1437
128 1438
128 1439
128 1440
128 1441
129 1442
129 1443
129 1444
129 1445
129 1446
129 1447
129 1448
129 1449
129 1450
130 1451
130 1452
130 1453
130 1454
130 1455
130 1456
130 1457
130 1458
130 1459
131 1460
131 1461
131 1462
131 1463
131 1464
131 1465
131 1466
131 1467
131 1468
132 1469
132 1470
132 1471
132 1472
132 1473
132 1474
132 1475
132 1476
132 1477
133 1478
133 1479
133 1480
133 1481
133 1482
133 1483
133 1484
133 1485
133 1486
134 1487
134 1488
134 1489
134 1490
134 1491
134 1492
134 1493
134 1494
134 1495
135 1496
135 1497
135 1498
135 1499
135 1500
135 1501
135 1502
135 1503
135 1504
136 1505
136 1506
136 1507
136 1508
136 1509
136 1510
136 1511
136 1512
136 1513
137 1514
137 1515
137 1516
137 1517
137 1518
137 1519
137 1520
137 1521
137 1522
138 1523
138 1524
138 1525
138 1526
138 1527
138 1528
138 1529
138 1530
138 1531
139 1532
139 1533
139 1534
139 1535
139 1536
139 1537
139 1538
139 1539
139 1540
140 1541
140 1542
140 1543
140 1544
140 1545
140 1546
140 1547
140 1548
140 1549
141 1550
141 1551
141 1552
141 1553
141 1554
141 1555
141 1556
141 1557
141 1558
142 1559
142 1560
142 1561
142 1562
142 1563
142 1564
142 1565
142 1566
142 1567
143 1568
143 1569
143 1570
143 1571
143 1572
143 1573
143 1574
143 1575
143 1576
144 1577
144 1578
144 1579
144 1580
144 1581
144 1582
144 1583
144 1584
144 1585
145 1586
145 1587
145 1588
145 1589
145 1590
145 1591
145 1592
145 1593
145 1594
146 1595
146 1596
146 1597
146 1598
146 1599
146 1600
146 1601
146 1602
146 1603
147 1604
147 1605
147 1606
147 1607
147 1608
147 1609
147 1610
147 1611
147 1612
148 1613
148 1614
148 1615
148 1616
148 1617
148 1618
148 1619
148 1620
148 1621
149 1622
149 1623
149 1624
149 1625
149 1626
149 1627
149 1628
149 1629
149 1630
150 1631
150 1632
150 1633
150 1634
150 1635
150 1636
150 1637
150 1638
150 1639
151 1640
151 1641
151 1642
151 1643
151 1644
151 1645
151 1646
151 1647
151 1648
152 1649
152 1650
152 1651
152 1652
152 1653
152 1654
152 1655
152 1656
152 1657
153 1658
153 1659
153 1660
153 1661
153 1662
153 1663
153 1664
153 1665
153 1666
154 1667
154 1668
154 1669
154 1670
154 1671
154 1672
154 1673
154 1674
154 1675
155 1676
155 1677
155 1678
155 1679
155 1680
155 1681
155 1682
155 1683
155 1684
156 1685
156 1686
156 1687
156 1688
156 1689
156 1690
156 1691
156 1692
156 1693
157 1694
157 1695
157 1696
157 1697
157 1698
157 1699
157 1700
157 1701
157 1702
158 1703
158 1704
158 1705
158 1706
158 1707
158 1708
158 1709
158 1710
158 1711
159 1712
159 1713
159 1714
159 1715
159 1716
159 1717
159 1718
159 1719
159 1720
160 1721
160 1722
160 1723
160 1724
160 1725
160 1726
160 1727
160 1728
160 1729
161 1730
161 1731
161 1732
161 1733
161 1734
161 1735
161 1736
161 1737
161 1738
162 1739
162 1740
162 1741
162 1742
162 1743
162 1744
162 1745
162 1746
162 1747
163 1748
163 1749
163 1750
163 1751
163 1752
163 1753
163 1754
163 1755
163 1756
164 1757
164 1758
164 1759
164 1760
164 1761
164 1762
164 1763
164 1764
164 1765
165 1766
165 1767
165 1768
165 1769
165 1770
165 1771
165 1772
165 1773
165 1774
166 1775
166 1776
166 1777
166 1778
166 1779
166 1780
166 1781
166 1782
166 1783
167 1784
167 1785
167 1786
167 1787
167 1788
167 1789
167 1790
167 1791
167 1792
168 1793
168 1794
168 1795
168 1796
168 1797
168 1798
168 1799
168 1800
168 1801
169 1802
169 1803
169 1804
169 1805
169 1806
169 1807
169 1808
169 1809
169 1810
170 1811
170 1812
170 1813
170 1814
170 1815
170 1816
170 1817
170 1818
170 1819
171 1820
171 1821
171 1822
171 1823
171 1824
171 1825
171 1826
171 1827
171 1828
172 1829
172 1830
172 1831
172 1832
172 1833
172 1834
172 1835
172 1836
172 1837
173 1838
173 1839
173 1840
173 1841
173 1842
173 1843
173 1844
173 1845
173 1846
174 1847
174 1848
174 1849
174 1850
174 1851
174 1852
174 1853
174 1854
174 1855
175 1856
175 1857
175 1858
175 1859
175 1860
175 1861
175 1862
175 1863
175 1864
176 1865
176 1866
176 1867
176 1868
176 1869
176 1870
176 1871
176 1872
176 1873
177 1874
177 1875
177 1876
177 1877
177 1878
177 1879
177 1880
177 1881
177 1882
178 1883
178 1884
178 1885
178 1886
178 1887
178 1888
178 1889
178 1890
178 1891
179 1892
179 1893
179 1894
179 1895
179 1896
179 1897
179 1898
179 1899
179 1900
180 1901
180 1902
180 1903
180 1904
180 1905
180 1906
180 1907
180 1908
180 1909
181 1910
181 1911
181 1912
181 1913
181 1914
181 1915
181 1916
181 1917
181 1918
182 1919
182 1920
182 1921
182 1922
182 1923
182 1924
182 1925
182 1926
182 1927
183 1928
183 1929
183 1930
183 1931
183 1932
183 1933
183 1934
183 1935
183 1936
184 1937
184 1938
184 1939
184 1940
184 1941
184 1942
184 1943
184 1944
184 1945
185 1946
185 1947
185 1948
185 1949
185 1950
185 1951
185 1952
185 1953
185 1954
186 1955
186 1956
186 1957
186 1958
186 1959
186 1960
186 1961
186 1962
186 1963
187 1964
187 1965
187 1966
187 1967
187 1968
187 1969
187 1970
187 1971
187 1972
188 1973
188 1974
188 1975
188 1976
188 1977
188 1978
188 1979
188 1980
188 1981
189 1982
189 1983
189 1984
189 1985
189 1986
189 1987
189 1988
189 1989
189 1990
190 1991
190 1992
190 1993
190 1994
190 1995
190 1996
190 1997
190 1998
190 1999
191 2000
191 2001
191 2002
191 2003
191 2004
191 2005
191 2006
191 2007
191 2008
192 2009
192 2010
192 2011
192 2012
192 2013
192 2014
192 2015
192 2016
192 2017
193 2018
193 2019
193 2020
193 2021
193 2022
193 2023
193 2024
193 2025
193 2026
194 2027
194 2028
194 2029
194 2030
194 2031
194 2032
194 2033
194 2034
194 2035
195 2036
195 2037
195 2038
195 2039
195 2040
195 2041
195 2042
195 2043
195 2044
196 2045
196 2046
196 2047
196 2048
196 2049
196 2050
196 2051
196 2052
196 2053
197 2054
197 2055
197 2056
197 2057
197 2058
197 2059
197 2060
197 2061
197 2062
198 2063
198 2064
198 2065
198 2066
198 2067
198 2068
198 2069
198 2070
198 2071
199 2072
199 2073
199 2074
199 2075
199 2076
199 2077
199 2078
199 2079
199 2080
200 2081
200 2082
200 2083
200 2084
200 2085
200 2086
200 2087
200 2088
200 2089
201 2090
201 2091
201 2092
201 2093
201 2094
201 2095
201 2096
201 2097
201 2098
202 2099
202 2100
202 2101
202 2102
202 2103
202 2104
202 2105
202 2106
202 2107
203 2108
203 2109
203 2110
203 2111
203 2112
203 2113
203 2114
203 2115
203 2116
204 2117
204 2118
204 2119
204 2120
204 2121
204 2122
204 2123
204 2124
204 2125
205 2126
205 2127
205 2128
205 2129
205 2130
205 2131
205 2132
205 2133
205 2134
206 2135
206 2136
206 2137
206 2138
206 2139
206 2140
206 2141
206 2142
206 2143
207 2144
207 2145
207 2146
207 2147
207 2148
207 2149
207 2150
207 2151
207 2152
208 2153
208 2154
208 2155
208 2156
208 2157
208 2158
208 2159
208 2160
208 2161
209 2162
209 2163
209 2164
209 2165
209 2166
209 2167
209 2168
209 2169
209 2170
210 2171
210 2172
210 2173
210 2174
210 2175
210 2176
210 2177
210 2178
210 2179
211 2180
211 2181
211 2182
211 2183
211 2184
211 2185
211 2186
211 2187
211 2188
212 2189
212 2190
212 2191
212 2192
212 2193
212 2194
212 2195
212 2196
212 2197
213 2198
213 2199
213 2200
213 2201
213 2202
213 2203
213 2204
213 2205
213 2206
214 2207
214 2208
214 2209
214 2210
214 2211
214 2212
214 2213
214 2214
214 2215
215 2216
215 2217
215 2218
215 2219
215 2220
215 2221
215 2222
215 2223
215 2224
216 2225
216 2226
216 2227
216 2228
216 2229
216 2230
216 2231
216 2232
216 2233
217 2234
217 2235
217 2236
217 2237
217 2238
217 2239
217 2240
217 2241
217 2242
218 2243
218 2244
218 2245
218 2246
218 2247
218 2248
218 2249
218 2250
218 2251
219 2252
219 2253
219 2254
219 2255
219 2256
219 2257
219 2258
219 2259
219 2260
220 2261
220 2262
220 2263
220 2264
220 2265
220 2266
220 2267
220 2268
220 2269
221 2270
221 2271
221 2272
221 2273
221 2274
221 2275
221 2276
221 2277
221 2278
222 2279
222 2280
222 2281
222 2282
222 2283
222 2284
222 2285
222 2286
222 2287
223 2288
223 2289
223 2290
223 2291
223 2292
223 2293
223 2294
223 2295
223 2296
224 2297
224 2298
224 2299
224 2300
224 2301
224 2302
224 2303
224 2304
224 2305
225 2306
225 2307
225 2308
225 2309
225 2310
225 2311
225 2312
225 2313
225 2314
226 2315
226 2316
226 2317
226 2318
226 2319
226 2320
226 2321
226 2322
226 2323
227 2324
227 2325
227 2326
227 2327
227 2328
227 2329
227 2330
227 2331
227 2332
228 2333
228 2334
228 2335
228 2336
228 2337
228 2338
228 2339
228 2340
228 2341
229 2342
229 2343
229 2344
229 2345
229 2346
229 2347
229 2348
229 2349
229 2350
230 2351
230 2352
230 2353
230 2354
230 2355
230 2356
230 2357
230 2358
230 2359
231 2360
231 2361
231 2362
231 2363
231 2364
231 2365
231 2366
231 2367
231 2368
232 2369
232 2370
232 2371
232 2372
232 2373
232 2374
232 2375
232 2376
232 2377
233 2378
233 2379
233 2380
233 2381
233 2382
233 2383
233 2384
233 2385
233 2386
234 2387
234 2388
234 2389
234 2390
234 2391
234 2392
234 2393
234 2394
234 2395
235 2396
235 2397
235 2398
235 2399
235 2400
235 2401
235 2402
235 2403
235 2404
236 2405
236 2406
236 2407
236 2408
236 2409
236 2410
236 2411
236 2412
236 2413
237 2414
237 2415
237 2416
237 2417
237 2418
237 2419
237 2420
237 2421
237 2422
238 2423
238 2424
238 2425
238 2426
238 2427
238 2428
238 2429
238 2430
238 2431
239 2432
239 2433
239 2434
239 2435
239 2436
239 2437
239 2438
239 2439
239 2440
240 2441
240 2442
240 2443
240 2444
240 2445
240 2446
240 2447
240 2448
240 2449
241 2450
241 2451
241 2452
241 2453
241 2454
241 2455
241 2456
241 2457
241 2458
242 2459
242 2460
242 2461
242 2462
242 2463
242 2464
242 2465
242 2466
242 2467
243 2468
243 2469
243 2470
243 2471
243 2472
243 2473
243 2474
243 2475
243 2476
244 2477
244 2478
244 2479
244 2480
244 2481
244 2482
244 2483
244 2484
244 2485
245 2486
245 2487
245 2488
245 2489
245 2490
245 2491
245 2492
245 2493
245 2494
246 2495
246 2496
246 2497
246 2498
246 2499
246 2500
246 2501
246 2502
246 2503
247 2504
247 2505
247 2506
247 2507
247 2508
247 2509
247 2510
247 2511
247 2512
248 2513
248 2514
248 2515
248 2516
248 2517
248 2518
248 2519
248 2520
248 2521
249 2522
249 2523
249 2524
249 2525
249 2526
249 2527
249 2528
249 2529
249 2530
250 2531
250 2532
250 2533
250 2534
250 2535
250 2536
250 2537
250 2538
250 2539
251 2540
251 2541
251 2542
251 2543
251 2544
251 2545
251 2546
251 2547
251 2548
252 2549
252 2550
252 2551
252 2552
252 2553
252 2554
252 2555
252 2556
252 2557
253 2558
253 2559
253 2560
253 2561
253 2562
253 2563
253 2564
253 2565
253 2566
254 2567
254 2568
254 2569
254 2570
254 2571
254 2572
254 2573
254 2574
254 2575
255 2576
255 2577
255 2578
255 2579
255 2580
255 2581
255 2582
255 2583
255 2584
256 2585
256 2586
256 2587
256 2588
256 2589
256 2590
256 2591
256 2592
256 2593
257 2594
257 2595
257 2596
257 2597
257 2598
257 2599
257 2600
257 2601
257 2602
258 2603
258 2604
258 2605
258 2606
258 2607
258 2608
258 2609
258 2610
258 2611
259 2612
259 2613
259 2614
259 2615
259 2616
259 2617
259 2618
259 2619
259 2620
260 2621
260 2622
260 2623
260 2624
260 2625
260 2626
260 2627
260 2628
260 2629
261 2630
261 2631
261 2632
261 2633
261 2634
261 2635
261 2636
261 2637
261 2638
262 2639
262 2640
262 2641
262 2642
262 2643
262 2644
262 2645
262 2646
262 2647
263 2648
263 2649
263 2650
263 2651
263 2652
263 2653
263 2654
263 2655
263 2656
264 2657
264 2658
264 2659
264 2660
264 2661
264 2662
264 2663
264 2664
264 2665
265 2666
265 2667
265 2668
265 2669
265 2670
265 2671
265 2672
265 2673
265 2674
266 2675
266 2676
266 2677
266 2678
266 2679
266 2680
266 2681
266 2682
266 2683
267 2684
267 2685
267 2686
267 2687
267 2688
267 2689
267 2690
267 2691
267 2692
268 2693
268 2694
268 2695
268 2696
268 2697
268 2698
268 2699
268 2700
268 2701
269 2702
269 2703
269 2704
269 2705
269 2706
269 2707
269 2708
269 2709
269 2710
270 2711
270 2712
270 2713
270 2714
270 2715
270 2716
270 2717
270 2718
270 2719
271 2720
271 2721
271 2722
271 2723
271 2724
271 2725
271 2726
271 2727
271 2728
272 2729
272 2730
272 2731
272 2732
272 2733
272 2734
272 2735
272 2736
272 2737
273 2738
273 2739
273 2740
273 2741
273 2742
273 2743
273 2744
273 2745
273 2746
274 2747
274 2748
274 2749
274 2750
274 2751
274 2752
274 2753
274 2754
274 2755
275 2756
275 2757
275 2758
275 2759
275 2760
275 2761
275 2762
275 2763
275 2764
276 2765
276 2766
276 2767
276 2768
276 2769
276 2770
276 2771
276 2772
276 2773
277 2774
277 2775
277 2776
277 2777
277 2778
277 2779
277 2780
277 2781
277 2782
278 2783
278 2784
278 2785
278 2786
278 2787
278 2788
278 2789
278 2790
278 2791
279 2792
279 2793
279 2794
279 2795
279 2796
279 2797
279 2798
279 2799
279 2800
280 2801
280 2802
280 2803
280 2804
280 2805
280 2806
280 2807
280 2808
280 2809
