0 14
0 23
0 72
0 57
0 77
0 94
1 81
1 100
1 39
1 36
1 58
1 28
2 21
2 54
2 71
2 74
2 11
2 10
3 97
3 98
3 19
3 81
3 41
3 92
4 17
4 53
4 38
4 87
4 75
4 69
5 84
5 89
5 12
5 93
5 28
5 79
6 35
6 37
6 7
6 25
6 91
6 45
7 80
7 67
7 68
7 62
7 79
8 65
8 17
8 22
8 33
8 88
8 94
9 38
9 54
9 39
9 73
9 12
9 63
10 96
10 51
10 82
10 19
10 14
11 35
11 22
11 55
11 95
11 79
12 94
12 71
12 46
12 31
13 82
13 67
13 84
13 40
13 45
13 78
14 80
14 57
14 81
14 96
15 32
15 80
15 35
15 72
15 73
15 94
16 82
16 55
16 24
16 27
16 92
16 46
17 24
17 68
17 26
17 77
18 64
18 81
18 35
18 57
18 26
18 47
19 80
19 81
19 43
19 60
20 66
20 99
20 53
20 70
20 71
20 31
21 65
21 84
21 22
21 56
21 25
22 33
22 40
22 93
23 97
23 34
23 39
23 60
23 76
24 98
24 84
24 36
24 93
25 69
25 87
25 91
25 28
26 99
26 85
26 71
26 44
27 99
27 82
27 51
27 62
27 30
28 66
28 70
28 55
29 32
29 85
29 39
29 89
29 44
29 46
30 49
30 70
30 41
30 74
30 77
31 67
31 83
31 88
31 92
32 58
32 100
32 90
32 63
33 50
33 83
33 86
33 66
34 64
34 36
34 72
34 41
34 78
35 76
35 61
36 89
36 92
36 77
37 97
37 67
37 60
37 62
37 63
38 50
38 89
38 75
38 45
39 48
39 66
40 75
40 90
40 43
40 62
41 83
41 53
41 60
42 66
42 84
42 70
42 58
42 44
42 45
43 64
43 52
43 100
43 58
44 82
44 87
44 47
45 49
45 94
46 48
46 65
46 59
47 80
47 52
47 69
47 95
48 64
48 96
48 89
48 60
49 64
49 68
49 53
49 61
50 100
50 56
50 61
50 79
51 83
51 71
51 72
51 62
52 55
52 56
52 63
52 94
53 73
53 61
54 56
54 73
54 74
54 98
55 92
55 76
56 86
56 95
57 68
57 86
57 74
58 91
58 61
59 96
59 83
59 86
59 90
59 74
60 93
61 66
62 78
63 73
63 75
64 78
65 99
65 68
65 89
67 80
67 82
68 86
69 97
69 85
69 87
70 98
70 72
71 84
72 96
73 78
74 95
75 99
75 93
76 81
76 99
76 77
77 88
78 79
79 98
83 91
85 100
85 93
85 95
86 97
87 88
87 90
88 97
88 100
90 98
90 92
91 96
91 95
0 101
0 102
0 103
1 104
1 105
1 106
2 107
2 108
2 109
3 110
3 111
3 112
4 113
4 114
4 115
5 116
5 117
5 118
6 119
6 120
6 121
7 122
7 123
7 124
8 125
8 126
8 127
9 128
9 129
9 130
10 131
10 132
10 133
11 134
11 135
11 136
12 137
12 138
12 139
13 140
13 141
13 142
14 143
14 144
14 145
15 146
15 147
15 148
16 149
16 150
16 151
17 152
17 153
17 154
18 155
18 156
18 157
19 158
19 159
19 160
20 161
20 162
20 163
21 164
21 165
21 166
22 167
22 168
22 169
23 170
23 171
23 172
24 173
24 174
24 175
25 176
25 177
25 178
26 179
26 180
26 181
27 182
27 183
27 184
28 185
28 186
28 187
29 188
29 189
29 190
30 191
30 192
30 193
31 194
31 195
31 196
32 197
32 198
32 199
33 200
33 201
33 202
34 203
34 204
34 205
35 206
35 207
35 208
36 209
36 210
36 211
37 212
37 213
37 214
38 215
38 216
38 217
39 218
39 219
39 220
40 221
40 222
40 223
41 224
41 225
41 226
42 227
42 228
42 229
43 230
43 231
43 232
44 233
44 234
44 235
45 236
45 237
45 238
46 239
46 240
46 241
47 242
47 243
47 244
48 245
48 246
48 247
49 248
49 249
49 250
50 251
50 252
50 253
51 254
51 255
51 256
52 257
52 258
52 259
53 260
53 261
53 262
54 263
54 264
54 265
55 266
55 267
55 268
56 269
56 270
56 271
57 272
57 273
57 274
58 275
58 276
58 277
59 278
59 279
59 280
60 281
60 282
60 283
61 284
61 285
61 286
62 287
62 288
62 289
63 290
63 291
63 292
64 293
64 294
64 295
65 296
65 297
65 298
66 299
66 300
66 301
67 302
67 303
67 304
68 305
68 306
68 307
69 308
69 309
69 310
70 311
70 312
70 313
71 314
71 315
71 316
72 317
72 318
72 319
73 320
73 321
73 322
74 323
74 324
74 325
75 326
75 327
75 328
76 329
76 330
76 331
77 332
77 333
77 334
78 335
78 336
78 337
79 338
79 339
79 340
80 341
80 342
80 343
81 344
81 345
81 346
82 347
82 348
82 349
83 350
83 351
83 352
84 353
84 354
84 355
85 356
85 357
85 358
86 359
86 360
86 361
87 362
87 363
87 364
88 365
88 366
88 367
89 368
89 369
89 370
90 371
90 372
90 373
91 374
91 375
91 376
92 377
92 378
92 379
93 380
93 381
93 382
94 383
94 384
94 385
95 386
95 387
95 388
96 389
96 390
96 391
97 392
97 393
97 394
98 395
98 396
98 397
99 398
99 399
99 400
100 401
100 402
100 403
