0 32
0 161
0 113
0 177
0 104
0 265
0 10
0 103
0 269
0 110
0 157
0 49
0 215
0 61
1 99
1 165
1 233
1 203
1 269
1 48
1 115
1 20
1 150
1 201
1 184
1 155
1 222
1 197
2 162
2 43
2 100
2 38
2 135
2 169
2 138
2 139
2 76
2 184
2 245
2 119
2 24
2 62
3 224
3 4
3 229
3 134
3 266
3 171
3 172
3 125
3 16
3 177
3 278
3 183
3 89
3 221
4 168
4 9
4 222
4 146
4 180
4 245
4 151
4 137
4 212
4 63
4 124
4 254
4 21
5 160
5 99
5 54
5 9
5 75
5 77
5 47
5 85
5 182
5 184
5 153
5 218
5 220
5 221
6 160
6 259
6 71
6 40
6 268
6 13
6 205
6 81
6 212
6 181
6 24
6 175
6 156
6 127
7 65
7 227
7 228
7 81
7 136
7 129
7 76
7 111
7 241
7 254
7 55
7 120
7 122
7 222
8 256
8 262
8 198
8 168
8 10
8 14
8 146
8 116
8 206
8 182
8 216
8 154
8 26
8 31
9 161
9 102
9 129
9 111
9 117
9 255
9 149
9 246
9 228
9 59
9 166
9 159
10 226
10 35
10 196
10 105
10 266
10 172
10 274
10 242
10 149
10 88
10 124
10 31
11 193
11 68
11 105
11 42
11 110
11 207
11 116
11 238
11 183
11 248
11 244
11 218
11 265
11 202
12 66
12 163
12 198
12 262
12 39
12 137
12 106
12 268
12 46
12 147
12 182
12 87
12 123
12 191
13 96
13 102
13 39
13 234
13 247
13 175
13 177
13 53
13 215
13 280
13 152
13 94
13 85
14 162
14 68
14 118
14 202
14 236
14 66
14 144
14 84
14 213
14 246
14 153
14 125
14 30
15 52
15 37
15 39
15 264
15 43
15 237
15 17
15 18
15 20
15 149
15 217
15 186
15 220
15 255
16 193
16 70
16 231
16 168
16 60
16 252
16 109
16 211
16 84
16 149
16 184
16 123
16 188
17 27
17 167
17 40
17 234
17 267
17 200
17 180
17 88
17 52
17 186
17 91
17 216
17 190
18 98
18 259
18 103
18 199
18 108
18 177
18 82
18 53
18 214
18 184
18 121
18 94
18 159
19 34
19 145
19 194
19 269
19 270
19 176
19 273
19 276
19 213
19 22
19 27
19 253
19 254
19 223
20 226
20 155
20 165
20 161
20 232
20 171
20 175
20 209
20 146
20 244
20 154
20 91
21 225
21 102
21 167
21 267
21 45
21 47
21 242
21 83
21 181
21 54
21 57
21 58
21 157
22 126
22 164
22 101
22 211
22 231
22 173
22 271
22 245
22 120
22 217
22 58
22 158
22 130
23 256
23 65
23 98
23 165
23 129
23 64
23 161
23 128
23 43
23 237
23 111
23 120
23 89
23 58
24 224
24 162
24 195
24 229
24 264
24 268
24 237
24 146
24 56
24 185
24 188
24 189
25 258
25 71
25 201
25 238
25 112
25 49
25 270
25 244
25 117
25 121
25 27
25 60
25 222
25 255
26 226
26 131
26 167
26 105
26 202
26 215
26 271
26 200
26 243
26 277
26 118
26 279
26 217
27 194
27 133
27 209
27 136
27 268
27 106
27 44
27 176
27 115
27 218
27 255
28 65
28 68
28 101
28 166
28 111
28 112
28 180
28 277
28 214
28 87
28 249
28 63
28 276
28 95
29 166
29 273
29 145
29 137
29 266
29 267
29 173
29 81
29 50
29 211
29 116
29 72
29 250
29 253
30 164
30 114
30 232
30 171
30 44
30 50
30 206
30 79
30 141
30 274
30 150
30 252
30 189
31 259
31 229
31 166
31 103
31 236
31 46
31 272
31 270
31 183
31 220
31 221
31 190
32 128
32 197
32 236
32 76
32 207
32 56
32 275
32 150
32 215
32 88
32 239
32 125
32 133
33 263
33 258
33 36
33 133
33 103
33 201
33 43
33 206
33 112
33 114
33 115
33 84
33 53
33 279
34 230
34 72
34 73
34 110
34 92
34 115
34 148
34 245
34 247
34 216
34 180
34 265
34 153
35 128
35 260
35 165
35 43
35 140
35 46
35 273
35 214
35 151
35 88
35 121
35 157
35 150
36 272
36 101
36 71
36 73
36 144
36 39
36 208
36 206
36 80
36 241
36 234
36 254
36 127
37 192
37 258
37 136
37 233
37 202
37 172
37 273
37 114
37 212
37 54
37 154
37 155
37 143
38 257
38 67
38 231
38 74
38 139
38 76
38 77
38 110
38 242
38 149
38 216
38 220
38 253
39 224
39 162
39 227
39 197
39 70
39 40
39 42
39 240
39 180
39 154
40 99
40 165
40 199
40 265
40 139
40 47
40 80
40 273
40 169
40 122
40 187
41 226
41 163
41 69
41 92
41 77
41 78
41 205
41 144
41 141
41 114
41 117
41 86
41 155
41 60
42 161
42 99
42 229
42 104
42 74
42 171
42 175
42 79
42 259
42 214
42 154
42 59
43 197
43 66
43 176
43 247
43 153
43 217
43 60
43 157
43 190
44 219
44 263
44 104
44 47
44 234
44 237
44 142
44 143
44 81
44 275
44 206
44 170
45 144
45 251
45 73
45 75
45 236
45 79
45 176
45 114
45 58
45 187
45 122
45 254
45 181
46 65
46 194
46 200
46 173
46 176
46 82
46 276
46 53
46 248
46 63
46 254
47 260
47 103
47 76
47 203
47 207
47 177
47 83
47 169
47 154
47 223
48 198
48 101
48 166
48 167
48 232
48 233
48 57
48 278
48 87
48 184
48 169
48 250
48 252
49 161
49 194
49 70
49 264
49 140
49 138
49 108
49 244
49 236
49 268
49 55
49 266
50 116
50 258
50 68
50 72
50 107
50 176
50 52
50 53
50 62
50 217
50 218
50 126
51 258
51 130
51 241
51 170
51 141
51 238
51 206
51 273
51 276
51 270
51 279
51 152
51 90
51 123
52 129
52 231
52 138
52 174
52 239
52 243
52 181
52 150
52 249
52 57
52 191
53 224
53 67
53 165
53 256
53 232
53 208
53 275
53 156
53 222
54 256
54 163
54 260
54 103
54 202
54 172
54 146
54 210
54 119
54 250
54 156
55 97
55 196
55 69
55 136
55 161
55 269
55 232
55 119
55 186
55 155
55 156
55 61
56 261
56 135
56 72
56 74
56 267
56 210
56 80
56 280
56 82
56 122
56 61
56 231
57 65
57 164
57 232
57 201
57 74
57 108
57 141
57 207
57 209
57 82
57 280
58 213
58 165
58 200
58 137
58 232
58 114
58 152
58 185
58 94
58 223
59 96
59 187
59 70
59 135
59 265
59 204
59 207
59 178
59 155
59 60
59 125
59 94
60 64
60 259
60 133
60 199
60 74
60 204
60 274
60 172
60 233
61 224
61 165
61 253
61 167
61 128
61 109
61 270
61 237
61 147
61 138
61 133
62 195
62 72
62 173
62 270
62 84
62 85
62 246
62 279
62 120
62 186
62 124
62 218
63 257
63 99
63 68
63 229
63 263
63 233
63 208
63 242
63 131
63 149
63 218
64 161
64 132
64 264
64 252
64 237
64 110
64 243
64 276
64 246
64 180
64 154
64 189
65 80
65 98
65 269
65 144
65 179
65 110
65 90
65 124
65 127
66 224
66 162
66 219
66 73
66 138
66 79
66 235
66 277
66 233
66 122
66 251
67 240
67 179
67 177
67 188
67 112
67 113
67 83
67 212
67 148
67 70
67 93
67 223
68 107
68 234
68 76
68 141
68 207
68 242
68 238
68 279
68 90
69 192
69 112
69 162
69 72
69 174
69 272
69 113
69 83
69 182
69 187
69 188
69 264
70 128
70 167
70 73
70 177
70 131
70 244
70 150
70 201
70 155
71 98
71 269
71 205
71 208
71 245
71 182
71 247
71 122
71 156
71 254
71 223
72 229
72 142
72 81
72 116
72 183
72 120
72 276
72 191
73 130
73 103
73 104
73 105
73 175
73 111
73 145
73 84
73 143
74 192
74 130
74 195
74 147
74 111
74 144
74 243
74 181
74 250
75 192
75 225
75 162
75 195
75 166
75 103
75 234
75 135
75 144
75 178
75 222
75 223
76 203
76 243
76 272
76 114
76 275
76 235
76 184
76 135
77 96
77 167
77 136
77 266
77 173
77 241
77 242
77 120
77 170
77 158
77 101
78 160
78 129
78 203
78 228
78 106
78 235
78 173
78 142
78 119
78 120
78 124
78 94
78 223
79 99
79 200
79 203
79 108
79 205
79 81
79 86
79 248
79 219
79 223
80 199
80 193
80 107
80 143
80 177
80 114
80 190
80 151
80 228
80 158
81 224
81 200
81 106
81 114
81 214
81 183
81 207
81 159
82 163
82 277
82 169
82 138
82 139
82 177
82 213
82 191
82 124
82 85
83 97
83 226
83 196
83 264
83 172
83 101
83 150
83 216
83 188
83 191
84 226
84 199
84 106
84 98
84 273
84 245
84 169
84 249
84 126
85 228
85 134
85 205
85 207
85 271
85 142
85 280
85 219
85 125
85 95
86 257
86 258
86 235
86 196
86 111
86 143
86 241
86 243
86 213
86 119
86 122
86 187
87 194
87 100
87 133
87 198
87 135
87 265
87 203
87 207
87 118
87 93
87 95
88 98
88 169
88 269
88 239
88 131
88 150
88 184
88 185
88 91
88 188
89 192
89 160
89 131
89 134
89 268
89 236
89 179
89 185
89 90
89 123
89 220
89 254
90 132
90 261
90 103
90 235
90 237
90 240
90 210
90 196
90 187
90 220
91 162
91 102
91 201
91 140
91 242
91 236
91 151
91 154
91 220
91 186
91 254
92 176
92 197
92 134
92 135
92 107
92 108
92 112
92 204
92 277
92 182
92 252
92 127
93 240
93 260
93 136
93 140
93 172
93 206
93 143
93 272
93 168
93 215
93 154
93 221
94 129
94 130
94 163
94 132
94 101
94 199
94 208
94 217
94 126
95 96
95 100
95 230
95 172
95 175
95 183
95 120
95 251
95 252
95 189
95 149
96 128
96 256
96 259
96 134
96 239
96 272
96 109
96 185
96 124
96 221
97 278
97 205
97 154
97 118
97 277
97 214
97 250
97 191
97 117
97 189
97 190
97 223
98 197
98 152
98 133
98 203
98 280
98 148
98 186
98 191
99 194
99 267
99 100
99 262
99 203
99 147
99 139
99 254
100 246
100 137
100 202
100 240
100 148
100 278
100 233
100 216
100 220
100 182
101 172
101 237
101 206
101 241
101 116
101 246
101 218
102 161
102 231
102 263
102 108
102 109
102 141
102 145
102 116
102 121
102 122
103 135
103 267
103 174
103 179
103 154
104 169
104 151
104 269
104 173
104 274
104 211
104 244
104 251
104 252
104 190
105 203
105 206
105 143
105 242
105 212
105 149
105 111
105 186
105 219
105 154
106 162
106 227
106 108
106 205
106 144
106 210
106 131
106 245
106 247
107 129
107 230
107 233
107 140
107 141
107 175
107 245
107 152
107 157
107 191
108 130
108 113
108 239
108 149
108 183
108 191
108 127
109 258
109 196
109 231
109 226
109 271
109 145
109 178
109 244
109 213
109 121
110 139
110 146
110 212
110 119
110 244
110 218
110 187
110 122
111 192
111 163
111 198
111 262
111 273
111 248
112 261
112 136
112 141
112 142
112 210
112 149
112 250
112 158
113 224
113 229
113 204
113 142
113 208
113 148
113 117
113 118
113 122
113 159
114 195
114 145
114 268
114 143
114 127
115 192
115 134
115 230
115 234
115 176
115 243
115 216
115 186
115 155
115 189
116 257
116 194
116 235
116 174
116 246
116 120
116 126
117 123
117 164
117 275
117 200
117 259
117 243
117 150
117 122
117 219
118 163
118 230
118 200
118 265
118 266
118 139
118 204
118 271
118 219
119 257
119 260
119 239
119 176
119 274
119 181
119 152
119 220
120 164
120 166
120 144
120 264
120 276
121 193
121 230
121 199
121 269
121 208
121 278
121 154
121 253
121 222
122 203
122 212
122 126
123 267
123 234
123 235
123 140
123 142
123 175
123 181
123 151
123 185
124 193
124 261
124 224
124 175
124 214
124 247
124 143
125 187
125 163
125 260
125 166
125 234
125 238
125 212
125 249
125 190
126 200
126 137
126 138
126 269
126 210
126 243
126 215
126 187
127 160
127 132
127 261
127 225
127 137
127 145
127 215
127 217
128 256
128 167
128 143
128 209
128 178
128 150
128 132
128 255
129 258
129 180
129 260
129 229
129 242
129 276
129 156
130 194
130 163
130 171
130 140
130 226
130 241
130 248
130 221
131 225
131 199
131 167
131 172
131 272
131 276
131 231
131 253
132 164
132 168
132 170
132 175
132 271
132 272
132 273
132 146
132 219
133 256
133 167
133 233
133 174
133 148
133 277
133 180
134 192
134 194
134 228
134 179
134 270
134 247
134 248
134 223
135 257
135 260
135 267
135 241
135 278
135 253
136 169
136 266
136 205
136 142
136 147
136 252
136 197
137 227
137 204
137 158
137 207
137 163
137 245
137 253
138 261
138 204
138 174
138 141
138 275
138 184
138 249
139 231
139 236
139 239
139 178
139 218
139 189
139 191
140 193
140 207
140 211
140 276
140 213
140 246
140 188
141 164
141 265
141 212
141 249
141 219
142 260
142 271
142 144
142 196
142 264
142 159
143 240
143 272
143 239
143 144
144 263
144 221
144 216
145 227
145 264
145 233
145 267
145 216
145 250
145 188
146 160
146 257
146 170
146 183
146 270
146 153
146 255
147 265
147 175
147 240
147 244
147 190
147 249
147 207
147 220
147 234
148 257
148 161
148 258
148 203
148 157
148 195
148 251
148 221
149 229
149 263
149 176
149 273
150 164
150 198
150 203
150 157
151 193
151 167
151 168
151 241
151 271
151 209
151 277
151 280
152 193
152 197
152 199
152 239
152 205
152 222
152 221
152 254
153 196
153 234
153 176
153 238
153 245
153 183
153 164
153 218
153 277
154 278
155 228
155 211
155 279
155 210
155 248
155 185
156 265
156 193
156 247
156 268
156 238
156 179
156 201
156 221
157 164
157 197
157 198
157 240
157 181
157 186
157 158
158 162
158 267
158 229
158 170
158 235
158 226
158 210
158 276
159 200
159 209
159 263
159 268
159 238
159 186
159 253
159 222
159 223
160 225
160 202
160 237
160 240
160 180
160 249
160 217
160 230
161 166
161 175
161 274
161 244
162 204
162 207
162 178
162 255
163 170
163 237
163 210
163 197
164 267
164 271
164 186
164 223
165 199
165 171
165 267
165 195
165 189
165 245
166 257
166 189
166 273
166 246
166 280
167 192
167 257
167 215
168 219
168 276
168 243
168 169
168 211
168 180
168 216
168 249
169 262
169 263
169 242
169 276
170 230
170 231
170 210
170 238
170 280
170 217
170 191
171 257
171 195
171 262
171 225
171 265
171 239
171 209
171 179
172 234
172 267
172 237
172 182
173 232
173 236
173 237
173 209
173 178
173 244
173 245
174 256
174 258
174 261
174 229
174 239
174 274
174 179
174 219
175 224
175 263
176 194
176 279
176 222
177 225
177 272
177 178
177 275
177 248
178 196
178 231
178 265
178 237
178 211
178 182
179 233
179 266
179 242
179 259
179 248
179 187
180 220
180 274
180 196
180 255
181 192
181 264
181 195
181 219
181 188
181 254
182 201
182 204
182 184
182 251
182 220
183 261
183 252
183 280
183 249
183 200
184 259
184 210
184 275
184 213
185 229
185 198
185 273
185 232
185 236
185 278
185 220
186 227
186 266
186 277
187 199
187 231
187 247
187 255
188 192
188 225
188 265
188 251
188 255
189 195
189 197
189 263
189 201
189 279
190 256
190 193
190 275
190 235
190 192
190 251
191 198
191 201
191 214
192 261
192 279
193 259
193 261
193 200
193 209
194 260
194 275
194 204
194 238
195 254
195 246
195 244
195 250
196 275
196 248
196 217
196 219
197 224
197 272
197 216
198 256
198 279
198 206
198 215
198 255
199 225
199 263
199 218
200 271
200 242
201 259
201 264
201 267
201 272
202 261
202 268
202 239
202 273
202 243
202 270
202 215
203 212
203 255
204 262
204 240
204 273
204 213
205 235
205 269
205 264
205 243
205 250
206 229
206 257
206 225
206 253
207 250
208 258
208 266
208 241
208 209
208 214
208 279
208 221
209 230
209 213
209 216
209 215
210 226
210 263
210 236
211 257
211 236
211 240
211 272
211 216
211 218
212 269
212 275
212 228
212 218
213 225
213 276
213 277
213 254
214 261
214 270
214 247
214 217
214 234
215 258
215 238
215 222
216 239
217 243
217 250
217 253
218 227
219 228
220 280
221 255
221 278
221 251
222 268
222 249
222 250
223 233
223 274
224 262
224 253
224 242
225 228
225 231
225 266
226 244
226 249
226 280
226 265
227 258
227 262
227 230
227 274
227 278
227 233
227 251
228 230
228 271
228 241
228 278
229 260
230 232
230 269
230 247
231 262
232 256
232 263
232 266
232 246
233 268
234 235
235 247
235 236
235 279
236 263
237 268
238 260
238 278
238 251
239 274
240 262
240 274
240 242
241 275
241 266
241 251
243 252
244 280
245 262
245 255
246 266
246 268
246 260
247 259
247 252
248 261
248 270
248 250
248 253
249 256
249 274
250 279
251 256
251 274
252 258
252 264
252 277
253 271
256 259
257 270
259 275
260 270
261 278
262 280
262 271
264 270
269 278
271 279
272 277
277 280
0 281
1 282
2 283
3 284
4 285
5 286
6 287
7 288
8 289
9 290
10 291
11 292
12 293
13 294
14 295
15 296
16 297
17 298
18 299
19 300
20 301
21 302
22 303
23 304
24 305
25 306
26 307
27 308
28 309
29 310
30 311
31 312
32 313
33 314
34 315
35 316
36 317
37 318
38 319
39 320
40 321
41 322
42 323
43 324
44 325
45 326
46 327
47 328
48 329
49 330
50 331
51 332
52 333
53 334
54 335
55 336
56 337
57 338
58 339
59 340
60 341
61 342
62 343
63 344
64 345
65 346
66 347
67 348
68 349
69 350
70 351
71 352
72 353
73 354
74 355
75 356
76 357
77 358
78 359
79 360
80 361
81 362
82 363
83 364
84 365
85 366
86 367
87 368
88 369
89 370
90 371
91 372
92 373
93 374
94 375
95 376
96 377
97 378
98 379
99 380
100 381
101 382
102 383
103 384
104 385
105 386
106 387
107 388
108 389
109 390
110 391
111 392
112 393
113 394
114 395
115 396
116 397
117 398
118 399
119 400
120 401
121 402
122 403
123 404
124 405
125 406
126 407
127 408
128 409
129 410
130 411
131 412
132 413
133 414
134 415
135 416
136 417
137 418
138 419
139 420
140 421
141 422
142 423
143 424
144 425
145 426
146 427
147 428
148 429
149 430
150 431
151 432
152 433
153 434
154 435
155 436
156 437
157 438
158 439
159 440
160 441
161 442
162 443
163 444
164 445
165 446
166 447
167 448
168 449
169 450
170 451
171 452
172 453
173 454
174 455
175 456
176 457
177 458
178 459
179 460
180 461
181 462
182 463
183 464
184 465
185 466
186 467
187 468
188 469
189 470
190 471
191 472
192 473
193 474
194 475
195 476
196 477
197 478
198 479
199 480
200 481
201 482
202 483
203 484
204 485
205 486
206 487
207 488
208 489
209 490
210 491
211 492
212 493
213 494
214 495
215 496
216 497
217 498
218 499
219 500
220 501
221 502
222 503
223 504
224 505
225 506
226 507
227 508
228 509
229 510
230 511
231 512
232 513
233 514
234 515
235 516
236 517
237 518
238 519
239 520
240 521
241 522
242 523
243 524
244 525
245 526
246 527
247 528
248 529
249 530
250 531
251 532
252 533
253 534
254 535
255 536
256 537
257 538
258 539
259 540
260 541
261 542
262 543
263 544
264 545
265 546
266 547
267 548
268 549
269 550
270 551
271 552
272 553
273 554
274 555
275 556
276 557
277 558
278 559
279 560
280 561
