0 17
0 43
0 36
0 5
0 56
0 72
0 11
0 13
1 66
1 83
1 4
1 6
1 8
1 36
1 58
1 45
2 24
2 36
2 85
2 39
2 8
2 10
2 76
2 42
3 80
3 90
3 5
3 38
3 42
3 26
3 30
3 93
4 98
4 99
4 37
4 65
4 55
4 25
4 76
5 17
5 25
5 10
5 95
5 62
5 79
6 54
6 73
6 47
6 12
6 44
6 94
6 31
7 33
7 21
7 71
7 11
7 44
7 93
7 46
7 79
8 48
8 99
8 21
8 32
8 12
8 85
9 96
9 76
9 35
9 87
9 25
9 92
9 93
9 47
10 97
10 83
10 84
10 26
10 45
10 95
11 83
11 12
11 71
11 91
11 92
11 62
12 35
12 19
12 84
12 71
12 94
13 54
13 40
13 41
13 28
13 77
13 62
13 60
14 67
14 91
14 70
14 39
14 44
14 27
14 92
14 47
15 81
15 78
15 73
15 74
15 47
15 44
15 30
15 60
16 27
16 35
16 51
16 84
16 70
16 40
16 75
16 30
17 80
17 50
17 69
17 39
17 41
17 55
18 64
18 19
18 100
18 86
18 87
18 40
18 42
18 90
19 92
19 33
19 87
19 56
19 57
19 82
20 98
20 68
20 21
20 79
20 60
20 45
20 78
20 37
21 97
21 82
21 87
21 75
21 50
22 96
22 53
22 70
22 39
22 72
22 92
22 91
22 60
23 48
23 67
23 54
23 40
23 28
23 77
23 93
23 95
24 67
24 46
24 72
24 89
24 42
24 30
24 63
25 49
25 58
25 59
25 26
25 79
26 99
26 86
26 41
26 73
26 31
27 65
27 66
27 68
27 59
27 61
27 31
28 48
28 53
28 88
28 89
28 91
28 62
29 33
29 50
29 67
29 53
29 55
29 76
29 66
29 78
30 35
30 63
30 75
30 77
31 65
31 69
31 91
31 37
31 79
32 36
32 70
32 55
32 39
32 43
32 63
32 95
33 48
33 34
33 82
33 73
33 91
34 51
34 84
34 53
34 54
34 89
34 100
34 63
35 80
35 85
35 81
35 44
36 80
36 49
36 74
36 98
37 52
37 38
37 68
37 95
37 47
38 48
38 56
38 100
38 57
38 72
38 73
39 65
39 88
39 89
40 96
40 98
40 54
40 76
41 66
41 70
41 97
41 74
41 94
42 99
42 65
42 51
42 61
43 49
43 70
43 96
43 74
43 75
43 77
44 50
44 56
44 61
45 81
45 69
45 65
45 57
45 75
46 80
46 97
46 68
46 85
46 58
46 61
47 99
47 54
47 94
48 72
48 92
48 88
49 64
49 50
49 73
49 58
49 79
50 81
50 91
50 95
51 81
51 82
51 68
51 56
51 100
52 83
52 54
52 87
52 90
52 60
52 93
52 69
53 80
53 69
53 71
53 62
54 71
55 64
55 90
55 59
55 61
56 72
56 90
56 59
57 100
57 85
57 71
57 58
57 77
58 67
58 78
58 81
59 82
59 86
59 76
59 79
60 68
60 66
60 77
61 98
61 69
61 90
62 98
62 68
62 94
63 80
63 97
63 88
63 78
64 98
64 69
64 78
64 77
64 94
65 86
65 89
66 74
66 93
66 78
67 82
67 74
67 94
68 89
69 71
70 98
70 74
71 100
72 83
72 96
73 97
73 86
74 85
75 84
75 86
75 87
76 85
76 92
77 82
78 90
79 93
80 81
81 96
82 84
83 99
83 100
83 88
84 97
84 86
85 90
86 93
87 96
87 91
88 99
88 92
88 95
89 99
89 97
94 100
95 96
0 101
1 102
2 103
3 104
4 105
5 106
6 107
7 108
8 109
9 110
10 111
11 112
12 113
13 114
14 115
15 116
16 117
17 118
18 119
19 120
20 121
21 122
22 123
23 124
24 125
25 126
26 127
27 128
28 129
29 130
30 131
31 132
32 133
33 134
34 135
35 136
36 137
37 138
38 139
39 140
40 141
41 142
42 143
43 144
44 145
45 146
46 147
47 148
48 149
49 150
50 151
51 152
52 153
53 154
54 155
55 156
56 157
57 158
58 159
59 160
60 161
61 162
62 163
63 164
64 165
65 166
66 167
67 168
68 169
69 170
70 171
71 172
72 173
73 174
74 175
75 176
76 177
77 178
78 179
79 180
80 181
81 182
82 183
83 184
84 185
85 186
86 187
87 188
88 189
89 190
90 191
91 192
92 193
93 194
94 195
95 196
96 197
97 198
98 199
99 200
100 201
