0 256
0 242
0 212
0 308
0 40
0 73
0 58
0 237
1 98
1 244
1 69
1 71
1 40
1 297
1 190
1 181
2 81
2 84
2 229
2 6
2 295
2 313
2 251
2 207
3 208
3 243
3 203
3 26
3 303
3 141
3 286
3 301
4 112
4 69
4 150
4 311
4 265
4 39
4 300
4 125
5 156
5 310
5 278
5 249
5 236
5 269
5 12
5 285
6 305
6 82
6 35
6 132
6 163
6 155
6 66
7 113
7 226
7 99
7 147
7 139
7 45
7 206
7 205
8 139
8 74
8 187
8 166
8 87
8 218
8 91
8 189
9 33
9 67
9 20
9 37
9 279
9 184
9 255
9 207
10 100
10 22
10 151
10 264
10 108
10 12
10 318
10 271
11 304
11 210
11 147
11 244
11 70
11 135
11 178
11 30
12 273
12 83
12 231
12 204
12 29
12 111
13 160
13 289
13 259
13 20
13 193
13 244
13 155
13 268
14 136
14 132
14 184
14 57
14 168
14 236
14 104
14 287
15 161
15 261
15 177
15 56
15 298
15 284
15 77
15 101
16 224
16 214
16 174
16 54
16 87
16 216
16 108
16 94
17 288
17 161
17 229
17 246
17 135
17 155
17 45
17 159
18 289
18 19
18 228
18 36
18 170
18 269
18 46
18 189
19 209
19 243
19 200
19 250
19 267
19 186
19 127
20 178
20 293
20 201
20 88
20 274
20 91
21 243
21 118
21 230
21 24
21 90
21 155
21 140
21 223
22 81
22 292
22 38
22 248
22 25
22 110
22 47
23 256
23 193
23 164
23 85
23 38
23 276
23 235
23 165
24 199
24 312
24 201
24 191
24 253
24 254
24 261
25 198
25 194
25 278
25 42
25 285
25 254
25 223
26 241
26 37
26 225
26 137
26 252
26 124
26 301
27 113
27 291
27 245
27 51
27 249
27 234
27 93
27 190
28 161
28 101
28 170
28 203
28 255
28 138
28 94
28 111
29 305
29 33
29 97
29 79
29 141
29 62
29 143
30 299
30 149
30 166
30 136
30 283
30 85
30 31
31 288
31 113
31 246
31 294
31 88
31 137
31 204
32 128
32 146
32 83
32 149
32 246
32 137
32 186
32 108
33 242
33 58
33 295
33 218
33 43
33 191
34 304
34 267
34 213
34 166
34 153
34 314
34 203
34 238
35 100
35 206
35 183
35 151
35 157
35 190
35 303
36 259
36 260
36 70
36 300
36 268
36 66
36 141
37 224
37 228
37 70
37 262
37 158
37 207
38 98
38 85
38 104
38 309
38 231
38 143
39 113
39 179
39 197
39 90
39 159
39 317
39 127
40 228
40 197
40 296
40 235
40 272
40 191
41 194
41 51
41 276
41 169
41 205
41 45
41 254
41 159
42 192
42 161
42 306
42 52
42 279
42 59
42 130
43 64
43 120
43 83
43 229
43 136
43 105
43 142
44 88
44 99
44 163
44 102
44 305
44 248
44 267
44 207
45 64
45 112
45 185
45 92
45 62
46 176
46 225
46 130
46 67
46 312
46 154
46 98
47 187
47 68
47 213
47 183
47 216
47 91
47 124
48 129
48 306
48 227
48 215
48 216
48 123
48 78
48 95
49 274
49 293
49 167
49 136
49 309
49 282
49 206
49 239
50 129
50 132
50 53
50 182
50 231
50 265
50 173
50 109
51 193
51 242
51 100
51 118
51 155
51 271
52 211
52 308
52 231
52 153
52 135
52 220
52 170
53 288
53 276
53 280
53 265
53 282
53 299
53 204
54 256
54 129
54 306
54 99
54 260
54 149
54 315
55 273
55 146
55 187
55 102
55 107
55 140
55 221
55 271
56 209
56 196
56 73
56 231
56 228
56 167
56 172
57 257
57 275
57 148
57 198
57 137
57 250
57 204
58 67
58 203
58 212
58 113
58 292
58 283
59 132
59 62
59 311
59 249
59 250
59 267
59 206
60 226
60 291
60 260
60 278
60 104
60 76
60 250
60 316
61 161
61 258
61 164
61 294
61 216
61 298
61 171
61 270
62 205
62 230
62 259
62 138
62 186
63 209
63 130
63 68
63 167
63 184
63 116
63 106
63 242
64 114
64 67
64 149
64 169
64 248
64 233
65 305
65 219
65 100
65 119
65 283
65 106
65 75
65 124
66 306
66 275
66 259
66 172
66 300
66 207
67 129
67 243
67 119
67 79
68 112
68 84
68 182
68 280
68 154
68 236
69 304
69 273
69 89
69 260
69 282
69 222
70 240
70 147
70 246
70 104
70 186
71 160
71 116
71 263
71 72
71 74
71 154
71 303
72 80
72 291
72 262
72 88
72 233
72 202
72 215
73 148
73 169
73 295
73 201
73 205
73 270
74 144
74 178
74 102
74 86
74 169
74 157
75 178
75 180
75 263
75 265
75 171
75 273
75 127
76 240
76 196
76 277
76 169
76 108
76 205
76 142
77 97
77 116
77 230
77 313
77 218
77 142
77 159
78 81
78 113
78 150
78 166
78 264
78 136
78 174
79 96
79 213
79 227
79 291
79 142
79 239
80 208
80 163
80 228
80 309
80 278
80 101
80 211
81 194
81 264
81 203
81 286
81 223
82 129
82 262
82 311
82 296
82 217
82 122
82 142
83 241
83 195
83 180
83 252
83 255
84 147
84 292
84 211
84 199
84 244
84 298
85 179
85 134
85 233
85 154
85 127
86 224
86 292
86 214
86 279
86 314
86 125
86 206
87 208
87 173
87 167
87 160
87 237
87 207
88 241
88 102
88 223
88 271
89 274
89 198
89 120
89 314
89 299
89 301
89 238
90 176
90 275
90 163
90 198
90 309
90 140
91 289
91 130
91 261
91 145
91 314
92 310
92 242
92 115
92 179
92 246
92 251
92 143
93 307
93 235
93 277
93 263
93 153
93 140
93 301
94 257
94 215
94 266
94 171
94 300
94 190
95 112
95 200
95 179
95 213
95 232
95 187
95 207
96 168
96 162
96 100
96 248
96 281
96 111
96 173
97 272
97 241
97 230
97 185
97 126
97 239
98 163
98 214
98 249
98 169
98 189
99 179
99 101
99 138
99 311
99 170
100 183
100 263
100 219
101 290
101 311
101 185
101 254
102 116
102 245
102 119
102 141
103 275
103 196
103 277
103 310
103 104
103 234
103 108
103 237
104 160
104 218
104 319
105 112
105 161
105 291
105 133
105 118
105 227
105 315
106 128
106 147
106 196
106 255
106 126
106 303
107 131
107 149
107 310
107 168
107 263
107 284
107 158
108 213
108 160
108 222
109 225
109 180
109 165
109 134
109 247
109 316
109 222
110 272
110 226
110 227
110 149
110 199
110 302
110 159
111 256
111 210
111 133
111 242
111 245
112 176
112 165
112 228
113 233
113 265
114 289
114 181
114 124
114 144
114 252
114 189
114 174
115 209
115 210
115 132
115 315
115 253
115 126
115 223
116 148
116 200
116 297
116 139
117 208
117 195
117 229
117 296
117 265
117 266
117 157
117 255
118 290
118 275
118 219
118 222
118 165
119 294
119 151
119 282
119 122
119 175
120 130
120 244
120 245
120 199
120 168
120 173
121 274
121 164
121 199
121 298
121 263
121 188
121 317
121 158
122 193
122 307
122 293
122 134
122 202
122 251
123 164
123 214
123 263
123 276
123 250
123 139
123 218
124 144
124 249
124 156
124 239
125 181
125 246
125 282
125 172
125 314
125 157
126 161
126 217
126 219
126 222
126 143
127 258
127 149
127 247
127 189
128 304
128 177
128 164
128 310
128 301
128 253
129 275
129 217
129 301
130 293
130 281
130 302
131 176
131 306
131 267
131 292
131 216
131 201
131 300
132 209
132 198
132 235
133 305
133 146
133 307
133 200
133 136
133 316
134 192
134 195
134 135
134 223
134 271
135 193
135 153
135 266
135 175
136 255
136 237
137 194
137 217
137 199
137 266
138 304
138 226
138 260
138 172
138 285
139 144
139 256
139 146
139 273
140 234
140 171
140 172
140 142
141 293
141 262
141 308
141 188
142 173
142 175
143 200
143 228
143 209
143 232
144 288
144 195
144 214
144 231
145 292
145 197
145 172
145 218
145 252
145 266
145 302
146 177
146 224
146 157
146 205
147 185
147 281
147 319
148 182
148 247
148 186
148 203
148 220
149 252
150 256
150 195
150 151
150 296
150 251
150 285
151 244
151 165
151 284
151 301
152 184
152 274
152 180
152 310
152 312
152 234
152 283
152 302
153 260
153 184
153 204
153 270
154 257
154 185
154 218
154 239
155 160
155 243
155 171
156 224
156 258
156 311
156 281
156 218
156 235
157 162
157 229
157 191
158 246
158 278
158 279
158 296
158 237
159 192
159 194
159 312
160 279
160 266
161 318
162 240
162 241
162 194
162 195
162 175
162 205
163 229
163 312
163 197
164 296
164 295
164 302
165 209
165 307
165 271
166 176
166 225
166 230
166 287
167 192
167 250
167 187
167 268
168 276
168 281
168 265
168 269
169 281
169 318
170 182
170 280
170 282
170 204
171 272
171 225
171 254
172 283
172 286
173 284
173 269
173 175
174 259
174 230
174 215
174 233
174 253
175 198
175 216
175 318
176 194
176 180
176 268
177 308
177 222
177 297
177 221
177 238
178 290
178 227
178 211
178 202
179 234
179 267
179 221
180 225
180 232
180 191
181 232
181 298
181 191
181 270
181 287
182 240
182 183
182 252
182 287
183 304
183 280
183 236
183 253
184 312
184 187
184 190
185 229
185 284
185 277
186 297
186 236
186 285
187 192
187 311
188 290
188 277
188 200
188 283
188 220
188 318
189 275
189 264
189 302
190 260
190 277
190 227
191 315
191 319
192 193
192 201
192 269
193 196
193 255
194 241
195 212
195 271
196 224
196 261
196 220
197 288
197 261
197 200
197 240
198 212
198 317
199 299
199 317
200 257
201 309
201 236
201 316
202 208
202 211
202 260
202 216
202 221
203 223
203 287
204 251
204 253
205 288
206 242
206 213
206 254
207 306
208 315
208 286
208 319
209 257
210 305
210 291
210 263
210 279
210 240
211 225
211 247
211 299
212 305
212 243
212 315
212 268
213 270
213 236
214 289
214 233
214 303
215 238
215 259
215 247
215 219
216 313
217 238
217 248
217 314
217 221
219 276
219 273
219 281
220 307
220 294
220 295
220 239
221 238
221 229
221 254
222 308
222 237
223 272
224 289
224 281
225 247
226 242
226 261
226 262
226 248
227 233
227 298
228 310
230 262
230 279
231 304
231 255
232 273
232 307
232 277
232 319
233 235
234 274
234 243
234 266
235 313
235 317
236 285
237 288
237 293
238 292
238 251
239 294
239 318
240 313
240 299
241 278
241 313
243 250
244 311
244 268
245 272
245 277
245 309
245 314
246 307
247 265
247 253
248 291
248 264
249 308
249 283
249 270
250 258
251 300
251 264
252 286
252 254
253 286
256 317
256 270
257 290
257 294
257 319
258 290
258 279
258 280
258 298
259 292
259 267
261 272
261 283
262 269
262 270
264 295
264 297
266 307
267 296
268 308
268 303
269 288
269 310
271 318
272 278
273 304
274 295
274 286
275 289
276 295
276 284
278 291
280 298
280 285
280 318
282 293
282 303
284 287
284 302
285 315
286 316
287 313
287 301
289 293
290 308
290 316
294 305
294 297
296 312
297 313
297 300
299 306
299 319
300 316
302 309
303 317
306 309
312 316
314 315
317 319
0 320
0 321
0 322
0 323
0 324
0 325
0 326
0 327
1 328
1 329
1 330
1 331
1 332
1 333
1 334
1 335
2 336
2 337
2 338
2 339
2 340
2 341
2 342
2 343
3 344
3 345
3 346
3 347
3 348
3 349
3 350
3 351
4 352
4 353
4 354
4 355
4 356
4 357
4 358
4 359
5 360
5 361
5 362
5 363
5 364
5 365
5 366
5 367
6 368
6 369
6 370
6 371
6 372
6 373
6 374
6 375
7 376
7 377
7 378
7 379
7 380
7 381
7 382
7 383
8 384
8 385
8 386
8 387
8 388
8 389
8 390
8 391
9 392
9 393
9 394
9 395
9 396
9 397
9 398
9 399
10 400
10 401
10 402
10 403
10 404
10 405
10 406
10 407
11 408
11 409
11 410
11 411
11 412
11 413
11 414
11 415
12 416
12 417
12 418
12 419
12 420
12 421
12 422
12 423
13 424
13 425
13 426
13 427
13 428
13 429
13 430
13 431
14 432
14 433
14 434
14 435
14 436
14 437
14 438
14 439
15 440
15 441
15 442
15 443
15 444
15 445
15 446
15 447
16 448
16 449
16 450
16 451
16 452
16 453
16 454
16 455
17 456
17 457
17 458
17 459
17 460
17 461
17 462
17 463
18 464
18 465
18 466
18 467
18 468
18 469
18 470
18 471
19 472
19 473
19 474
19 475
19 476
19 477
19 478
19 479
20 480
20 481
20 482
20 483
20 484
20 485
20 486
20 487
21 488
21 489
21 490
21 491
21 492
21 493
21 494
21 495
22 496
22 497
22 498
22 499
22 500
22 501
22 502
22 503
23 504
23 505
23 506
23 507
23 508
23 509
23 510
23 511
24 512
24 513
24 514
24 515
24 516
24 517
24 518
24 519
25 520
25 521
25 522
25 523
25 524
25 525
25 526
25 527
26 528
26 529
26 530
26 531
26 532
26 533
26 534
26 535
27 536
27 537
27 538
27 539
27 540
27 541
27 542
27 543
28 544
28 545
28 546
28 547
28 548
28 549
28 550
28 551
29 552
29 553
29 554
29 555
29 556
29 557
29 558
29 559
30 560
30 561
30 562
30 563
30 564
30 565
30 566
30 567
31 568
31 569
31 570
31 571
31 572
31 573
31 574
31 575
32 576
32 577
32 578
32 579
32 580
32 581
32 582
32 583
33 584
33 585
33 586
33 587
33 588
33 589
33 590
33 591
34 592
34 593
34 594
34 595
34 596
34 597
34 598
34 599
35 600
35 601
35 602
35 603
35 604
35 605
35 606
35 607
36 608
36 609
36 610
36 611
36 612
36 613
36 614
36 615
37 616
37 617
37 618
37 619
37 620
37 621
37 622
37 623
38 624
38 625
38 626
38 627
38 628
38 629
38 630
38 631
39 632
39 633
39 634
39 635
39 636
39 637
39 638
39 639
40 640
40 641
40 642
40 643
40 644
40 645
40 646
40 647
41 648
41 649
41 650
41 651
41 652
41 653
41 654
41 655
42 656
42 657
42 658
42 659
42 660
42 661
42 662
42 663
43 664
43 665
43 666
43 667
43 668
43 669
43 670
43 671
44 672
44 673
44 674
44 675
44 676
44 677
44 678
44 679
45 680
45 681
45 682
45 683
45 684
45 685
45 686
45 687
46 688
46 689
46 690
46 691
46 692
46 693
46 694
46 695
47 696
47 697
47 698
47 699
47 700
47 701
47 702
47 703
48 704
48 705
48 706
48 707
48 708
48 709
48 710
48 711
49 712
49 713
49 714
49 715
49 716
49 717
49 718
49 719
50 720
50 721
50 722
50 723
50 724
50 725
50 726
50 727
51 728
51 729
51 730
51 731
51 732
51 733
51 734
51 735
52 736
52 737
52 738
52 739
52 740
52 741
52 742
52 743
53 744
53 745
53 746
53 747
53 748
53 749
53 750
53 751
54 752
54 753
54 754
54 755
54 756
54 757
54 758
54 759
55 760
55 761
55 762
55 763
55 764
55 765
55 766
55 767
56 768
56 769
56 770
56 771
56 772
56 773
56 774
56 775
57 776
57 777
57 778
57 779
57 780
57 781
57 782
57 783
58 784
58 785
58 786
58 787
58 788
58 789
58 790
58 791
59 792
59 793
59 794
59 795
59 796
59 797
59 798
59 799
60 800
60 801
60 802
60 803
60 804
60 805
60 806
60 807
61 808
61 809
61 810
61 811
61 812
61 813
61 814
61 815
62 816
62 817
62 818
62 819
62 820
62 821
62 822
62 823
63 824
63 825
63 826
63 827
63 828
63 829
63 830
63 831
64 832
64 833
64 834
64 835
64 836
64 837
64 838
64 839
65 840
65 841
65 842
65 843
65 844
65 845
65 846
65 847
66 848
66 849
66 850
66 851
66 852
66 853
66 854
66 855
67 856
67 857
67 858
67 859
67 860
67 861
67 862
67 863
68 864
68 865
68 866
68 867
68 868
68 869
68 870
68 871
69 872
69 873
69 874
69 875
69 876
69 877
69 878
69 879
70 880
70 881
70 882
70 883
70 884
70 885
70 886
70 887
71 888
71 889
71 890
71 891
71 892
71 893
71 894
71 895
72 896
72 897
72 898
72 899
72 900
72 901
72 902
72 903
73 904
73 905
73 906
73 907
73 908
73 909
73 910
73 911
74 912
74 913
74 914
74 915
74 916
74 917
74 918
74 919
75 920
75 921
75 922
75 923
75 924
75 925
75 926
75 927
76 928
76 929
76 930
76 931
76 932
76 933
76 934
76 935
77 936
77 937
77 938
77 939
77 940
77 941
77 942
77 943
78 944
78 945
78 946
78 947
78 948
78 949
78 950
78 951
79 952
79 953
79 954
79 955
79 956
79 957
79 958
79 959
80 960
80 961
80 962
80 963
80 964
80 965
80 966
80 967
81 968
81 969
81 970
81 971
81 972
81 973
81 974
81 975
82 976
82 977
82 978
82 979
82 980
82 981
82 982
82 983
83 984
83 985
83 986
83 987
83 988
83 989
83 990
83 991
84 992
84 993
84 994
84 995
84 996
84 997
84 998
84 999
85 1000
85 1001
85 1002
85 1003
85 1004
85 1005
85 1006
85 1007
86 1008
86 1009
86 1010
86 1011
86 1012
86 1013
86 1014
86 1015
87 1016
87 1017
87 1018
87 1019
87 1020
87 1021
87 1022
87 1023
88 1024
88 1025
88 1026
88 1027
88 1028
88 1029
88 1030
88 1031
89 1032
89 1033
89 1034
89 1035
89 1036
89 1037
89 1038
89 1039
90 1040
90 1041
90 1042
90 1043
90 1044
90 1045
90 1046
90 1047
91 1048
91 1049
91 1050
91 1051
91 1052
91 1053
91 1054
91 1055
92 1056
92 1057
92 1058
92 1059
92 1060
92 1061
92 1062
92 1063
93 1064
93 1065
93 1066
93 1067
93 1068
93 1069
93 1070
93 1071
94 1072
94 1073
94 1074
94 1075
94 1076
94 1077
94 1078
94 1079
95 1080
95 1081
95 1082
95 1083
95 1084
95 1085
95 1086
95 1087
96 1088
96 1089
96 1090
96 1091
96 1092
96 1093
96 1094
96 1095
97 1096
97 1097
97 1098
97 1099
97 1100
97 1101
97 1102
97 1103
98 1104
98 1105
98 1106
98 1107
98 1108
98 1109
98 1110
98 1111
99 1112
99 1113
99 1114
99 1115
99 1116
99 1117
99 1118
99 1119
100 1120
100 1121
100 1122
100 1123
100 1124
100 1125
100 1126
100 1127
101 1128
101 1129
101 1130
101 1131
101 1132
101 1133
101 1134
101 1135
102 1136
102 1137
102 1138
102 1139
102 1140
102 1141
102 1142
102 1143
103 1144
103 1145
103 1146
103 1147
103 1148
103 1149
103 1150
103 1151
104 1152
104 1153
104 1154
104 1155
104 1156
104 1157
104 1158
104 1159
105 1160
105 1161
105 1162
105 1163
105 1164
105 1165
105 1166
105 1167
106 1168
106 1169
106 1170
106 1171
106 1172
106 1173
106 1174
106 1175
107 1176
107 1177
107 1178
107 1179
107 1180
107 1181
107 1182
107 1183
108 1184
108 1185
108 1186
108 1187
108 1188
108 1189
108 1190
108 1191
109 1192
109 1193
109 1194
109 1195
109 1196
109 1197
109 1198
109 1199
110 1200
110 1201
110 1202
110 1203
110 1204
110 1205
110 1206
110 1207
111 1208
111 1209
111 1210
111 1211
111 1212
111 1213
111 1214
111 1215
112 1216
112 1217
112 1218
112 1219
112 1220
112 1221
112 1222
112 1223
113 1224
113 1225
113 1226
113 1227
113 1228
113 1229
113 1230
113 1231
114 1232
114 1233
114 1234
114 1235
114 1236
114 1237
114 1238
114 1239
115 1240
115 1241
115 1242
115 1243
115 1244
115 1245
115 1246
115 1247
116 1248
116 1249
116 1250
116 1251
116 1252
116 1253
116 1254
116 1255
117 1256
117 1257
117 1258
117 1259
117 1260
117 1261
117 1262
117 1263
118 1264
118 1265
118 1266
118 1267
118 1268
118 1269
118 1270
118 1271
119 1272
119 1273
119 1274
119 1275
119 1276
119 1277
119 1278
119 1279
120 1280
120 1281
120 1282
120 1283
120 1284
120 1285
120 1286
120 1287
121 1288
121 1289
121 1290
121 1291
121 1292
121 1293
121 1294
121 1295
122 1296
122 1297
122 1298
122 1299
122 1300
122 1301
122 1302
122 1303
123 1304
123 1305
123 1306
123 1307
123 1308
123 1309
123 1310
123 1311
124 1312
124 1313
124 1314
124 1315
124 1316
124 1317
124 1318
124 1319
125 1320
125 1321
125 1322
125 1323
125 1324
125 1325
125 1326
125 1327
126 1328
126 1329
126 1330
126 1331
126 1332
126 1333
126 1334
126 1335
127 1336
127 1337
127 1338
127 1339
127 1340
127 1341
127 1342
127 1343
128 1344
128 1345
128 1346
128 1347
128 1348
128 1349
128 1350
128 1351
129 1352
129 1353
129 1354
129 1355
129 1356
129 1357
129 1358
129 1359
130 1360
130 1361
130 1362
130 1363
130 1364
130 1365
130 1366
130 1367
131 1368
131 1369
131 1370
131 1371
131 1372
131 1373
131 1374
131 1375
132 1376
132 1377
132 1378
132 1379
132 1380
132 1381
132 1382
132 1383
133 1384
133 1385
133 1386
133 1387
133 1388
133 1389
133 1390
133 1391
134 1392
134 1393
134 1394
134 1395
134 1396
134 1397
134 1398
134 1399
135 1400
135 1401
135 1402
135 1403
135 1404
135 1405
135 1406
135 1407
136 1408
136 1409
136 1410
136 1411
136 1412
136 1413
136 1414
136 1415
137 1416
137 1417
137 1418
137 1419
137 1420
137 1421
137 1422
137 1423
138 1424
138 1425
138 1426
138 1427
138 1428
138 1429
138 1430
138 1431
139 1432
139 1433
139 1434
139 1435
139 1436
139 1437
139 1438
139 1439
140 1440
140 1441
140 1442
140 1443
140 1444
140 1445
140 1446
140 1447
141 1448
141 1449
141 1450
141 1451
141 1452
141 1453
141 1454
141 1455
142 1456
142 1457
142 1458
142 1459
142 1460
142 1461
142 1462
142 1463
143 1464
143 1465
143 1466
143 1467
143 1468
143 1469
143 1470
143 1471
144 1472
144 1473
144 1474
144 1475
144 1476
144 1477
144 1478
144 1479
145 1480
145 1481
145 1482
145 1483
145 1484
145 1485
145 1486
145 1487
146 1488
146 1489
146 1490
146 1491
146 1492
146 1493
146 1494
146 1495
147 1496
147 1497
147 1498
147 1499
147 1500
147 1501
147 1502
147 1503
148 1504
148 1505
148 1506
148 1507
148 1508
148 1509
148 1510
148 1511
149 1512
149 1513
149 1514
149 1515
149 1516
149 1517
149 1518
149 1519
150 1520
150 1521
150 1522
150 1523
150 1524
150 1525
150 1526
150 1527
151 1528
151 1529
151 1530
151 1531
151 1532
151 1533
151 1534
151 1535
152 1536
152 1537
152 1538
152 1539
152 1540
152 1541
152 1542
152 1543
153 1544
153 1545
153 1546
153 1547
153 1548
153 1549
153 1550
153 1551
154 1552
154 1553
154 1554
154 1555
154 1556
154 1557
154 1558
154 1559
155 1560
155 1561
155 1562
155 1563
155 1564
155 1565
155 1566
155 1567
156 1568
156 1569
156 1570
156 1571
156 1572
156 1573
156 1574
156 1575
157 1576
157 1577
157 1578
157 1579
157 1580
157 1581
157 1582
157 1583
158 1584
158 1585
158 1586
158 1587
158 1588
158 1589
158 1590
158 1591
159 1592
159 1593
159 1594
159 1595
159 1596
159 1597
159 1598
159 1599
160 1600
160 1601
160 1602
160 1603
160 1604
160 1605
160 1606
160 1607
161 1608
161 1609
161 1610
161 1611
161 1612
161 1613
161 1614
161 1615
162 1616
162 1617
162 1618
162 1619
162 1620
162 1621
162 1622
162 1623
163 1624
163 1625
163 1626
163 1627
163 1628
163 1629
163 1630
163 1631
164 1632
164 1633
164 1634
164 1635
164 1636
164 1637
164 1638
164 1639
165 1640
165 1641
165 1642
165 1643
165 1644
165 1645
165 1646
165 1647
166 1648
166 1649
166 1650
166 1651
166 1652
166 1653
166 1654
166 1655
167 1656
167 1657
167 1658
167 1659
167 1660
167 1661
167 1662
167 1663
168 1664
168 1665
168 1666
168 1667
168 1668
168 1669
168 1670
168 1671
169 1672
169 1673
169 1674
169 1675
169 1676
169 1677
169 1678
169 1679
170 1680
170 1681
170 1682
170 1683
170 1684
170 1685
170 1686
170 1687
171 1688
171 1689
171 1690
171 1691
171 1692
171 1693
171 1694
171 1695
172 1696
172 1697
172 1698
172 1699
172 1700
172 1701
172 1702
172 1703
173 1704
173 1705
173 1706
173 1707
173 1708
173 1709
173 1710
173 1711
174 1712
174 1713
174 1714
174 1715
174 1716
174 1717
174 1718
174 1719
175 1720
175 1721
175 1722
175 1723
175 1724
175 1725
175 1726
175 1727
176 1728
176 1729
176 1730
176 1731
176 1732
176 1733
176 1734
176 1735
177 1736
177 1737
177 1738
177 1739
177 1740
177 1741
177 1742
177 1743
178 1744
178 1745
178 1746
178 1747
178 1748
178 1749
178 1750
178 1751
179 1752
179 1753
179 1754
179 1755
179 1756
179 1757
179 1758
179 1759
180 1760
180 1761
180 1762
180 1763
180 1764
180 1765
180 1766
180 1767
181 1768
181 1769
181 1770
181 1771
181 1772
181 1773
181 1774
181 1775
182 1776
182 1777
182 1778
182 1779
182 1780
182 1781
182 1782
182 1783
183 1784
183 1785
183 1786
183 1787
183 1788
183 1789
183 1790
183 1791
184 1792
184 1793
184 1794
184 1795
184 1796
184 1797
184 1798
184 1799
185 1800
185 1801
185 1802
185 1803
185 1804
185 1805
185 1806
185 1807
186 1808
186 1809
186 1810
186 1811
186 1812
186 1813
186 1814
186 1815
187 1816
187 1817
187 1818
187 1819
187 1820
187 1821
187 1822
187 1823
188 1824
188 1825
188 1826
188 1827
188 1828
188 1829
188 1830
188 1831
189 1832
189 1833
189 1834
189 1835
189 1836
189 1837
189 1838
189 1839
190 1840
190 1841
190 1842
190 1843
190 1844
190 1845
190 1846
190 1847
191 1848
191 1849
191 1850
191 1851
191 1852
191 1853
191 1854
191 1855
192 1856
192 1857
192 1858
192 1859
192 1860
192 1861
192 1862
192 1863
193 1864
193 1865
193 1866
193 1867
193 1868
193 1869
193 1870
193 1871
194 1872
194 1873
194 1874
194 1875
194 1876
194 1877
194 1878
194 1879
195 1880
195 1881
195 1882
195 1883
195 1884
195 1885
195 1886
195 1887
196 1888
196 1889
196 1890
196 1891
196 1892
196 1893
196 1894
196 1895
197 1896
197 1897
197 1898
197 1899
197 1900
197 1901
197 1902
197 1903
198 1904
198 1905
198 1906
198 1907
198 1908
198 1909
198 1910
198 1911
199 1912
199 1913
199 1914
199 1915
199 1916
199 1917
199 1918
199 1919
200 1920
200 1921
200 1922
200 1923
200 1924
200 1925
200 1926
200 1927
201 1928
201 1929
201 1930
201 1931
201 1932
201 1933
201 1934
201 1935
202 1936
202 1937
202 1938
202 1939
202 1940
202 1941
202 1942
202 1943
203 1944
203 1945
203 1946
203 1947
203 1948
203 1949
203 1950
203 1951
204 1952
204 1953
204 1954
204 1955
204 1956
204 1957
204 1958
204 1959
205 1960
205 1961
205 1962
205 1963
205 1964
205 1965
205 1966
205 1967
206 1968
206 1969
206 1970
206 1971
206 1972
206 1973
206 1974
206 1975
207 1976
207 1977
207 1978
207 1979
207 1980
207 1981
207 1982
207 1983
208 1984
208 1985
208 1986
208 1987
208 1988
208 1989
208 1990
208 1991
209 1992
209 1993
209 1994
209 1995
209 1996
209 1997
209 1998
209 1999
210 2000
210 2001
210 2002
210 2003
210 2004
210 2005
210 2006
210 2007
211 2008
211 2009
211 2010
211 2011
211 2012
211 2013
211 2014
211 2015
212 2016
212 2017
212 2018
212 2019
212 2020
212 2021
212 2022
212 2023
213 2024
213 2025
213 2026
213 2027
213 2028
213 2029
213 2030
213 2031
214 2032
214 2033
214 2034
214 2035
214 2036
214 2037
214 2038
214 2039
215 2040
215 2041
215 2042
215 2043
215 2044
215 2045
215 2046
215 2047
216 2048
216 2049
216 2050
216 2051
216 2052
216 2053
216 2054
216 2055
217 2056
217 2057
217 2058
217 2059
217 2060
217 2061
217 2062
217 2063
218 2064
218 2065
218 2066
218 2067
218 2068
218 2069
218 2070
218 2071
219 2072
219 2073
219 2074
219 2075
219 2076
219 2077
219 2078
219 2079
220 2080
220 2081
220 2082
220 2083
220 2084
220 2085
220 2086
220 2087
221 2088
221 2089
221 2090
221 2091
221 2092
221 2093
221 2094
221 2095
222 2096
222 2097
222 2098
222 2099
222 2100
222 2101
222 2102
222 2103
223 2104
223 2105
223 2106
223 2107
223 2108
223 2109
223 2110
223 2111
224 2112
224 2113
224 2114
224 2115
224 2116
224 2117
224 2118
224 2119
225 2120
225 2121
225 2122
225 2123
225 2124
225 2125
225 2126
225 2127
226 2128
226 2129
226 2130
226 2131
226 2132
226 2133
226 2134
226 2135
227 2136
227 2137
227 2138
227 2139
227 2140
227 2141
227 2142
227 2143
228 2144
228 2145
228 2146
228 2147
228 2148
228 2149
228 2150
228 2151
229 2152
229 2153
229 2154
229 2155
229 2156
229 2157
229 2158
229 2159
230 2160
230 2161
230 2162
230 2163
230 2164
230 2165
230 2166
230 2167
231 2168
231 2169
231 2170
231 2171
231 2172
231 2173
231 2174
231 2175
232 2176
232 2177
232 2178
232 2179
232 2180
232 2181
232 2182
232 2183
233 2184
233 2185
233 2186
233 2187
233 2188
233 2189
233 2190
233 2191
234 2192
234 2193
234 2194
234 2195
234 2196
234 2197
234 2198
234 2199
235 2200
235 2201
235 2202
235 2203
235 2204
235 2205
235 2206
235 2207
236 2208
236 2209
236 2210
236 2211
236 2212
236 2213
236 2214
236 2215
237 2216
237 2217
237 2218
237 2219
237 2220
237 2221
237 2222
237 2223
238 2224
238 2225
238 2226
238 2227
238 2228
238 2229
238 2230
238 2231
239 2232
239 2233
239 2234
239 2235
239 2236
239 2237
239 2238
239 2239
240 2240
240 2241
240 2242
240 2243
240 2244
240 2245
240 2246
240 2247
241 2248
241 2249
241 2250
241 2251
241 2252
241 2253
241 2254
241 2255
242 2256
242 2257
242 2258
242 2259
242 2260
242 2261
242 2262
242 2263
243 2264
243 2265
243 2266
243 2267
243 2268
243 2269
243 2270
243 2271
244 2272
244 2273
244 2274
244 2275
244 2276
244 2277
244 2278
244 2279
245 2280
245 2281
245 2282
245 2283
245 2284
245 2285
245 2286
245 2287
246 2288
246 2289
246 2290
246 2291
246 2292
246 2293
246 2294
246 2295
247 2296
247 2297
247 2298
247 2299
247 2300
247 2301
247 2302
247 2303
248 2304
248 2305
248 2306
248 2307
248 2308
248 2309
248 2310
248 2311
249 2312
249 2313
249 2314
249 2315
249 2316
249 2317
249 2318
249 2319
250 2320
250 2321
250 2322
250 2323
250 2324
250 2325
250 2326
250 2327
251 2328
251 2329
251 2330
251 2331
251 2332
251 2333
251 2334
251 2335
252 2336
252 2337
252 2338
252 2339
252 2340
252 2341
252 2342
252 2343
253 2344
253 2345
253 2346
253 2347
253 2348
253 2349
253 2350
253 2351
254 2352
254 2353
254 2354
254 2355
254 2356
254 2357
254 2358
254 2359
255 2360
255 2361
255 2362
255 2363
255 2364
255 2365
255 2366
255 2367
256 2368
256 2369
256 2370
256 2371
256 2372
256 2373
256 2374
256 2375
257 2376
257 2377
257 2378
257 2379
257 2380
257 2381
257 2382
257 2383
258 2384
258 2385
258 2386
258 2387
258 2388
258 2389
258 2390
258 2391
259 2392
259 2393
259 2394
259 2395
259 2396
259 2397
259 2398
259 2399
260 2400
260 2401
260 2402
260 2403
260 2404
260 2405
260 2406
260 2407
261 2408
261 2409
261 2410
261 2411
261 2412
261 2413
261 2414
261 2415
262 2416
262 2417
262 2418
262 2419
262 2420
262 2421
262 2422
262 2423
263 2424
263 2425
263 2426
263 2427
263 2428
263 2429
263 2430
263 2431
264 2432
264 2433
264 2434
264 2435
264 2436
264 2437
264 2438
264 2439
265 2440
265 2441
265 2442
265 2443
265 2444
265 2445
265 2446
265 2447
266 2448
266 2449
266 2450
266 2451
266 2452
266 2453
266 2454
266 2455
267 2456
267 2457
267 2458
267 2459
267 2460
267 2461
267 2462
267 2463
268 2464
268 2465
268 2466
268 2467
268 2468
268 2469
268 2470
268 2471
269 2472
269 2473
269 2474
269 2475
269 2476
269 2477
269 2478
269 2479
270 2480
270 2481
270 2482
270 2483
270 2484
270 2485
270 2486
270 2487
271 2488
271 2489
271 2490
271 2491
271 2492
271 2493
271 2494
271 2495
272 2496
272 2497
272 2498
272 2499
272 2500
272 2501
272 2502
272 2503
273 2504
273 2505
273 2506
273 2507
273 2508
273 2509
273 2510
273 2511
274 2512
274 2513
274 2514
274 2515
274 2516
274 2517
274 2518
274 2519
275 2520
275 2521
275 2522
275 2523
275 2524
275 2525
275 2526
275 2527
276 2528
276 2529
276 2530
276 2531
276 2532
276 2533
276 2534
276 2535
277 2536
277 2537
277 2538
277 2539
277 2540
277 2541
277 2542
277 2543
278 2544
278 2545
278 2546
278 2547
278 2548
278 2549
278 2550
278 2551
279 2552
279 2553
279 2554
279 2555
279 2556
279 2557
279 2558
279 2559
280 2560
280 2561
280 2562
280 2563
280 2564
280 2565
280 2566
280 2567
281 2568
281 2569
281 2570
281 2571
281 2572
281 2573
281 2574
281 2575
282 2576
282 2577
282 2578
282 2579
282 2580
282 2581
282 2582
282 2583
283 2584
283 2585
283 2586
283 2587
283 2588
283 2589
283 2590
283 2591
284 2592
284 2593
284 2594
284 2595
284 2596
284 2597
284 2598
284 2599
285 2600
285 2601
285 2602
285 2603
285 2604
285 2605
285 2606
285 2607
286 2608
286 2609
286 2610
286 2611
286 2612
286 2613
286 2614
286 2615
287 2616
287 2617
287 2618
287 2619
287 2620
287 2621
287 2622
287 2623
288 2624
288 2625
288 2626
288 2627
288 2628
288 2629
288 2630
288 2631
289 2632
289 2633
289 2634
289 2635
289 2636
289 2637
289 2638
289 2639
290 2640
290 2641
290 2642
290 2643
290 2644
290 2645
290 2646
290 2647
291 2648
291 2649
291 2650
291 2651
291 2652
291 2653
291 2654
291 2655
292 2656
292 2657
292 2658
292 2659
292 2660
292 2661
292 2662
292 2663
293 2664
293 2665
293 2666
293 2667
293 2668
293 2669
293 2670
293 2671
294 2672
294 2673
294 2674
294 2675
294 2676
294 2677
294 2678
294 2679
295 2680
295 2681
295 2682
295 2683
295 2684
295 2685
295 2686
295 2687
296 2688
296 2689
296 2690
296 2691
296 2692
296 2693
296 2694
296 2695
297 2696
297 2697
297 2698
297 2699
297 2700
297 2701
297 2702
297 2703
298 2704
298 2705
298 2706
298 2707
298 2708
298 2709
298 2710
298 2711
299 2712
299 2713
299 2714
299 2715
299 2716
299 2717
299 2718
299 2719
300 2720
300 2721
300 2722
300 2723
300 2724
300 2725
300 2726
300 2727
301 2728
301 2729
301 2730
301 2731
301 2732
301 2733
301 2734
301 2735
302 2736
302 2737
302 2738
302 2739
302 2740
302 2741
302 2742
302 2743
303 2744
303 2745
303 2746
303 2747
303 2748
303 2749
303 2750
303 2751
304 2752
304 2753
304 2754
304 2755
304 2756
304 2757
304 2758
304 2759
305 2760
305 2761
305 2762
305 2763
305 2764
305 2765
305 2766
305 2767
306 2768
306 2769
306 2770
306 2771
306 2772
306 2773
306 2774
306 2775
307 2776
307 2777
307 2778
307 2779
307 2780
307 2781
307 2782
307 2783
308 2784
308 2785
308 2786
308 2787
308 2788
308 2789
308 2790
308 2791
309 2792
309 2793
309 2794
309 2795
309 2796
309 2797
309 2798
309 2799
310 2800
310 2801
310 2802
310 2803
310 2804
310 2805
310 2806
310 2807
311 2808
311 2809
311 2810
311 2811
311 2812
311 2813
311 2814
311 2815
312 2816
312 2817
312 2818
312 2819
312 2820
312 2821
312 2822
312 2823
313 2824
313 2825
313 2826
313 2827
313 2828
313 2829
313 2830
313 2831
314 2832
314 2833
314 2834
314 2835
314 2836
314 2837
314 2838
314 2839
315 2840
315 2841
315 2842
315 2843
315 2844
315 2845
315 2846
315 2847
316 2848
316 2849
316 2850
316 2851
316 2852
316 2853
316 2854
316 2855
317 2856
317 2857
317 2858
317 2859
317 2860
317 2861
317 2862
317 2863
318 2864
318 2865
318 2866
318 2867
318 2868
318 2869
318 2870
318 2871
319 2872
319 2873
319 2874
319 2875
319 2876
319 2877
319 2878
319 2879
