0 112
0 130
0 229
0 106
0 76
0 306
0 143
0 16
0 49
0 210
0 275
0 85
0 89
0 202
1 115
1 5
1 72
1 169
1 13
1 78
1 17
1 297
1 19
1 105
1 310
1 183
1 24
1 221
2 150
2 134
2 201
2 170
2 183
2 111
2 82
2 310
2 313
2 120
2 185
2 58
2 303
2 253
3 130
3 4
3 201
3 74
3 172
3 265
3 14
3 19
3 300
3 54
3 55
3 252
3 62
3 191
4 224
4 33
4 101
4 39
4 141
4 206
4 209
4 211
4 302
4 119
4 24
4 189
4 254
5 256
5 98
5 227
5 69
5 199
5 305
5 246
5 313
5 249
5 255
5 92
5 93
5 287
6 99
6 168
6 151
6 45
6 15
6 145
6 20
6 150
6 87
6 217
6 124
6 61
6 62
6 127
7 198
7 226
7 292
7 150
7 134
7 167
7 136
7 265
7 48
7 305
7 214
7 312
7 217
7 102
8 133
8 70
8 296
8 37
8 200
8 178
8 243
8 212
8 53
8 151
8 38
8 188
8 61
8 69
9 232
9 298
9 215
9 270
9 79
9 144
9 264
9 116
9 87
9 216
9 120
9 218
9 316
9 126
10 129
10 104
10 138
10 172
10 14
10 111
10 144
10 114
10 21
10 217
10 312
10 57
10 90
10 29
11 160
11 257
11 36
11 69
11 70
11 169
11 179
11 181
11 119
11 228
11 154
11 61
11 286
11 213
12 64
12 225
12 72
12 137
12 301
12 204
12 205
12 77
12 176
12 147
12 309
12 119
12 152
12 63
13 66
13 299
13 101
13 231
13 232
13 267
13 78
13 303
13 112
13 147
13 55
13 87
13 94
14 100
14 38
14 39
14 170
14 94
14 114
14 131
14 106
14 218
14 285
14 286
14 31
15 227
15 102
15 231
15 266
15 77
15 238
15 148
15 182
15 120
15 281
15 221
15 286
15 63
16 290
16 236
16 252
16 76
16 174
16 207
16 309
16 246
16 265
16 234
16 60
16 29
16 31
17 91
17 197
17 138
17 107
17 44
17 305
17 83
17 251
17 23
17 217
17 123
17 62
17 159
18 226
18 291
18 68
18 298
18 301
18 285
18 90
18 88
18 250
18 315
18 124
18 221
18 222
18 31
19 128
19 38
19 44
19 272
19 288
19 48
19 209
19 83
19 56
19 153
19 252
19 94
20 32
20 225
20 195
20 164
20 229
20 235
20 272
20 112
20 49
20 307
20 277
20 88
20 25
21 289
21 66
21 291
21 132
21 198
21 136
21 42
21 236
21 46
21 195
21 122
21 187
21 127
22 228
22 135
22 136
22 201
22 263
22 301
22 238
22 111
22 176
22 245
22 183
22 153
22 123
22 93
23 107
23 293
23 201
23 298
23 203
23 77
23 46
23 239
23 112
23 86
23 24
23 313
23 118
24 257
24 67
24 276
24 33
24 289
24 112
24 280
24 306
24 25
24 184
24 132
25 161
25 162
25 262
25 156
25 170
25 303
25 113
25 53
25 118
25 87
25 155
25 28
26 289
26 67
26 36
26 300
26 170
26 204
26 304
26 145
26 195
26 277
26 118
26 317
26 158
26 255
27 97
27 293
27 201
27 234
27 61
27 175
27 49
27 242
27 153
27 90
27 255
27 124
27 154
27 95
28 161
28 98
28 105
28 108
28 109
28 83
28 265
28 58
28 91
28 92
28 218
28 62
28 127
29 225
29 66
29 227
29 294
29 243
29 72
29 210
29 307
29 153
29 154
29 93
29 319
30 262
30 134
30 264
30 43
30 76
30 206
30 143
30 86
30 127
30 38
30 92
30 157
30 150
30 182
31 224
31 225
31 162
31 263
31 202
31 299
31 140
31 301
31 248
31 59
31 298
32 257
32 67
32 100
32 133
32 70
32 297
32 106
32 125
32 241
32 185
32 282
32 317
32 191
33 193
33 147
33 179
33 167
33 170
33 87
33 307
33 311
33 36
33 253
33 318
33 37
34 288
34 36
34 294
34 39
34 104
34 298
34 268
34 302
34 240
34 113
34 179
34 52
34 132
34 123
35 311
35 67
35 292
35 261
35 70
35 200
35 171
35 237
35 84
35 62
35 279
35 154
35 190
35 159
36 229
36 263
36 40
36 137
36 139
36 242
36 177
36 89
36 71
36 314
37 224
37 292
37 69
37 104
37 300
37 173
37 303
37 115
37 276
37 181
37 250
37 127
38 291
38 237
38 272
38 53
38 153
38 216
38 281
38 315
38 125
38 222
39 259
39 215
39 47
39 254
39 75
39 174
39 86
39 279
39 186
39 79
39 222
40 64
40 130
40 165
40 260
40 41
40 74
40 173
40 239
40 115
40 311
40 280
40 121
40 250
41 96
41 260
41 229
41 134
41 139
41 140
41 200
41 83
41 244
41 245
41 308
41 159
41 261
42 128
42 259
42 100
42 198
42 297
42 108
42 205
42 45
42 240
42 83
42 105
42 87
42 195
43 64
43 193
43 126
43 134
43 103
43 234
43 231
43 236
43 109
43 148
43 149
43 182
43 281
44 128
44 235
44 273
44 275
44 75
44 47
44 176
44 114
44 149
44 310
44 314
44 61
45 288
45 193
45 131
45 70
45 257
45 241
45 190
45 249
45 251
45 220
45 134
45 181
46 160
46 224
46 260
46 229
46 262
46 263
46 169
46 206
46 54
46 58
46 90
46 254
47 225
47 195
47 230
47 265
47 74
47 203
47 302
47 178
47 150
47 215
47 89
47 282
48 194
48 267
48 231
48 266
48 50
48 212
48 57
48 52
48 90
48 157
48 55
48 319
49 137
49 111
49 306
49 110
49 271
49 208
49 210
49 244
49 117
49 84
49 122
50 192
50 100
50 293
50 105
50 171
50 236
50 241
50 116
50 89
50 312
50 244
50 253
50 318
51 67
51 230
51 262
51 103
51 72
51 138
51 299
51 172
51 79
51 210
51 276
51 311
51 313
51 234
52 131
52 196
52 162
52 302
52 271
52 145
52 277
52 282
52 219
52 60
52 61
52 191
53 225
53 290
53 199
53 72
53 124
53 141
53 54
53 248
53 314
53 219
53 220
54 256
54 165
54 168
54 170
54 236
54 244
54 118
54 154
54 252
54 69
54 149
55 289
55 130
55 196
55 193
55 303
55 80
55 242
55 99
55 314
55 286
55 223
56 96
56 257
56 260
56 197
56 108
56 173
56 253
56 208
56 269
56 309
56 88
56 271
56 61
57 261
57 126
57 110
57 82
57 244
57 302
57 310
57 119
57 316
57 61
57 190
57 95
58 161
58 163
58 171
58 194
58 271
58 272
58 273
58 178
58 211
58 270
58 62
59 192
59 99
59 196
59 241
59 171
59 209
59 82
59 275
59 180
59 85
59 279
59 280
59 187
60 128
60 164
60 165
60 263
60 175
60 272
60 306
60 196
60 185
60 228
60 188
60 190
61 160
61 102
61 140
61 211
61 85
61 186
62 160
62 228
62 261
62 295
62 265
62 171
62 313
62 190
63 251
63 292
63 71
63 298
63 111
63 238
63 303
63 144
63 145
63 85
63 228
63 175
64 161
64 294
64 138
64 204
64 109
64 206
64 303
64 146
64 212
64 215
64 159
65 129
65 98
65 297
65 106
65 237
65 93
65 285
65 305
65 146
65 181
65 173
65 281
65 154
65 157
66 258
66 228
66 106
66 172
66 205
66 114
66 247
66 280
66 219
66 93
66 222
67 83
67 230
67 295
67 266
67 139
67 108
67 272
67 308
67 88
68 192
68 101
68 231
68 266
68 267
68 236
68 82
68 213
68 119
68 123
68 167
68 190
68 181
69 295
69 300
69 266
69 140
69 82
69 280
69 249
69 314
69 252
70 164
70 169
70 108
70 78
70 173
70 112
70 84
70 228
70 250
71 98
71 100
71 135
71 139
71 77
71 241
71 210
71 151
71 152
71 196
71 217
71 90
72 289
72 102
72 294
72 112
72 212
72 278
72 122
72 283
72 133
73 128
73 291
73 102
73 297
73 109
73 78
73 143
73 305
73 244
73 182
73 169
73 88
73 250
73 93
74 160
74 132
74 101
74 232
74 252
74 112
74 114
74 309
74 182
74 316
74 85
75 288
75 162
75 133
75 264
75 107
75 226
75 174
75 240
75 85
75 186
75 282
75 158
76 304
76 261
76 284
76 203
76 268
76 302
76 85
76 86
76 247
76 152
76 124
77 288
77 194
77 130
77 168
77 167
77 146
77 273
77 242
77 276
77 120
78 96
78 197
78 264
78 238
78 239
78 82
78 314
78 79
78 189
78 222
79 107
79 110
79 80
79 147
79 180
79 181
79 282
79 187
79 188
79 157
80 195
80 198
80 177
80 103
80 110
80 239
80 81
80 114
80 308
80 159
80 284
80 223
81 100
81 229
81 295
81 266
81 267
81 82
81 221
81 178
81 211
81 186
81 251
81 252
81 317
82 283
82 207
82 111
82 239
82 114
82 309
82 285
83 224
83 292
83 293
83 169
83 139
83 204
83 185
83 101
84 224
84 266
84 269
84 142
84 143
84 123
84 276
84 301
84 283
84 124
84 189
85 160
85 99
85 161
85 96
85 115
85 248
85 249
86 176
86 130
86 228
86 170
86 203
86 290
86 144
86 215
86 214
86 126
87 97
87 198
87 267
87 175
87 304
87 183
87 316
87 138
88 261
88 231
88 205
88 274
88 311
88 137
88 156
88 285
88 190
89 290
89 99
89 228
89 105
89 162
89 176
89 243
89 308
89 277
89 122
90 160
90 99
90 132
90 296
90 116
90 312
90 308
90 250
91 288
91 225
91 259
91 228
91 298
91 222
91 277
91 246
91 279
91 219
91 158
91 159
92 230
92 103
92 104
92 139
92 271
92 177
92 199
92 149
92 247
92 283
92 183
93 96
93 251
93 104
93 235
93 148
93 283
93 123
93 95
94 161
94 142
94 255
94 144
94 209
94 185
94 159
94 188
94 285
94 254
94 191
95 256
95 258
95 259
95 164
95 179
95 136
95 234
95 268
95 173
95 241
95 115
96 162
96 315
96 168
96 274
96 131
96 183
96 121
96 251
96 245
97 163
97 230
97 308
97 249
97 234
97 107
97 110
97 144
97 146
97 116
97 277
97 217
98 227
98 165
98 230
98 231
98 265
98 267
98 302
98 113
98 308
98 279
99 227
99 168
99 269
99 145
99 274
99 149
99 216
99 282
100 163
100 178
100 101
100 262
100 202
100 301
100 244
100 158
101 240
101 259
101 233
101 142
101 304
101 176
101 215
101 155
102 229
102 232
102 141
102 302
102 144
102 147
102 181
102 265
102 223
103 258
103 226
103 174
103 175
103 306
103 276
103 213
103 153
103 313
103 218
104 137
104 300
104 240
104 213
104 281
104 220
104 138
104 158
104 287
105 194
105 235
105 107
105 242
105 302
105 146
105 277
105 267
105 298
106 164
106 261
106 289
106 233
106 140
106 143
106 112
106 147
106 253
107 135
107 139
107 172
107 303
107 180
107 150
107 233
107 189
108 129
108 230
108 294
108 210
108 306
108 280
108 313
108 202
108 254
109 132
109 150
109 201
109 270
109 208
109 312
109 118
109 152
109 316
109 221
110 128
110 194
110 134
110 263
110 266
110 176
110 149
110 217
110 221
111 246
111 214
111 210
111 191
111 140
111 141
111 174
111 123
112 163
112 230
112 189
112 177
112 277
113 160
113 192
113 251
113 132
113 198
113 235
113 175
113 241
113 278
113 248
113 315
114 166
114 168
114 267
114 269
114 116
114 152
114 156
115 224
115 226
115 163
115 118
115 133
115 212
115 182
115 312
115 155
116 289
116 227
116 260
116 165
116 161
116 202
116 311
116 298
116 318
117 256
117 131
117 246
117 134
117 309
117 287
117 277
117 214
117 153
117 218
117 319
117 286
117 223
118 299
118 307
118 235
118 140
118 301
118 178
118 279
118 207
119 257
119 299
119 234
119 236
119 143
119 243
119 311
119 250
119 297
120 194
120 195
120 306
120 142
120 271
120 178
120 211
120 181
120 247
120 175
121 283
121 243
121 297
121 125
121 144
121 296
121 210
121 179
121 185
121 155
121 157
121 255
122 123
122 167
122 235
122 191
122 150
122 184
122 250
122 315
122 154
122 296
123 134
123 265
123 270
123 310
123 180
123 187
124 291
124 164
124 134
124 233
124 274
124 174
124 178
124 212
125 128
125 132
125 161
125 233
125 234
125 151
125 237
125 303
125 275
125 279
125 154
126 246
126 130
126 261
126 294
126 297
126 274
126 179
126 148
126 310
126 280
127 181
127 245
127 266
127 158
127 317
127 242
127 243
127 253
127 287
128 264
128 146
128 309
128 182
128 219
128 284
128 285
129 256
129 231
129 284
129 269
129 143
129 247
129 280
129 218
129 315
129 156
129 255
130 294
130 177
130 139
130 232
130 219
130 188
130 296
131 193
131 264
131 237
131 303
131 275
131 283
131 156
131 190
131 213
132 289
132 140
132 206
132 207
132 175
132 255
133 164
133 293
133 199
133 137
133 138
133 237
133 310
133 281
133 219
134 224
134 193
134 227
134 151
135 256
135 162
135 165
135 296
135 268
135 146
135 152
135 313
135 218
135 187
135 317
136 224
136 262
136 252
136 205
136 303
136 319
136 245
136 316
136 152
136 255
137 233
137 171
137 148
137 279
137 248
137 212
137 314
137 155
138 209
138 226
138 291
138 273
138 259
138 139
138 146
139 164
139 272
139 246
139 247
139 312
140 291
140 156
140 151
140 249
140 220
140 221
141 161
141 194
141 234
141 269
141 147
141 276
141 310
141 250
141 284
141 287
142 193
142 292
142 210
142 205
142 271
142 178
142 244
142 245
142 184
142 221
143 195
143 172
143 177
143 274
143 280
143 189
143 255
144 257
144 164
144 262
144 159
144 307
144 287
145 293
145 265
145 170
145 255
145 208
145 187
145 234
145 190
145 223
146 163
146 289
146 205
146 309
146 278
146 251
147 260
147 167
147 304
147 213
147 249
147 153
147 253
148 289
148 196
148 197
148 269
148 238
148 243
148 310
148 186
148 219
149 293
149 300
149 227
149 180
149 299
149 220
149 284
149 222
150 160
150 229
150 299
150 268
150 237
150 218
151 198
151 162
151 163
151 202
151 299
151 200
151 219
151 222
152 192
152 235
152 275
152 174
152 175
152 304
152 227
153 160
153 299
153 174
153 239
153 211
153 247
154 194
154 168
154 269
154 179
154 180
154 214
155 194
155 295
155 232
155 234
155 171
155 306
155 246
155 217
155 252
156 293
156 301
156 269
156 195
156 212
156 252
156 254
156 229
157 192
157 226
157 293
157 166
157 172
157 210
157 207
157 189
157 318
158 225
158 258
158 292
158 295
158 199
158 213
158 260
158 186
159 202
159 203
159 173
159 183
159 216
159 186
160 246
160 231
160 184
160 318
161 235
161 173
161 177
161 175
161 287
162 258
162 262
162 303
162 242
162 275
162 250
163 288
163 231
163 204
163 224
163 278
163 196
163 284
164 263
164 252
164 204
164 248
164 189
165 256
165 192
165 201
165 178
165 200
165 274
165 311
165 297
166 299
166 295
166 316
166 199
166 238
166 203
166 272
166 273
166 309
166 278
166 185
166 188
167 259
167 299
167 239
167 305
167 244
167 188
167 186
167 319
168 173
168 176
168 309
168 214
168 216
168 205
168 182
169 194
169 299
169 228
169 238
169 278
169 311
169 249
169 219
170 288
170 200
170 265
170 202
170 306
170 319
171 232
171 249
171 208
171 273
171 265
171 248
171 315
172 297
172 290
172 308
172 278
172 216
172 282
172 287
173 224
173 257
173 260
173 267
173 177
174 225
174 243
174 279
174 184
174 217
174 253
175 230
175 316
175 307
175 221
176 205
176 211
176 309
176 283
176 286
176 229
177 200
177 239
177 304
177 272
177 241
177 205
178 216
178 214
178 207
178 220
179 260
179 240
179 239
179 304
179 244
179 309
179 312
180 219
180 241
180 200
180 206
180 208
180 209
180 281
180 284
181 291
181 270
181 237
181 228
181 191
182 192
182 194
182 212
182 250
182 251
182 223
183 214
183 257
183 215
183 270
183 280
183 217
183 285
184 208
184 296
184 300
184 269
184 240
184 241
184 306
184 276
184 221
185 188
185 233
185 202
185 318
185 277
185 319
185 255
186 261
186 221
186 208
186 242
186 276
186 190
187 227
187 223
187 264
187 206
187 218
187 188
187 254
187 245
188 293
188 220
188 240
188 275
188 247
189 291
189 229
189 233
189 302
189 282
189 287
190 192
190 196
190 215
190 255
191 258
191 266
191 238
191 307
191 280
191 271
191 285
192 232
192 268
192 238
192 207
192 213
193 288
193 290
193 237
193 307
193 244
193 277
193 318
194 257
194 276
194 246
195 227
195 260
195 294
195 310
195 313
196 197
196 231
196 264
196 269
196 212
196 221
197 199
197 202
197 210
197 245
197 319
197 218
197 287
197 220
197 309
198 295
198 201
198 302
198 245
198 278
198 319
198 222
199 290
199 234
199 203
199 240
199 281
199 219
199 318
200 204
200 294
200 297
200 236
200 277
200 317
201 256
201 233
201 270
201 301
201 317
201 261
202 232
202 204
202 246
202 220
203 258
203 294
203 311
203 240
203 242
203 313
203 254
204 275
204 305
204 211
204 236
204 264
204 277
205 318
205 316
205 221
205 264
206 283
206 240
206 214
206 280
206 276
206 218
206 287
207 304
207 263
207 301
207 268
207 269
207 317
207 245
208 256
208 225
208 209
208 247
208 315
208 286
209 256
209 257
209 261
209 211
209 301
209 283
209 317
210 300
210 304
210 319
211 266
211 269
211 244
211 212
211 253
212 239
212 315
212 222
213 266
213 300
213 238
213 245
213 215
213 292
214 260
214 265
214 298
214 284
214 250
215 224
215 231
215 271
215 242
215 216
216 290
216 259
216 237
216 239
216 272
216 273
217 228
217 262
217 266
217 219
218 310
218 240
218 281
219 304
220 296
220 279
220 282
220 253
220 319
221 292
222 291
222 270
222 279
222 254
223 231
223 232
223 276
223 312
223 281
223 252
223 253
224 241
224 286
225 256
225 227
225 264
225 304
226 290
226 259
226 237
226 285
226 245
226 247
226 318
227 303
227 278
228 273
229 267
229 274
229 311
230 292
230 270
230 278
230 282
230 318
231 245
232 271
232 308
232 278
232 297
233 281
233 304
233 243
233 317
233 246
234 262
234 317
235 305
235 296
235 268
235 271
235 286
236 290
236 306
236 302
236 305
236 249
237 289
237 267
237 300
238 298
238 274
238 315
238 254
239 290
239 260
239 251
240 272
240 279
241 282
241 315
241 285
242 302
242 286
242 254
242 287
243 256
243 292
243 247
243 268
243 274
244 251
244 313
245 274
246 273
246 253
247 292
247 268
247 315
248 257
248 263
248 268
248 271
248 312
248 282
248 284
249 256
249 271
249 314
249 253
250 300
250 275
251 258
251 307
251 280
252 269
252 312
253 293
254 288
254 286
254 315
255 276
255 277
256 296
257 267
257 283
258 295
258 297
258 275
258 281
258 284
258 298
259 296
259 300
259 272
259 273
259 266
260 299
260 274
261 301
261 308
261 317
262 267
262 305
262 281
262 287
263 293
263 268
263 313
263 271
263 318
264 274
264 311
264 286
265 316
267 308
268 296
268 273
270 291
270 295
270 298
270 300
270 315
272 295
272 316
273 317
273 305
273 282
274 278
275 288
275 314
275 318
276 316
278 288
278 293
279 294
279 303
280 314
281 299
282 307
283 292
283 313
283 314
284 308
284 311
284 318
285 292
285 305
285 304
286 289
286 291
287 297
288 307
288 300
289 293
289 306
290 294
290 302
290 314
291 316
291 307
294 311
294 310
295 296
295 307
295 308
296 314
298 319
301 306
301 310
305 312
305 319
306 310
307 316
308 309
312 317
312 314
313 319
0 320
0 321
1 322
1 323
2 324
2 325
3 326
3 327
4 328
4 329
5 330
5 331
6 332
6 333
7 334
7 335
8 336
8 337
9 338
9 339
10 340
10 341
11 342
11 343
12 344
12 345
13 346
13 347
14 348
14 349
15 350
15 351
16 352
16 353
17 354
17 355
18 356
18 357
19 358
19 359
20 360
20 361
21 362
21 363
22 364
22 365
23 366
23 367
24 368
24 369
25 370
25 371
26 372
26 373
27 374
27 375
28 376
28 377
29 378
29 379
30 380
30 381
31 382
31 383
32 384
32 385
33 386
33 387
34 388
34 389
35 390
35 391
36 392
36 393
37 394
37 395
38 396
38 397
39 398
39 399
40 400
40 401
41 402
41 403
42 404
42 405
43 406
43 407
44 408
44 409
45 410
45 411
46 412
46 413
47 414
47 415
48 416
48 417
49 418
49 419
50 420
50 421
51 422
51 423
52 424
52 425
53 426
53 427
54 428
54 429
55 430
55 431
56 432
56 433
57 434
57 435
58 436
58 437
59 438
59 439
60 440
60 441
61 442
61 443
62 444
62 445
63 446
63 447
64 448
64 449
65 450
65 451
66 452
66 453
67 454
67 455
68 456
68 457
69 458
69 459
70 460
70 461
71 462
71 463
72 464
72 465
73 466
73 467
74 468
74 469
75 470
75 471
76 472
76 473
77 474
77 475
78 476
78 477
79 478
79 479
80 480
80 481
81 482
81 483
82 484
82 485
83 486
83 487
84 488
84 489
85 490
85 491
86 492
86 493
87 494
87 495
88 496
88 497
89 498
89 499
90 500
90 501
91 502
91 503
92 504
92 505
93 506
93 507
94 508
94 509
95 510
95 511
96 512
96 513
97 514
97 515
98 516
98 517
99 518
99 519
100 520
100 521
101 522
101 523
102 524
102 525
103 526
103 527
104 528
104 529
105 530
105 531
106 532
106 533
107 534
107 535
108 536
108 537
109 538
109 539
110 540
110 541
111 542
111 543
112 544
112 545
113 546
113 547
114 548
114 549
115 550
115 551
116 552
116 553
117 554
117 555
118 556
118 557
119 558
119 559
120 560
120 561
121 562
121 563
122 564
122 565
123 566
123 567
124 568
124 569
125 570
125 571
126 572
126 573
127 574
127 575
128 576
128 577
129 578
129 579
130 580
130 581
131 582
131 583
132 584
132 585
133 586
133 587
134 588
134 589
135 590
135 591
136 592
136 593
137 594
137 595
138 596
138 597
139 598
139 599
140 600
140 601
141 602
141 603
142 604
142 605
143 606
143 607
144 608
144 609
145 610
145 611
146 612
146 613
147 614
147 615
148 616
148 617
149 618
149 619
150 620
150 621
151 622
151 623
152 624
152 625
153 626
153 627
154 628
154 629
155 630
155 631
156 632
156 633
157 634
157 635
158 636
158 637
159 638
159 639
160 640
160 641
161 642
161 643
162 644
162 645
163 646
163 647
164 648
164 649
165 650
165 651
166 652
166 653
167 654
167 655
168 656
168 657
169 658
169 659
170 660
170 661
171 662
171 663
172 664
172 665
173 666
173 667
174 668
174 669
175 670
175 671
176 672
176 673
177 674
177 675
178 676
178 677
179 678
179 679
180 680
180 681
181 682
181 683
182 684
182 685
183 686
183 687
184 688
184 689
185 690
185 691
186 692
186 693
187 694
187 695
188 696
188 697
189 698
189 699
190 700
190 701
191 702
191 703
192 704
192 705
193 706
193 707
194 708
194 709
195 710
195 711
196 712
196 713
197 714
197 715
198 716
198 717
199 718
199 719
200 720
200 721
201 722
201 723
202 724
202 725
203 726
203 727
204 728
204 729
205 730
205 731
206 732
206 733
207 734
207 735
208 736
208 737
209 738
209 739
210 740
210 741
211 742
211 743
212 744
212 745
213 746
213 747
214 748
214 749
215 750
215 751
216 752
216 753
217 754
217 755
218 756
218 757
219 758
219 759
220 760
220 761
221 762
221 763
222 764
222 765
223 766
223 767
224 768
224 769
225 770
225 771
226 772
226 773
227 774
227 775
228 776
228 777
229 778
229 779
230 780
230 781
231 782
231 783
232 784
232 785
233 786
233 787
234 788
234 789
235 790
235 791
236 792
236 793
237 794
237 795
238 796
238 797
239 798
239 799
240 800
240 801
241 802
241 803
242 804
242 805
243 806
243 807
244 808
244 809
245 810
245 811
246 812
246 813
247 814
247 815
248 816
248 817
249 818
249 819
250 820
250 821
251 822
251 823
252 824
252 825
253 826
253 827
254 828
254 829
255 830
255 831
256 832
256 833
257 834
257 835
258 836
258 837
259 838
259 839
260 840
260 841
261 842
261 843
262 844
262 845
263 846
263 847
264 848
264 849
265 850
265 851
266 852
266 853
267 854
267 855
268 856
268 857
269 858
269 859
270 860
270 861
271 862
271 863
272 864
272 865
273 866
273 867
274 868
274 869
275 870
275 871
276 872
276 873
277 874
277 875
278 876
278 877
279 878
279 879
280 880
280 881
281 882
281 883
282 884
282 885
283 886
283 887
284 888
284 889
285 890
285 891
286 892
286 893
287 894
287 895
288 896
288 897
289 898
289 899
290 900
290 901
291 902
291 903
292 904
292 905
293 906
293 907
294 908
294 909
295 910
295 911
296 912
296 913
297 914
297 915
298 916
298 917
299 918
299 919
300 920
300 921
301 922
301 923
302 924
302 925
303 926
303 927
304 928
304 929
305 930
305 931
306 932
306 933
307 934
307 935
308 936
308 937
309 938
309 939
310 940
310 941
311 942
311 943
312 944
312 945
313 946
313 947
314 948
314 949
315 950
315 951
316 952
316 953
317 954
317 955
318 956
318 957
319 958
319 959
