0 112
0 80
0 34
0 84
0 119
0 152
0 105
0 107
0 140
0 15
1 136
1 98
1 19
1 4
1 37
1 135
1 120
1 23
1 172
1 159
2 17
2 123
2 52
2 165
2 70
2 88
2 36
2 171
2 45
2 126
3 33
3 150
3 22
3 70
3 47
3 121
3 91
3 173
3 110
3 109
4 114
4 113
4 65
4 137
4 57
4 167
4 44
4 173
4 175
5 160
5 97
5 147
5 148
5 21
5 102
5 103
5 40
5 74
5 44
6 112
6 83
6 149
6 166
6 134
6 168
6 169
6 59
6 110
6 37
7 96
7 98
7 51
7 143
7 137
7 127
7 124
7 178
7 30
7 63
8 81
8 62
8 150
8 158
8 31
8 10
8 63
8 157
8 142
8 45
9 96
9 176
9 155
9 84
9 78
9 134
9 119
9 89
9 27
9 94
10 16
10 98
10 50
10 94
10 103
10 104
10 58
10 138
10 110
11 130
11 164
11 166
11 70
11 25
11 170
11 91
11 77
11 158
11 79
12 16
12 49
12 163
12 132
12 121
12 86
12 71
12 120
12 57
12 90
13 65
13 178
13 19
13 86
13 167
13 120
13 25
13 109
13 158
13 125
14 96
14 64
14 83
14 52
14 22
14 16
14 33
14 27
14 29
14 63
15 65
15 52
15 25
15 88
15 121
15 170
15 160
15 93
15 61
16 159
16 116
16 93
16 123
16 108
16 77
16 31
17 112
17 113
17 147
17 149
17 150
17 55
17 57
17 172
17 61
18 128
18 146
18 51
18 100
18 54
18 70
18 136
18 73
18 102
18 21
19 48
19 33
19 83
19 135
19 26
19 23
19 174
19 47
20 144
20 177
20 69
20 105
20 74
20 123
20 28
20 61
20 78
20 60
21 123
21 113
21 67
21 117
21 42
21 27
21 60
21 122
22 129
22 26
22 131
22 35
22 151
22 42
22 125
22 77
23 33
23 162
23 132
23 30
23 177
23 120
23 92
23 126
24 99
24 50
24 51
24 131
24 101
24 55
24 88
24 41
24 122
24 95
25 64
25 81
25 98
25 139
25 143
25 42
25 109
26 32
26 177
26 165
26 72
26 128
26 92
26 45
26 166
27 144
27 49
27 162
27 103
27 40
27 39
27 171
28 64
28 113
28 91
28 89
28 154
28 123
28 76
28 94
28 79
29 179
29 103
29 85
29 102
29 39
29 152
29 169
29 127
29 63
30 68
30 129
30 82
30 36
30 38
30 177
30 155
30 167
31 144
31 114
31 51
31 148
31 163
31 154
31 75
31 172
32 152
32 99
32 149
32 151
32 72
32 156
32 155
32 124
32 85
33 97
33 114
33 73
33 153
33 93
33 63
34 176
34 132
34 53
34 118
34 55
34 158
34 54
34 135
34 62
35 160
35 114
35 147
35 170
35 95
35 111
35 141
35 158
35 47
36 169
36 72
36 73
36 58
36 123
36 60
36 178
36 63
37 160
37 70
37 177
37 89
37 79
37 91
37 174
37 111
38 144
38 161
38 54
38 65
38 168
38 129
38 106
38 124
38 142
39 99
39 164
39 135
39 84
39 75
39 124
39 174
39 143
40 49
40 54
40 88
40 120
40 58
40 172
40 77
40 159
41 160
41 80
41 146
41 71
41 56
41 73
41 138
41 44
41 82
42 136
42 156
42 99
42 167
42 56
42 121
42 172
43 120
43 50
43 179
43 164
43 97
43 136
43 153
43 103
43 140
43 127
44 160
44 145
44 146
44 67
44 122
44 50
44 126
45 145
45 58
45 137
45 81
45 169
45 82
45 78
46 161
46 130
46 68
46 70
46 151
46 136
46 154
46 75
46 143
46 95
47 96
47 178
47 179
47 87
47 105
47 157
47 53
48 115
48 161
48 130
48 84
48 103
48 90
48 82
48 93
48 175
49 139
49 56
49 160
49 170
49 75
49 109
49 62
50 65
50 86
50 88
50 57
50 171
50 61
51 118
51 88
51 156
51 91
51 60
51 98
52 96
52 97
52 86
52 104
52 59
52 158
52 133
53 64
53 70
53 135
53 73
53 106
53 61
53 74
53 111
54 113
54 148
54 134
54 103
54 116
54 76
55 144
55 99
55 132
55 97
55 168
55 107
55 114
56 177
56 162
56 164
56 170
56 88
56 77
56 79
57 81
57 66
57 134
57 177
57 105
57 117
58 80
58 82
58 103
58 90
58 167
58 92
59 145
59 131
59 116
59 161
59 72
59 159
59 172
59 127
60 68
60 119
60 153
60 138
60 101
60 157
61 165
61 173
61 104
61 125
61 143
62 162
62 131
62 134
62 166
62 92
62 154
62 124
63 101
63 92
63 71
63 140
64 172
64 130
64 147
64 87
64 169
64 111
65 171
65 133
65 166
65 162
65 78
66 161
66 102
66 169
66 154
66 139
66 124
66 90
66 142
66 157
67 161
67 82
67 147
67 168
67 73
67 122
67 141
67 110
68 157
68 129
68 93
68 171
68 125
68 78
68 69
69 128
69 129
69 178
69 134
69 71
69 169
69 74
69 93
70 118
70 106
70 141
71 96
71 129
71 101
71 122
71 109
71 175
72 161
72 82
72 148
72 168
72 106
72 175
73 144
73 164
73 173
73 169
74 135
74 137
74 155
74 101
74 125
74 85
75 94
75 126
75 150
75 154
75 109
75 125
76 176
76 80
76 179
76 165
76 119
76 92
76 118
76 126
77 128
77 168
77 171
77 156
77 173
78 96
78 85
78 153
78 127
78 109
79 146
79 83
79 117
79 151
79 143
79 159
80 130
80 116
80 162
80 118
80 119
80 170
81 114
81 83
81 98
81 126
81 108
81 94
82 100
82 94
82 174
83 146
83 99
83 128
83 172
83 141
84 123
84 147
84 101
84 139
84 94
84 159
85 145
85 130
85 149
85 140
85 90
85 159
86 149
86 87
86 153
86 156
86 174
86 143
87 112
87 131
87 164
87 150
87 151
87 142
87 175
88 100
88 149
88 106
89 144
89 99
89 163
89 116
89 145
89 91
89 140
90 109
90 117
90 158
90 106
90 133
91 164
91 152
91 142
91 133
92 114
92 154
92 174
92 143
93 97
93 121
93 170
93 156
94 133
94 141
94 95
95 162
95 164
95 106
95 171
95 157
95 159
96 98
96 121
96 173
97 116
97 104
97 137
97 111
98 128
98 137
98 124
99 146
99 108
99 110
100 113
100 142
100 145
100 152
100 156
100 178
100 110
101 160
101 107
101 117
101 111
102 168
102 178
102 119
102 104
102 125
102 175
103 120
103 174
104 128
104 146
104 174
104 110
104 127
105 171
105 134
105 152
105 107
105 108
105 142
106 161
106 146
106 107
107 149
107 166
107 155
107 108
107 117
108 164
108 171
108 152
108 153
108 117
109 139
109 175
110 163
110 173
110 165
111 179
111 121
111 127
111 175
112 147
112 132
112 149
112 148
112 163
112 140
113 172
113 164
113 133
113 137
114 150
114 169
114 174
115 176
115 178
115 117
115 118
115 152
115 130
115 125
115 141
115 165
116 148
116 129
116 122
116 157
117 120
117 140
118 148
118 165
118 140
118 126
119 161
119 128
119 171
119 140
120 130
120 156
121 130
121 179
121 170
122 177
122 137
122 125
122 161
123 177
123 151
123 126
124 163
124 131
124 138
125 166
126 132
126 133
127 144
127 131
127 143
128 154
128 175
129 158
129 166
129 167
130 139
131 162
131 135
131 138
132 168
132 136
132 169
132 157
133 167
133 135
133 159
134 176
134 139
134 167
135 149
135 175
136 144
136 139
136 156
136 143
137 165
137 153
138 146
138 163
138 155
138 141
138 157
139 155
139 142
140 149
141 147
141 150
141 167
142 155
142 173
144 150
145 176
145 179
145 151
145 152
146 168
147 154
147 160
148 162
148 163
148 179
150 176
150 179
151 178
151 170
151 159
152 153
153 176
153 163
154 157
155 177
155 158
156 165
158 173
160 173
162 168
163 179
165 174
166 178
166 170
167 176
172 176
0 180
0 181
1 182
1 183
2 184
2 185
3 186
3 187
4 188
4 189
5 190
5 191
6 192
6 193
7 194
7 195
8 196
8 197
9 198
9 199
10 200
10 201
11 202
11 203
12 204
12 205
13 206
13 207
14 208
14 209
15 210
15 211
16 212
16 213
17 214
17 215
18 216
18 217
19 218
19 219
20 220
20 221
21 222
21 223
22 224
22 225
23 226
23 227
24 228
24 229
25 230
25 231
26 232
26 233
27 234
27 235
28 236
28 237
29 238
29 239
30 240
30 241
31 242
31 243
32 244
32 245
33 246
33 247
34 248
34 249
35 250
35 251
36 252
36 253
37 254
37 255
38 256
38 257
39 258
39 259
40 260
40 261
41 262
41 263
42 264
42 265
43 266
43 267
44 268
44 269
45 270
45 271
46 272
46 273
47 274
47 275
48 276
48 277
49 278
49 279
50 280
50 281
51 282
51 283
52 284
52 285
53 286
53 287
54 288
54 289
55 290
55 291
56 292
56 293
57 294
57 295
58 296
58 297
59 298
59 299
60 300
60 301
61 302
61 303
62 304
62 305
63 306
63 307
64 308
64 309
65 310
65 311
66 312
66 313
67 314
67 315
68 316
68 317
69 318
69 319
70 320
70 321
71 322
71 323
72 324
72 325
73 326
73 327
74 328
74 329
75 330
75 331
76 332
76 333
77 334
77 335
78 336
78 337
79 338
79 339
80 340
80 341
81 342
81 343
82 344
82 345
83 346
83 347
84 348
84 349
85 350
85 351
86 352
86 353
87 354
87 355
88 356
88 357
89 358
89 359
90 360
90 361
91 362
91 363
92 364
92 365
93 366
93 367
94 368
94 369
95 370
95 371
96 372
96 373
97 374
97 375
98 376
98 377
99 378
99 379
100 380
100 381
101 382
101 383
102 384
102 385
103 386
103 387
104 388
104 389
105 390
105 391
106 392
106 393
107 394
107 395
108 396
108 397
109 398
109 399
110 400
110 401
111 402
111 403
112 404
112 405
113 406
113 407
114 408
114 409
115 410
115 411
116 412
116 413
117 414
117 415
118 416
118 417
119 418
119 419
120 420
120 421
121 422
121 423
122 424
122 425
123 426
123 427
124 428
124 429
125 430
125 431
126 432
126 433
127 434
127 435
128 436
128 437
129 438
129 439
130 440
130 441
131 442
131 443
132 444
132 445
133 446
133 447
134 448
134 449
135 450
135 451
136 452
136 453
137 454
137 455
138 456
138 457
139 458
139 459
140 460
140 461
141 462
141 463
142 464
142 465
143 466
143 467
144 468
144 469
145 470
145 471
146 472
146 473
147 474
147 475
148 476
148 477
149 478
149 479
150 480
150 481
151 482
151 483
152 484
152 485
153 486
153 487
154 488
154 489
155 490
155 491
156 492
156 493
157 494
157 495
158 496
158 497
159 498
159 499
160 500
160 501
161 502
161 503
162 504
162 505
163 506
163 507
164 508
164 509
165 510
165 511
166 512
166 513
167 514
167 515
168 516
168 517
169 518
169 519
170 520
170 521
171 522
171 523
172 524
172 525
173 526
173 527
174 528
174 529
175 530
175 531
176 532
176 533
177 534
177 535
178 536
178 537
179 538
179 539
