0 325
0 390
0 199
0 232
0 332
0 172
0 208
0 337
0 147
0 340
0 278
0 121
0 396
0 316
1 128
1 353
1 387
1 356
1 177
1 7
1 142
1 144
1 273
1 88
1 282
1 255
1 156
1 159
2 347
2 324
2 38
2 328
2 329
2 299
2 331
2 146
2 403
2 343
2 218
2 91
2 349
2 255
3 64
3 86
3 262
3 231
3 297
3 14
3 80
3 238
3 286
3 46
3 54
3 122
3 347
3 318
4 160
4 363
4 164
4 134
4 327
4 275
4 11
4 364
4 47
4 51
4 155
4 154
4 187
4 191
5 32
5 259
5 275
5 63
5 10
5 335
5 115
5 117
5 246
5 344
5 347
5 348
5 286
5 159
6 193
6 291
6 196
6 393
6 106
6 395
6 269
6 301
6 371
6 85
6 297
6 292
6 28
6 350
7 257
7 196
7 391
7 275
7 238
7 335
7 81
7 18
7 179
7 340
7 121
7 188
7 254
8 66
8 163
8 100
8 362
8 173
8 175
8 339
8 244
8 106
8 182
8 280
8 123
8 348
8 170
9 112
9 194
9 69
9 353
9 234
9 333
9 189
9 400
9 285
9 117
9 374
9 151
9 349
9 325
10 385
10 236
10 12
10 111
10 113
10 115
10 181
10 183
10 344
10 152
10 187
10 37
10 287
11 320
11 257
11 356
11 325
11 168
11 397
11 174
11 15
11 404
11 382
11 28
11 253
11 222
12 282
12 230
12 166
12 398
12 349
12 244
12 311
12 212
12 90
12 91
12 346
12 253
12 62
13 224
13 73
13 172
13 141
13 174
13 271
13 208
13 29
13 148
13 373
13 23
13 280
13 378
13 317
14 96
14 267
14 74
14 107
14 206
14 157
14 336
14 212
14 118
14 343
14 79
14 93
14 287
15 135
15 363
15 403
15 142
15 367
15 48
15 241
15 306
15 147
15 182
15 87
15 154
15 381
16 322
16 99
16 242
16 210
16 46
16 248
16 50
16 19
16 52
16 245
16 88
16 26
16 382
16 213
17 387
17 356
17 113
17 235
17 364
17 141
17 334
17 335
17 81
17 20
17 21
17 374
17 248
17 255
18 320
18 132
18 389
18 326
18 298
18 75
18 77
18 142
18 82
18 211
18 246
18 216
18 319
19 172
19 257
19 137
19 106
19 108
19 301
19 269
19 50
19 147
19 344
19 154
19 125
19 362
20 232
20 169
20 171
20 338
20 146
20 45
20 242
20 179
20 126
20 279
20 287
20 222
20 159
21 96
21 131
21 147
21 359
21 168
21 331
21 397
21 303
21 240
21 339
21 136
21 127
21 351
22 192
22 80
22 34
22 211
22 232
22 105
22 42
22 336
22 50
22 339
22 86
22 282
22 220
22 190
23 384
23 165
23 198
23 136
23 202
23 139
23 398
23 176
23 212
23 313
23 123
23 125
23 255
24 259
24 147
24 101
24 72
24 78
24 303
24 338
24 179
24 244
24 342
24 310
24 58
24 155
24 213
25 161
25 331
25 392
25 362
25 171
25 396
25 110
25 239
25 94
25 309
25 88
25 251
25 189
25 126
26 224
26 288
26 194
26 155
26 164
26 263
26 361
26 397
26 238
26 401
26 51
26 89
26 91
27 288
27 65
27 112
27 234
27 238
27 285
27 304
27 308
27 182
27 184
27 148
27 154
27 317
27 287
28 192
28 193
28 259
28 379
28 302
28 207
28 307
28 139
28 283
28 395
28 317
28 191
29 224
29 36
29 38
29 296
29 170
29 299
29 93
29 112
29 245
29 311
29 377
29 202
29 286
30 321
30 162
30 99
30 228
30 390
30 103
30 135
30 237
30 208
30 273
30 276
30 149
30 249
30 125
31 66
31 155
31 71
31 72
31 170
31 300
31 45
31 335
31 205
31 85
31 313
31 218
31 221
31 42
32 66
32 162
32 130
32 71
32 109
32 270
32 368
32 238
32 341
32 342
32 247
32 159
32 245
33 161
33 323
33 198
33 97
33 297
33 170
33 142
33 241
33 307
33 374
33 105
33 376
33 350
33 383
34 129
34 226
34 260
34 385
34 233
34 183
34 108
34 271
34 273
34 55
34 219
34 92
34 190
35 385
35 290
35 67
35 324
35 40
35 41
35 226
35 77
35 177
35 260
35 250
35 59
35 220
35 254
36 97
36 130
36 355
36 100
36 359
36 105
36 331
36 332
36 44
36 131
36 186
36 380
36 285
37 129
37 324
37 69
37 260
37 135
37 232
37 265
37 344
37 151
37 184
37 185
37 218
37 60
38 355
38 260
38 295
38 105
38 279
38 210
38 78
38 370
38 58
38 55
38 164
38 314
39 323
39 71
39 392
39 137
39 87
39 44
39 178
39 174
39 82
39 116
39 279
39 75
39 60
39 157
40 352
40 161
40 342
40 294
40 257
40 104
40 137
40 339
40 118
40 91
40 92
40 189
40 318
41 225
41 386
41 230
41 201
41 394
41 279
41 301
41 335
41 113
41 89
41 281
41 189
41 158
42 288
42 225
42 68
42 165
42 246
42 295
42 296
42 396
42 272
42 371
42 151
42 60
43 320
43 168
43 393
43 363
43 76
43 110
43 111
43 178
43 149
43 215
43 122
43 233
43 218
43 247
44 192
44 195
44 328
44 393
44 47
44 240
44 369
44 274
44 403
44 215
44 348
44 381
45 322
45 324
45 359
45 136
45 329
45 356
45 296
45 372
45 375
45 377
45 378
45 221
46 257
46 197
46 225
46 393
46 172
46 77
46 334
46 79
46 208
46 339
46 86
46 126
47 257
47 331
47 48
47 161
47 225
47 50
47 221
47 304
47 338
47 404
47 285
47 158
48 176
48 369
48 210
48 371
48 181
48 54
48 279
48 345
48 314
48 91
48 154
48 190
49 357
49 263
49 392
49 236
49 298
49 363
49 204
49 144
49 305
49 306
49 212
49 314
49 315
49 126
50 323
50 262
50 97
50 328
50 76
50 80
50 306
50 308
50 277
50 316
51 320
51 69
51 136
51 137
51 204
51 175
51 207
51 208
51 153
51 364
51 59
51 253
52 176
52 67
52 401
52 296
52 233
52 206
52 143
52 273
52 210
52 55
52 186
52 317
52 222
53 386
53 294
53 232
53 76
53 170
53 363
53 236
53 402
53 307
53 117
53 342
53 345
53 187
53 222
54 352
54 197
54 71
54 137
54 110
54 175
54 210
54 211
54 216
54 345
54 69
54 159
55 320
55 321
55 391
55 105
55 106
55 210
55 243
55 309
55 218
55 220
55 189
56 96
56 129
56 355
56 360
56 298
56 267
56 269
56 174
56 240
56 83
56 372
56 366
56 374
56 92
57 352
57 176
57 98
57 387
57 101
57 74
57 268
57 253
57 400
57 402
57 281
57 367
57 157
57 229
58 288
58 193
58 68
58 70
58 353
58 171
58 238
58 208
58 337
58 277
58 316
58 253
59 384
59 114
59 338
59 269
59 78
59 333
59 82
59 308
59 280
59 123
59 93
59 127
60 123
60 353
60 323
60 261
60 138
60 203
60 268
60 77
60 119
60 255
60 266
61 193
61 99
61 229
61 262
61 359
61 396
61 172
61 368
61 305
61 340
61 312
61 249
61 218
61 222
62 194
62 228
62 103
62 104
62 239
62 211
62 340
62 249
62 312
62 196
62 217
62 281
62 157
63 96
63 193
63 131
63 100
63 257
63 297
63 204
63 237
63 92
63 369
63 180
63 150
63 188
64 357
64 263
64 199
64 333
64 206
64 175
64 209
64 142
64 310
64 217
64 345
64 90
64 95
65 384
65 224
65 214
65 262
65 385
65 136
65 246
65 352
65 277
65 278
65 215
65 284
65 390
66 384
66 322
66 164
66 389
66 102
66 266
66 258
66 303
66 401
66 280
66 317
67 321
67 357
67 105
67 171
67 142
67 114
67 307
67 279
67 120
67 346
67 363
67 190
68 322
68 81
68 401
68 202
68 93
68 241
68 179
68 308
68 312
68 121
68 282
68 94
69 353
69 360
69 299
69 172
69 334
69 118
69 152
69 345
69 283
69 220
70 291
70 389
70 294
70 373
70 360
70 107
70 238
70 88
70 85
70 280
70 123
70 221
70 325
71 354
71 227
71 326
71 200
71 396
71 116
71 183
71 185
71 90
71 127
72 80
72 130
72 355
72 133
72 295
72 296
72 208
72 354
72 207
72 176
72 177
72 239
73 192
73 234
73 364
73 174
73 111
73 112
73 83
73 180
73 309
73 89
73 282
73 74
73 126
74 194
74 296
74 141
74 269
74 312
74 82
74 243
74 374
74 375
74 152
74 347
75 134
75 168
75 361
75 394
75 145
75 370
75 339
75 373
75 150
75 90
75 221
75 287
76 203
76 357
76 198
76 169
76 362
76 402
76 79
76 308
76 185
76 219
76 102
77 361
77 203
77 237
77 176
77 121
77 181
77 119
77 377
77 283
77 349
78 288
78 230
78 139
78 396
78 144
78 146
78 275
78 245
78 310
78 217
78 134
79 257
79 226
79 355
79 260
79 353
79 208
79 402
79 340
79 278
79 215
79 123
80 310
80 296
80 107
80 94
80 402
80 323
80 341
80 157
80 382
80 133
81 136
81 396
81 138
81 300
81 205
81 110
81 174
81 86
81 364
81 255
81 223
82 354
82 124
82 110
82 143
82 180
82 149
82 152
82 217
82 284
82 286
83 160
83 162
83 227
83 198
83 231
83 264
83 380
83 199
83 176
83 305
83 246
83 316
84 128
84 354
84 355
84 228
84 168
84 170
84 203
84 113
84 371
84 341
84 119
84 319
84 190
84 383
85 98
85 387
85 328
85 297
85 332
85 130
85 175
85 273
85 374
85 397
85 349
86 257
86 103
86 296
86 177
86 269
86 302
86 270
86 87
86 184
86 245
87 385
87 289
87 129
87 161
87 364
87 207
87 144
87 273
87 115
87 280
87 167
88 99
88 294
88 363
88 109
88 270
88 365
88 400
88 351
88 366
88 191
89 133
89 358
89 243
89 330
89 139
89 269
89 334
89 114
89 339
89 150
89 169
90 227
90 133
90 358
90 399
90 241
90 210
90 179
90 371
90 255
90 357
91 229
91 230
91 284
91 267
91 349
91 369
91 250
91 156
91 93
92 231
92 235
92 397
92 141
92 240
92 370
92 222
92 399
92 253
92 94
93 291
93 267
93 364
93 368
93 366
93 121
93 281
93 378
93 158
94 130
94 259
94 196
94 135
94 297
94 199
94 397
94 186
94 347
94 318
95 388
95 325
95 102
95 184
95 362
95 300
95 344
95 338
95 247
95 312
95 346
95 219
95 166
96 353
96 197
96 289
96 175
96 241
96 254
96 398
96 279
96 346
96 126
97 358
97 265
97 299
97 140
97 273
97 179
97 116
97 214
97 248
97 244
97 186
98 163
98 341
98 359
98 170
98 176
98 312
98 307
98 152
98 217
98 123
98 380
98 191
99 256
99 322
99 324
99 330
99 236
99 303
99 150
99 183
99 251
99 394
100 193
100 355
100 289
100 201
100 298
100 395
100 174
100 336
100 139
100 182
100 164
101 187
101 339
101 163
101 169
101 394
101 301
101 175
101 147
101 341
101 377
101 239
101 284
102 353
102 259
102 151
102 368
102 306
102 275
102 350
102 341
102 279
102 122
102 286
103 240
103 165
103 390
103 161
103 168
103 170
103 206
103 336
103 254
103 274
103 229
104 225
104 130
104 260
104 133
104 395
104 207
104 402
104 371
104 261
104 378
104 187
104 351
105 263
105 328
105 205
105 143
105 337
105 179
105 164
105 221
106 160
106 385
106 355
106 113
106 202
106 303
106 112
106 305
106 306
106 126
107 198
107 286
107 316
107 394
107 331
107 174
107 242
107 346
107 347
107 156
107 190
108 195
108 244
108 268
108 270
108 303
108 145
108 163
108 276
108 246
108 280
108 217
108 378
109 194
109 292
109 327
109 137
109 266
109 272
109 248
109 210
109 184
109 218
109 378
109 222
110 193
110 327
110 333
110 302
110 304
110 281
110 154
110 167
110 286
111 258
111 387
111 398
111 177
111 373
111 361
111 345
111 346
111 159
111 252
111 247
112 256
112 347
112 136
112 332
112 398
112 404
112 181
112 215
112 283
113 258
113 197
113 365
113 302
113 399
113 404
113 309
113 201
113 318
114 257
114 388
114 244
114 243
114 330
114 327
114 335
114 115
114 155
114 158
114 191
115 320
115 354
115 196
115 389
115 396
115 333
115 334
115 252
115 266
115 159
116 193
116 130
116 198
116 331
116 236
116 270
116 176
116 183
116 217
116 155
116 151
117 292
117 358
117 172
117 205
117 173
117 340
117 278
117 183
117 152
117 249
117 283
118 129
118 259
118 161
118 331
118 400
118 280
118 307
118 119
118 120
118 349
118 351
119 192
119 288
119 131
119 325
119 360
119 202
119 145
119 402
119 283
119 349
120 257
120 354
120 263
120 323
120 167
120 236
120 369
120 305
120 163
120 314
120 188
120 362
121 321
121 325
121 294
121 263
121 174
121 338
121 307
121 164
121 282
122 160
122 193
122 162
122 202
122 237
122 272
122 143
122 240
122 149
122 399
122 125
123 328
123 164
123 294
123 200
123 396
123 336
123 383
124 288
124 290
124 162
124 326
124 263
124 366
124 336
124 370
124 149
124 311
124 280
124 377
124 221
125 198
125 353
125 325
125 134
125 327
125 202
125 224
125 206
125 281
125 251
126 388
126 276
126 167
126 369
126 311
126 169
126 127
127 162
127 293
127 230
127 300
127 177
127 350
127 250
127 379
127 341
127 351
128 160
128 195
128 161
128 225
128 329
128 172
128 270
128 178
128 275
128 149
128 315
128 309
129 164
129 390
129 330
129 311
129 376
129 146
129 308
129 373
129 394
130 333
130 336
130 305
130 179
130 310
130 345
130 348
131 384
131 181
131 322
131 165
131 233
131 140
131 272
131 242
131 223
131 389
132 295
132 395
132 356
132 178
132 331
132 207
132 402
132 276
132 279
132 397
132 153
132 187
132 319
133 256
133 197
133 199
133 203
133 142
133 177
133 154
133 314
133 348
134 256
134 161
134 197
134 234
134 139
134 305
134 376
134 217
134 283
134 330
135 262
135 263
135 232
135 376
135 367
135 382
135 374
135 216
135 187
135 188
136 386
136 232
136 397
136 365
136 278
136 281
136 250
137 390
137 262
137 329
137 369
137 343
137 281
137 156
137 350
138 256
138 291
138 261
138 390
138 328
138 233
138 333
138 243
138 329
138 183
138 185
138 382
139 384
139 323
139 334
139 234
139 206
139 367
139 336
139 308
140 354
140 229
140 225
140 317
140 272
140 145
140 338
140 311
140 153
140 186
140 381
140 377
141 326
141 296
141 188
141 234
141 203
141 366
141 337
141 146
141 276
141 152
142 261
142 333
142 270
142 369
142 403
142 365
142 293
143 224
143 353
143 162
143 298
143 370
143 335
143 336
143 275
143 201
143 191
144 160
144 283
144 390
144 392
144 329
144 175
144 303
144 370
144 307
144 315
145 171
145 392
145 233
145 362
145 237
145 272
145 339
145 373
145 279
145 158
146 352
146 262
146 332
146 238
146 247
146 313
146 281
146 349
146 254
147 257
147 390
147 205
147 303
147 241
147 402
147 346
147 222
148 320
148 353
148 162
148 199
148 348
148 167
148 236
148 273
148 307
148 343
148 216
148 188
149 270
149 400
149 369
149 340
149 302
149 343
149 157
149 277
150 288
150 386
150 357
150 326
150 169
150 402
150 277
150 310
150 153
150 152
151 229
151 204
151 368
151 402
151 179
151 379
151 189
151 286
151 255
152 294
152 204
152 194
152 244
152 214
152 347
153 386
153 182
153 199
153 200
153 329
153 401
153 243
153 377
153 318
153 325
154 208
154 259
154 241
154 403
154 376
154 253
154 389
155 386
155 163
155 214
155 202
155 239
155 278
155 377
155 244
156 288
156 379
156 263
156 266
156 171
156 335
156 319
156 309
156 361
156 277
157 290
157 166
157 327
157 169
157 307
157 340
157 213
157 247
158 289
158 244
158 171
158 211
158 180
158 342
158 247
158 185
158 319
159 278
159 164
159 263
159 393
159 333
159 305
159 375
160 192
160 290
160 357
160 300
160 305
160 217
160 284
160 362
161 320
161 356
161 173
161 256
161 379
162 386
162 294
162 372
162 180
162 207
162 316
163 289
163 386
163 195
163 401
163 244
163 404
163 285
163 350
164 358
164 166
164 392
164 202
165 352
165 264
165 298
165 295
165 204
165 372
165 267
165 186
165 381
165 286
166 321
166 291
166 374
166 366
166 239
166 368
166 246
166 345
166 282
166 223
167 291
167 211
167 368
167 242
167 403
167 309
167 216
167 219
167 383
168 226
168 388
168 395
168 387
168 181
168 379
168 188
168 285
169 352
169 321
169 297
169 367
169 349
169 233
169 303
170 291
170 324
170 361
170 335
170 313
170 287
171 232
171 330
171 331
171 268
171 381
171 306
171 298
172 359
172 368
172 337
172 402
172 249
172 383
173 226
173 258
173 333
173 304
173 336
173 305
173 212
173 376
173 282
173 271
173 284
174 320
174 292
174 198
174 264
174 212
175 258
175 393
175 299
175 403
175 278
175 349
176 275
176 215
176 239
176 313
176 189
177 290
177 260
177 190
177 251
177 248
177 223
177 286
178 227
178 297
178 240
178 372
178 214
178 185
178 216
178 249
178 347
178 222
179 200
179 385
179 308
179 215
179 292
180 320
180 385
180 323
180 321
180 237
180 284
180 375
180 348
180 285
181 288
181 203
181 241
181 306
181 245
181 343
181 281
181 183
182 321
182 326
182 199
182 299
182 205
182 264
182 316
182 254
182 255
183 393
183 364
183 253
183 275
183 249
183 367
184 227
184 324
184 202
184 268
184 338
184 261
184 313
184 186
184 285
185 385
185 196
185 261
185 232
185 298
185 237
185 309
185 315
186 256
186 387
186 264
186 235
186 241
186 278
186 200
187 228
187 203
187 400
187 392
187 212
187 255
187 223
188 227
188 229
188 391
188 302
188 207
188 304
188 282
189 224
189 259
189 230
189 263
189 338
189 280
189 282
190 230
190 233
190 270
190 341
190 348
190 381
190 318
191 292
191 389
191 301
191 397
191 261
191 223
191 382
191 357
192 343
192 231
192 298
192 269
192 306
192 375
192 382
192 361
193 355
193 403
193 213
193 324
193 382
194 226
194 323
194 360
194 304
194 370
194 213
194 315
194 346
195 356
195 209
195 268
195 238
195 207
195 336
195 373
195 310
195 344
195 364
196 323
196 394
196 397
196 206
196 272
196 242
196 371
196 217
197 225
197 199
197 268
197 237
197 398
197 312
197 251
197 220
198 320
198 306
198 382
198 384
198 252
198 286
199 276
199 234
199 300
199 339
199 285
200 384
200 322
200 379
200 354
200 236
200 290
200 271
200 209
200 344
201 291
201 357
201 235
201 365
201 398
201 241
201 283
201 253
201 222
201 389
202 204
202 366
202 404
202 248
203 260
203 389
203 391
203 319
203 242
203 228
204 337
204 253
204 400
204 213
204 218
204 346
204 285
205 289
205 206
205 399
205 369
205 371
205 215
205 313
205 287
206 267
206 388
206 262
206 236
206 381
206 217
207 356
207 359
207 386
207 270
207 232
208 289
208 211
208 231
208 395
208 270
209 226
209 325
209 328
209 332
209 322
209 369
209 210
209 310
209 287
209 317
209 383
210 327
210 269
210 274
210 216
210 383
211 385
211 230
211 265
211 269
211 239
211 308
211 378
212 355
212 293
212 239
212 307
212 313
212 250
212 255
213 231
213 376
213 371
213 276
213 279
213 249
213 283
213 223
214 356
214 262
214 266
214 268
214 271
214 401
214 403
214 375
214 394
215 352
215 292
215 326
215 327
215 366
215 216
216 357
216 392
216 242
216 334
216 241
216 287
217 304
217 320
217 245
218 388
218 398
218 271
218 365
218 245
218 378
219 259
219 261
219 343
219 238
219 272
219 402
219 227
219 375
219 314
219 284
220 225
220 226
220 268
220 300
220 398
220 240
220 274
220 276
220 315
221 384
221 295
221 273
221 391
221 401
221 333
221 347
222 294
222 266
222 274
222 383
223 384
223 229
223 360
223 332
223 306
223 259
223 246
224 290
224 297
224 238
224 340
224 311
224 345
224 252
225 368
225 341
225 265
225 250
225 251
226 389
226 305
226 234
226 306
226 312
226 271
227 322
227 230
227 332
227 367
227 404
227 381
227 286
228 323
228 379
228 240
228 243
228 247
228 312
228 253
228 382
228 319
229 256
229 348
229 234
229 235
229 378
229 319
230 323
230 254
230 311
230 376
230 249
231 232
231 299
231 365
231 302
231 304
231 311
231 250
231 341
232 384
232 358
232 273
233 273
233 328
233 258
233 342
233 379
233 382
234 289
234 298
234 332
234 274
234 254
235 387
235 390
235 298
235 299
235 291
235 309
235 247
235 345
235 316
236 310
236 358
236 399
236 342
236 404
237 356
237 394
237 300
237 335
237 275
237 311
238 274
238 365
238 371
239 288
239 272
239 343
239 376
239 347
240 396
240 336
240 310
240 361
240 317
241 337
241 352
241 249
242 298
242 268
242 397
242 303
242 243
242 373
243 256
243 403
243 278
243 375
243 378
243 283
244 251
244 311
244 378
244 383
245 261
245 391
245 393
245 271
245 372
245 286
246 295
246 389
246 265
246 394
246 278
246 332
247 258
247 296
247 330
247 360
247 286
248 258
248 259
248 296
248 289
248 335
248 379
248 317
248 319
249 328
249 304
249 281
249 287
250 290
250 329
250 399
250 338
250 380
250 346
250 316
251 290
251 292
251 390
251 391
251 272
251 279
251 319
252 321
252 387
252 289
252 329
252 391
252 301
252 338
252 340
252 312
252 253
253 371
253 297
254 354
254 299
254 396
254 399
254 306
254 380
255 375
255 376
255 383
256 361
256 263
256 259
256 284
256 349
257 398
257 400
258 388
258 362
258 267
258 301
258 366
258 379
259 329
259 380
260 320
260 393
260 269
260 368
260 264
260 313
261 384
261 353
261 388
261 358
261 391
262 334
262 335
262 282
262 287
262 351
263 359
263 377
264 327
264 394
264 269
264 340
264 342
264 308
264 348
264 381
265 327
265 357
265 325
265 329
265 359
265 396
265 301
265 340
265 315
266 290
266 355
266 390
266 360
266 397
266 302
266 365
267 325
267 295
267 386
267 271
267 306
267 348
267 318
268 356
268 284
268 371
268 375
269 366
269 277
270 361
270 332
270 344
271 299
271 295
271 301
271 280
271 367
272 368
272 300
272 304
272 315
273 363
273 343
273 327
274 387
274 391
274 330
274 395
274 370
274 301
274 404
275 288
275 354
275 400
275 389
276 382
276 367
276 343
276 324
276 315
276 285
277 363
277 332
277 340
277 279
277 376
277 282
277 319
278 299
278 334
278 345
279 315
280 321
280 317
280 381
281 388
281 362
281 361
282 396
282 383
283 289
283 354
283 348
284 293
284 294
284 392
284 341
285 329
285 318
285 350
287 371
287 312
287 378
288 351
288 383
289 354
289 359
289 308
290 299
290 403
290 375
290 344
291 305
291 403
291 341
291 344
291 293
292 324
292 360
292 393
292 331
292 337
292 318
293 388
293 358
293 295
293 372
293 364
293 365
293 324
293 314
293 382
294 352
294 370
294 342
294 343
295 358
295 361
295 314
295 383
296 401
296 342
296 375
297 386
297 321
297 323
297 347
298 321
298 306
299 374
299 316
300 380
300 399
300 304
300 404
300 350
301 322
301 399
301 377
301 315
302 367
302 369
302 370
302 346
302 399
302 350
303 384
303 304
303 360
303 308
304 321
304 305
305 313
307 335
307 344
307 346
308 393
308 309
309 395
309 372
309 380
309 351
310 324
310 400
310 375
310 318
311 328
311 363
311 373
312 331
312 343
312 381
313 358
313 328
313 345
313 394
314 386
314 387
314 322
314 383
314 380
314 319
315 361
315 367
315 401
316 352
316 342
316 365
316 357
317 353
317 322
317 337
317 381
318 342
318 337
318 363
318 380
319 368
319 400
320 362
321 390
322 364
322 334
323 380
324 403
324 377
325 354
325 395
326 352
326 388
326 359
326 348
326 330
326 380
326 350
327 385
327 394
327 347
328 338
328 404
329 355
329 398
330 385
330 400
330 372
330 373
330 350
331 384
331 401
332 335
332 351
333 389
333 369
333 378
334 352
334 364
334 367
334 400
336 372
336 344
337 360
337 366
337 373
337 348
338 389
338 391
339 395
339 372
339 346
339 381
340 392
341 388
341 358
342 369
342 351
343 372
344 351
344 380
345 373
345 350
346 360
347 351
349 358
349 360
350 366
350 376
351 401
351 376
352 387
353 386
354 372
355 357
355 362
356 365
356 379
356 380
357 394
358 361
359 393
359 366
359 377
360 399
362 368
362 387
363 392
363 401
363 374
364 391
364 387
365 388
365 367
366 385
367 399
368 400
370 385
370 386
370 393
370 374
371 396
372 391
373 388
373 379
374 397
374 398
374 404
375 392
376 404
377 391
377 404
378 398
379 395
381 395
382 393
390 392
392 397
395 402
398 401
399 403
0 405
0 406
0 407
0 408
1 409
1 410
1 411
1 412
2 413
2 414
2 415
2 416
3 417
3 418
3 419
3 420
4 421
4 422
4 423
4 424
5 425
5 426
5 427
5 428
6 429
6 430
6 431
6 432
7 433
7 434
7 435
7 436
8 437
8 438
8 439
8 440
9 441
9 442
9 443
9 444
10 445
10 446
10 447
10 448
11 449
11 450
11 451
11 452
12 453
12 454
12 455
12 456
13 457
13 458
13 459
13 460
14 461
14 462
14 463
14 464
15 465
15 466
15 467
15 468
16 469
16 470
16 471
16 472
17 473
17 474
17 475
17 476
18 477
18 478
18 479
18 480
19 481
19 482
19 483
19 484
20 485
20 486
20 487
20 488
21 489
21 490
21 491
21 492
22 493
22 494
22 495
22 496
23 497
23 498
23 499
23 500
24 501
24 502
24 503
24 504
25 505
25 506
25 507
25 508
26 509
26 510
26 511
26 512
27 513
27 514
27 515
27 516
28 517
28 518
28 519
28 520
29 521
29 522
29 523
29 524
30 525
30 526
30 527
30 528
31 529
31 530
31 531
31 532
32 533
32 534
32 535
32 536
33 537
33 538
33 539
33 540
34 541
34 542
34 543
34 544
35 545
35 546
35 547
35 548
36 549
36 550
36 551
36 552
37 553
37 554
37 555
37 556
38 557
38 558
38 559
38 560
39 561
39 562
39 563
39 564
40 565
40 566
40 567
40 568
41 569
41 570
41 571
41 572
42 573
42 574
42 575
42 576
43 577
43 578
43 579
43 580
44 581
44 582
44 583
44 584
45 585
45 586
45 587
45 588
46 589
46 590
46 591
46 592
47 593
47 594
47 595
47 596
48 597
48 598
48 599
48 600
49 601
49 602
49 603
49 604
50 605
50 606
50 607
50 608
51 609
51 610
51 611
51 612
52 613
52 614
52 615
52 616
53 617
53 618
53 619
53 620
54 621
54 622
54 623
54 624
55 625
55 626
55 627
55 628
56 629
56 630
56 631
56 632
57 633
57 634
57 635
57 636
58 637
58 638
58 639
58 640
59 641
59 642
59 643
59 644
60 645
60 646
60 647
60 648
61 649
61 650
61 651
61 652
62 653
62 654
62 655
62 656
63 657
63 658
63 659
63 660
64 661
64 662
64 663
64 664
65 665
65 666
65 667
65 668
66 669
66 670
66 671
66 672
67 673
67 674
67 675
67 676
68 677
68 678
68 679
68 680
69 681
69 682
69 683
69 684
70 685
70 686
70 687
70 688
71 689
71 690
71 691
71 692
72 693
72 694
72 695
72 696
73 697
73 698
73 699
73 700
74 701
74 702
74 703
74 704
75 705
75 706
75 707
75 708
76 709
76 710
76 711
76 712
77 713
77 714
77 715
77 716
78 717
78 718
78 719
78 720
79 721
79 722
79 723
79 724
80 725
80 726
80 727
80 728
81 729
81 730
81 731
81 732
82 733
82 734
82 735
82 736
83 737
83 738
83 739
83 740
84 741
84 742
84 743
84 744
85 745
85 746
85 747
85 748
86 749
86 750
86 751
86 752
87 753
87 754
87 755
87 756
88 757
88 758
88 759
88 760
89 761
89 762
89 763
89 764
90 765
90 766
90 767
90 768
91 769
91 770
91 771
91 772
92 773
92 774
92 775
92 776
93 777
93 778
93 779
93 780
94 781
94 782
94 783
94 784
95 785
95 786
95 787
95 788
96 789
96 790
96 791
96 792
97 793
97 794
97 795
97 796
98 797
98 798
98 799
98 800
99 801
99 802
99 803
99 804
100 805
100 806
100 807
100 808
101 809
101 810
101 811
101 812
102 813
102 814
102 815
102 816
103 817
103 818
103 819
103 820
104 821
104 822
104 823
104 824
105 825
105 826
105 827
105 828
106 829
106 830
106 831
106 832
107 833
107 834
107 835
107 836
108 837
108 838
108 839
108 840
109 841
109 842
109 843
109 844
110 845
110 846
110 847
110 848
111 849
111 850
111 851
111 852
112 853
112 854
112 855
112 856
113 857
113 858
113 859
113 860
114 861
114 862
114 863
114 864
115 865
115 866
115 867
115 868
116 869
116 870
116 871
116 872
117 873
117 874
117 875
117 876
118 877
118 878
118 879
118 880
119 881
119 882
119 883
119 884
120 885
120 886
120 887
120 888
121 889
121 890
121 891
121 892
122 893
122 894
122 895
122 896
123 897
123 898
123 899
123 900
124 901
124 902
124 903
124 904
125 905
125 906
125 907
125 908
126 909
126 910
126 911
126 912
127 913
127 914
127 915
127 916
128 917
128 918
128 919
128 920
129 921
129 922
129 923
129 924
130 925
130 926
130 927
130 928
131 929
131 930
131 931
131 932
132 933
132 934
132 935
132 936
133 937
133 938
133 939
133 940
134 941
134 942
134 943
134 944
135 945
135 946
135 947
135 948
136 949
136 950
136 951
136 952
137 953
137 954
137 955
137 956
138 957
138 958
138 959
138 960
139 961
139 962
139 963
139 964
140 965
140 966
140 967
140 968
141 969
141 970
141 971
141 972
142 973
142 974
142 975
142 976
143 977
143 978
143 979
143 980
144 981
144 982
144 983
144 984
145 985
145 986
145 987
145 988
146 989
146 990
146 991
146 992
147 993
147 994
147 995
147 996
148 997
148 998
148 999
148 1000
149 1001
149 1002
149 1003
149 1004
150 1005
150 1006
150 1007
150 1008
151 1009
151 1010
151 1011
151 1012
152 1013
152 1014
152 1015
152 1016
153 1017
153 1018
153 1019
153 1020
154 1021
154 1022
154 1023
154 1024
155 1025
155 1026
155 1027
155 1028
156 1029
156 1030
156 1031
156 1032
157 1033
157 1034
157 1035
157 1036
158 1037
158 1038
158 1039
158 1040
159 1041
159 1042
159 1043
159 1044
160 1045
160 1046
160 1047
160 1048
161 1049
161 1050
161 1051
161 1052
162 1053
162 1054
162 1055
162 1056
163 1057
163 1058
163 1059
163 1060
164 1061
164 1062
164 1063
164 1064
165 1065
165 1066
165 1067
165 1068
166 1069
166 1070
166 1071
166 1072
167 1073
167 1074
167 1075
167 1076
168 1077
168 1078
168 1079
168 1080
169 1081
169 1082
169 1083
169 1084
170 1085
170 1086
170 1087
170 1088
171 1089
171 1090
171 1091
171 1092
172 1093
172 1094
172 1095
172 1096
173 1097
173 1098
173 1099
173 1100
174 1101
174 1102
174 1103
174 1104
175 1105
175 1106
175 1107
175 1108
176 1109
176 1110
176 1111
176 1112
177 1113
177 1114
177 1115
177 1116
178 1117
178 1118
178 1119
178 1120
179 1121
179 1122
179 1123
179 1124
180 1125
180 1126
180 1127
180 1128
181 1129
181 1130
181 1131
181 1132
182 1133
182 1134
182 1135
182 1136
183 1137
183 1138
183 1139
183 1140
184 1141
184 1142
184 1143
184 1144
185 1145
185 1146
185 1147
185 1148
186 1149
186 1150
186 1151
186 1152
187 1153
187 1154
187 1155
187 1156
188 1157
188 1158
188 1159
188 1160
189 1161
189 1162
189 1163
189 1164
190 1165
190 1166
190 1167
190 1168
191 1169
191 1170
191 1171
191 1172
192 1173
192 1174
192 1175
192 1176
193 1177
193 1178
193 1179
193 1180
194 1181
194 1182
194 1183
194 1184
195 1185
195 1186
195 1187
195 1188
196 1189
196 1190
196 1191
196 1192
197 1193
197 1194
197 1195
197 1196
198 1197
198 1198
198 1199
198 1200
199 1201
199 1202
199 1203
199 1204
200 1205
200 1206
200 1207
200 1208
201 1209
201 1210
201 1211
201 1212
202 1213
202 1214
202 1215
202 1216
203 1217
203 1218
203 1219
203 1220
204 1221
204 1222
204 1223
204 1224
205 1225
205 1226
205 1227
205 1228
206 1229
206 1230
206 1231
206 1232
207 1233
207 1234
207 1235
207 1236
208 1237
208 1238
208 1239
208 1240
209 1241
209 1242
209 1243
209 1244
210 1245
210 1246
210 1247
210 1248
211 1249
211 1250
211 1251
211 1252
212 1253
212 1254
212 1255
212 1256
213 1257
213 1258
213 1259
213 1260
214 1261
214 1262
214 1263
214 1264
215 1265
215 1266
215 1267
215 1268
216 1269
216 1270
216 1271
216 1272
217 1273
217 1274
217 1275
217 1276
218 1277
218 1278
218 1279
218 1280
219 1281
219 1282
219 1283
219 1284
220 1285
220 1286
220 1287
220 1288
221 1289
221 1290
221 1291
221 1292
222 1293
222 1294
222 1295
222 1296
223 1297
223 1298
223 1299
223 1300
224 1301
224 1302
224 1303
224 1304
225 1305
225 1306
225 1307
225 1308
226 1309
226 1310
226 1311
226 1312
227 1313
227 1314
227 1315
227 1316
228 1317
228 1318
228 1319
228 1320
229 1321
229 1322
229 1323
229 1324
230 1325
230 1326
230 1327
230 1328
231 1329
231 1330
231 1331
231 1332
232 1333
232 1334
232 1335
232 1336
233 1337
233 1338
233 1339
233 1340
234 1341
234 1342
234 1343
234 1344
235 1345
235 1346
235 1347
235 1348
236 1349
236 1350
236 1351
236 1352
237 1353
237 1354
237 1355
237 1356
238 1357
238 1358
238 1359
238 1360
239 1361
239 1362
239 1363
239 1364
240 1365
240 1366
240 1367
240 1368
241 1369
241 1370
241 1371
241 1372
242 1373
242 1374
242 1375
242 1376
243 1377
243 1378
243 1379
243 1380
244 1381
244 1382
244 1383
244 1384
245 1385
245 1386
245 1387
245 1388
246 1389
246 1390
246 1391
246 1392
247 1393
247 1394
247 1395
247 1396
248 1397
248 1398
248 1399
248 1400
249 1401
249 1402
249 1403
249 1404
250 1405
250 1406
250 1407
250 1408
251 1409
251 1410
251 1411
251 1412
252 1413
252 1414
252 1415
252 1416
253 1417
253 1418
253 1419
253 1420
254 1421
254 1422
254 1423
254 1424
255 1425
255 1426
255 1427
255 1428
256 1429
256 1430
256 1431
256 1432
257 1433
257 1434
257 1435
257 1436
258 1437
258 1438
258 1439
258 1440
259 1441
259 1442
259 1443
259 1444
260 1445
260 1446
260 1447
260 1448
261 1449
261 1450
261 1451
261 1452
262 1453
262 1454
262 1455
262 1456
263 1457
263 1458
263 1459
263 1460
264 1461
264 1462
264 1463
264 1464
265 1465
265 1466
265 1467
265 1468
266 1469
266 1470
266 1471
266 1472
267 1473
267 1474
267 1475
267 1476
268 1477
268 1478
268 1479
268 1480
269 1481
269 1482
269 1483
269 1484
270 1485
270 1486
270 1487
270 1488
271 1489
271 1490
271 1491
271 1492
272 1493
272 1494
272 1495
272 1496
273 1497
273 1498
273 1499
273 1500
274 1501
274 1502
274 1503
274 1504
275 1505
275 1506
275 1507
275 1508
276 1509
276 1510
276 1511
276 1512
277 1513
277 1514
277 1515
277 1516
278 1517
278 1518
278 1519
278 1520
279 1521
279 1522
279 1523
279 1524
280 1525
280 1526
280 1527
280 1528
281 1529
281 1530
281 1531
281 1532
282 1533
282 1534
282 1535
282 1536
283 1537
283 1538
283 1539
283 1540
284 1541
284 1542
284 1543
284 1544
285 1545
285 1546
285 1547
285 1548
286 1549
286 1550
286 1551
286 1552
287 1553
287 1554
287 1555
287 1556
288 1557
288 1558
288 1559
288 1560
289 1561
289 1562
289 1563
289 1564
290 1565
290 1566
290 1567
290 1568
291 1569
291 1570
291 1571
291 1572
292 1573
292 1574
292 1575
292 1576
293 1577
293 1578
293 1579
293 1580
294 1581
294 1582
294 1583
294 1584
295 1585
295 1586
295 1587
295 1588
296 1589
296 1590
296 1591
296 1592
297 1593
297 1594
297 1595
297 1596
298 1597
298 1598
298 1599
298 1600
299 1601
299 1602
299 1603
299 1604
300 1605
300 1606
300 1607
300 1608
301 1609
301 1610
301 1611
301 1612
302 1613
302 1614
302 1615
302 1616
303 1617
303 1618
303 1619
303 1620
304 1621
304 1622
304 1623
304 1624
305 1625
305 1626
305 1627
305 1628
306 1629
306 1630
306 1631
306 1632
307 1633
307 1634
307 1635
307 1636
308 1637
308 1638
308 1639
308 1640
309 1641
309 1642
309 1643
309 1644
310 1645
310 1646
310 1647
310 1648
311 1649
311 1650
311 1651
311 1652
312 1653
312 1654
312 1655
312 1656
313 1657
313 1658
313 1659
313 1660
314 1661
314 1662
314 1663
314 1664
315 1665
315 1666
315 1667
315 1668
316 1669
316 1670
316 1671
316 1672
317 1673
317 1674
317 1675
317 1676
318 1677
318 1678
318 1679
318 1680
319 1681
319 1682
319 1683
319 1684
320 1685
320 1686
320 1687
320 1688
321 1689
321 1690
321 1691
321 1692
322 1693
322 1694
322 1695
322 1696
323 1697
323 1698
323 1699
323 1700
324 1701
324 1702
324 1703
324 1704
325 1705
325 1706
325 1707
325 1708
326 1709
326 1710
326 1711
326 1712
327 1713
327 1714
327 1715
327 1716
328 1717
328 1718
328 1719
328 1720
329 1721
329 1722
329 1723
329 1724
330 1725
330 1726
330 1727
330 1728
331 1729
331 1730
331 1731
331 1732
332 1733
332 1734
332 1735
332 1736
333 1737
333 1738
333 1739
333 1740
334 1741
334 1742
334 1743
334 1744
335 1745
335 1746
335 1747
335 1748
336 1749
336 1750
336 1751
336 1752
337 1753
337 1754
337 1755
337 1756
338 1757
338 1758
338 1759
338 1760
339 1761
339 1762
339 1763
339 1764
340 1765
340 1766
340 1767
340 1768
341 1769
341 1770
341 1771
341 1772
342 1773
342 1774
342 1775
342 1776
343 1777
343 1778
343 1779
343 1780
344 1781
344 1782
344 1783
344 1784
345 1785
345 1786
345 1787
345 1788
346 1789
346 1790
346 1791
346 1792
347 1793
347 1794
347 1795
347 1796
348 1797
348 1798
348 1799
348 1800
349 1801
349 1802
349 1803
349 1804
350 1805
350 1806
350 1807
350 1808
351 1809
351 1810
351 1811
351 1812
352 1813
352 1814
352 1815
352 1816
353 1817
353 1818
353 1819
353 1820
354 1821
354 1822
354 1823
354 1824
355 1825
355 1826
355 1827
355 1828
356 1829
356 1830
356 1831
356 1832
357 1833
357 1834
357 1835
357 1836
358 1837
358 1838
358 1839
358 1840
359 1841
359 1842
359 1843
359 1844
360 1845
360 1846
360 1847
360 1848
361 1849
361 1850
361 1851
361 1852
362 1853
362 1854
362 1855
362 1856
363 1857
363 1858
363 1859
363 1860
364 1861
364 1862
364 1863
364 1864
365 1865
365 1866
365 1867
365 1868
366 1869
366 1870
366 1871
366 1872
367 1873
367 1874
367 1875
367 1876
368 1877
368 1878
368 1879
368 1880
369 1881
369 1882
369 1883
369 1884
370 1885
370 1886
370 1887
370 1888
371 1889
371 1890
371 1891
371 1892
372 1893
372 1894
372 1895
372 1896
373 1897
373 1898
373 1899
373 1900
374 1901
374 1902
374 1903
374 1904
375 1905
375 1906
375 1907
375 1908
376 1909
376 1910
376 1911
376 1912
377 1913
377 1914
377 1915
377 1916
378 1917
378 1918
378 1919
378 1920
379 1921
379 1922
379 1923
379 1924
380 1925
380 1926
380 1927
380 1928
381 1929
381 1930
381 1931
381 1932
382 1933
382 1934
382 1935
382 1936
383 1937
383 1938
383 1939
383 1940
384 1941
384 1942
384 1943
384 1944
385 1945
385 1946
385 1947
385 1948
386 1949
386 1950
386 1951
386 1952
387 1953
387 1954
387 1955
387 1956
388 1957
388 1958
388 1959
388 1960
389 1961
389 1962
389 1963
389 1964
390 1965
390 1966
390 1967
390 1968
391 1969
391 1970
391 1971
391 1972
392 1973
392 1974
392 1975
392 1976
393 1977
393 1978
393 1979
393 1980
394 1981
394 1982
394 1983
394 1984
395 1985
395 1986
395 1987
395 1988
396 1989
396 1990
396 1991
396 1992
397 1993
397 1994
397 1995
397 1996
398 1997
398 1998
398 1999
398 2000
399 2001
399 2002
399 2003
399 2004
400 2005
400 2006
400 2007
400 2008
401 2009
401 2010
401 2011
401 2012
402 2013
402 2014
402 2015
402 2016
403 2017
403 2018
403 2019
403 2020
404 2021
404 2022
404 2023
404 2024
