0 354
0 307
0 100
0 243
0 294
0 343
0 9
0 103
1 192
1 354
1 22
1 38
1 119
1 136
1 178
1 47
2 304
2 112
2 260
2 217
2 340
2 169
2 172
2 174
3 359
3 82
3 275
3 87
3 105
3 266
3 299
3 60
4 232
4 50
4 54
4 327
4 248
4 268
4 338
4 46
5 80
5 68
5 69
5 137
5 138
5 299
5 332
5 317
6 18
6 51
6 235
6 315
6 154
6 203
6 302
6 47
7 24
7 195
7 85
7 71
7 200
7 11
7 109
7 143
8 67
8 275
8 348
8 297
8 282
8 175
8 268
8 223
9 305
9 142
9 198
9 231
9 217
9 140
9 337
10 272
10 112
10 100
10 342
10 113
10 56
10 164
10 254
11 322
11 14
11 72
11 78
11 236
11 333
11 46
12 315
12 116
12 70
12 295
12 104
12 137
12 266
12 151
13 228
13 318
13 346
13 27
13 268
13 189
13 62
13 207
14 97
14 276
14 278
14 17
14 329
14 138
14 223
15 241
15 179
15 309
15 166
15 65
15 328
15 217
15 286
16 107
16 35
16 277
16 166
16 168
16 89
16 347
16 175
17 214
17 128
17 178
17 293
17 262
17 314
17 123
18 112
18 320
18 343
18 292
18 23
18 315
18 286
19 273
19 34
19 294
19 263
19 344
19 121
19 354
19 111
20 194
20 35
20 228
20 357
20 86
20 25
20 187
20 174
21 224
21 52
21 181
21 358
21 344
21 244
21 106
21 334
22 339
22 86
22 119
22 92
22 55
22 220
22 349
23 241
23 99
23 199
23 72
23 185
23 155
23 242
24 273
24 324
24 357
24 198
24 337
24 215
24 158
25 272
25 195
25 211
25 39
25 328
25 75
25 351
26 65
26 99
26 356
26 39
26 264
26 233
26 267
26 108
27 306
27 355
27 196
27 212
27 183
27 265
27 157
28 64
28 257
28 306
28 355
28 151
28 300
28 237
28 61
29 354
29 243
29 244
29 38
29 212
29 330
29 202
29 276
30 292
30 357
30 326
30 73
30 138
30 36
30 250
30 166
31 144
31 257
31 66
31 36
31 40
31 168
31 282
31 111
32 65
32 306
32 101
32 330
32 124
32 269
32 222
32 47
33 336
33 273
33 226
33 350
33 149
33 283
33 157
33 158
34 340
34 149
34 291
34 308
34 91
34 173
34 62
35 98
35 51
35 246
35 105
35 170
35 190
36 65
36 292
36 113
36 281
36 61
36 206
37 222
37 129
37 293
37 142
37 159
37 173
37 318
37 239
38 112
38 66
38 307
38 198
38 360
38 346
39 249
39 216
39 297
39 155
39 140
39 122
40 344
40 264
40 179
40 164
40 209
40 184
40 119
41 64
41 257
41 162
41 343
41 312
41 156
41 236
41 319
42 258
42 228
42 230
42 279
42 152
42 266
42 299
42 284
43 273
43 260
43 329
43 202
43 203
43 237
43 238
43 205
44 52
44 86
44 262
44 103
44 74
44 283
44 76
44 301
45 337
45 163
45 68
45 334
45 150
45 328
45 282
45 286
46 272
46 80
46 131
46 278
46 156
46 317
47 114
47 308
47 81
47 88
47 315
48 240
48 192
48 131
48 324
48 71
48 216
48 298
48 221
49 241
49 53
49 182
49 201
49 360
49 57
49 75
49 265
50 289
50 290
50 200
50 122
50 207
50 173
50 191
51 320
51 310
51 83
51 246
51 104
51 239
52 259
52 358
52 89
52 299
52 237
52 150
53 160
53 177
53 130
53 278
53 186
53 220
53 191
54 226
54 165
54 247
54 152
54 111
54 267
54 197
55 189
55 99
55 68
55 169
55 202
55 333
55 191
56 306
56 148
56 246
56 70
56 292
56 185
56 139
57 160
57 116
57 126
57 106
57 299
57 269
57 190
58 256
58 278
58 70
58 135
58 200
58 265
58 251
58 108
59 96
59 337
59 242
59 227
59 329
59 159
59 126
59 79
60 192
60 117
60 329
60 282
60 139
60 302
60 133
61 342
61 311
61 267
61 189
61 302
61 303
62 291
62 102
62 105
62 290
62 300
62 302
63 241
63 162
63 180
63 169
63 95
63 300
63 269
63 111
64 322
64 131
64 198
64 71
64 313
64 78
65 339
65 343
65 104
65 307
66 227
66 184
66 220
66 346
66 111
66 268
67 337
67 130
67 340
67 231
67 100
67 266
67 205
68 96
68 353
68 345
68 327
68 316
69 320
69 192
69 83
69 196
69 148
69 291
69 229
70 81
70 290
70 136
70 103
70 347
71 75
71 309
71 108
71 315
71 76
72 97
72 290
72 155
72 342
72 152
72 247
73 146
73 270
73 262
73 338
73 187
73 140
73 157
74 352
74 259
74 294
74 344
74 255
74 109
74 211
75 161
75 355
75 90
75 172
75 221
76 290
76 146
76 153
76 187
76 135
76 127
77 273
77 258
77 293
77 134
77 311
77 264
77 209
77 223
78 305
78 153
78 346
78 123
78 188
78 158
79 160
79 178
79 115
79 287
79 103
79 107
79 95
80 129
80 290
80 231
80 252
80 158
80 335
81 193
81 210
81 339
81 295
81 330
81 171
82 128
82 132
82 165
82 135
82 296
82 265
82 319
83 211
83 228
83 310
83 87
83 148
83 170
84 321
84 226
84 323
84 149
84 252
84 171
84 159
84 127
85 152
85 358
85 248
85 108
85 317
85 270
85 223
86 151
86 154
86 235
86 167
86 303
87 116
87 327
87 297
87 204
87 125
87 143
88 304
88 322
88 147
88 357
88 182
88 249
88 202
89 96
89 219
89 132
89 229
89 299
89 317
90 295
90 162
90 276
90 309
90 199
90 232
90 316
91 196
91 149
91 279
91 104
91 234
91 110
91 111
92 320
92 129
92 326
92 119
92 156
92 94
92 277
93 322
93 311
93 280
93 233
93 171
93 317
93 306
93 175
94 225
94 246
94 343
94 168
94 188
94 186
94 302
95 256
95 184
95 318
95 264
95 189
95 190
96 353
96 151
96 234
96 204
96 317
97 353
97 146
97 193
97 331
97 348
97 351
98 240
98 262
98 265
98 268
98 282
98 215
98 236
99 228
99 214
99 234
99 331
99 218
100 292
100 174
100 314
100 221
100 334
101 129
101 259
101 196
101 229
101 297
101 298
101 188
102 208
102 321
102 133
102 256
102 300
102 283
102 348
103 337
103 230
103 288
103 174
104 352
104 305
104 301
104 141
105 339
105 213
105 254
105 328
105 122
106 273
106 114
106 117
106 325
106 177
106 206
107 147
107 167
107 201
107 138
107 348
107 122
108 336
108 359
108 138
108 111
109 181
109 118
109 296
109 249
109 253
109 134
110 258
110 355
110 212
110 326
110 164
110 301
110 222
111 134
112 116
112 343
112 204
112 130
113 242
113 151
113 168
113 137
113 247
113 215
114 163
114 244
114 117
114 331
114 253
114 271
115 205
115 186
115 150
115 167
115 282
115 140
115 333
116 325
116 121
116 330
116 185
117 180
117 357
117 344
117 254
117 255
118 145
118 242
118 245
118 146
118 151
118 125
118 333
119 180
119 199
119 170
119 253
120 241
120 347
120 316
120 332
120 281
120 283
120 172
120 333
121 240
121 289
121 350
121 230
121 247
121 318
122 224
122 279
122 316
122 268
123 336
123 323
123 360
123 345
123 203
123 236
124 293
124 217
124 296
124 201
124 314
124 221
124 191
125 225
125 148
125 248
125 313
125 157
125 169
126 288
126 179
126 245
126 247
126 220
126 158
127 193
127 180
127 296
127 284
127 331
127 348
128 227
128 171
128 187
128 269
128 142
128 175
129 148
129 204
129 172
129 251
130 240
130 357
130 279
130 138
130 191
131 139
131 280
131 283
131 142
131 287
132 224
132 241
132 178
132 212
132 181
132 157
133 160
133 145
133 355
133 260
133 153
133 156
134 194
134 247
134 265
134 183
134 222
135 293
135 342
135 231
135 154
135 159
136 271
136 210
136 259
136 235
136 206
136 335
137 242
137 199
137 250
137 225
137 330
138 161
138 149
139 200
139 338
139 245
139 262
139 313
140 209
140 228
140 359
140 167
141 206
141 257
141 321
141 254
141 311
141 244
141 334
142 144
142 198
142 232
142 250
143 194
143 164
143 313
143 298
143 199
143 158
144 211
144 174
144 203
144 251
144 217
144 171
145 225
145 338
145 259
145 342
145 289
145 325
146 176
146 177
146 219
146 151
147 353
147 306
147 308
147 250
147 239
147 335
148 161
148 178
148 359
149 324
149 236
149 173
150 176
150 321
150 214
150 264
150 319
151 153
152 340
152 229
152 237
152 238
153 354
153 308
153 171
153 285
154 238
154 281
154 332
154 270
154 207
155 161
155 319
155 330
155 207
155 255
156 352
156 161
156 289
156 157
157 208
157 236
158 312
158 218
159 288
159 310
159 313
159 247
160 161
160 341
160 232
160 218
161 341
161 293
162 240
162 177
162 203
162 269
162 238
163 240
163 172
163 220
163 219
163 316
163 191
164 179
164 260
164 182
164 284
165 184
165 251
165 197
165 360
165 315
165 335
166 248
166 212
166 264
166 255
166 204
167 341
167 298
167 173
167 211
168 336
168 181
168 279
168 330
169 186
169 236
169 205
169 286
170 212
170 229
170 182
170 345
170 357
171 204
171 349
172 304
172 215
172 335
173 280
173 185
173 285
174 289
174 284
174 178
175 355
175 325
175 295
175 331
176 256
176 305
176 187
176 269
176 350
176 223
177 323
177 231
177 307
177 252
178 257
178 295
179 353
179 244
179 197
179 200
180 283
180 356
180 312
180 285
181 295
181 249
181 186
181 203
182 257
182 230
182 221
182 238
183 321
183 258
183 323
183 213
183 345
183 349
184 275
184 263
184 215
184 252
185 306
185 345
185 233
185 274
186 240
186 215
186 218
187 342
187 313
187 202
188 243
188 217
188 219
188 220
188 335
189 227
189 278
189 204
189 284
190 339
190 310
190 198
190 281
190 318
191 344
191 235
192 215
192 314
192 347
192 255
193 338
193 277
193 290
193 327
193 253
194 256
194 274
194 195
194 229
194 292
195 208
195 308
195 325
195 332
195 207
196 303
196 210
196 357
196 263
197 351
197 309
197 345
197 347
197 285
198 203
198 267
199 314
199 218
199 253
200 243
200 301
200 207
201 210
201 213
201 251
201 284
201 349
202 262
202 295
202 234
203 260
204 293
205 289
205 275
205 339
205 224
206 256
206 354
206 314
206 254
207 276
207 345
208 322
208 277
208 300
208 318
208 239
209 224
209 212
209 329
209 298
209 252
210 256
210 360
210 221
210 253
211 224
211 280
211 334
212 266
213 260
213 309
213 326
213 301
213 350
214 350
214 280
214 300
214 254
214 312
215 277
216 291
216 341
216 310
216 344
216 275
216 332
217 228
217 311
218 336
218 292
218 314
219 355
219 260
219 231
219 245
220 276
220 284
221 356
221 274
222 288
222 242
222 298
222 314
223 232
223 324
223 326
224 313
224 260
225 324
225 261
225 280
225 285
226 258
226 229
226 263
226 248
226 281
227 309
227 342
227 358
227 350
228 257
229 327
230 257
230 251
230 349
230 270
231 352
231 350
232 275
232 327
232 233
233 340
233 261
233 263
233 295
234 271
234 249
234 284
234 255
235 256
235 274
235 307
235 266
236 349
237 328
237 248
237 291
237 296
238 324
238 296
238 298
239 258
239 323
239 244
239 255
240 339
241 341
241 271
242 356
242 278
243 273
243 349
243 301
243 303
244 276
244 266
245 263
245 356
245 343
245 332
246 304
246 356
246 329
246 319
247 253
248 343
248 354
249 259
249 279
249 348
250 336
250 340
250 294
250 328
251 326
251 286
252 310
252 315
252 300
253 330
254 312
254 283
255 277
258 271
258 351
259 300
259 287
261 307
261 358
261 278
261 291
261 267
261 350
262 272
262 285
263 274
263 301
264 334
264 341
265 308
265 306
266 280
267 290
267 317
267 341
268 339
268 340
269 352
269 287
270 271
270 320
270 299
270 335
271 352
271 359
272 334
272 311
272 360
272 351
273 322
274 308
274 328
274 302
275 344
275 351
276 345
276 333
277 332
277 353
278 312
279 288
279 341
280 293
281 352
281 324
281 327
282 325
282 316
283 348
285 326
285 335
286 307
286 323
286 316
287 320
287 309
287 323
287 347
288 310
288 346
288 316
289 333
289 351
291 353
291 323
292 358
294 331
294 298
294 299
294 303
296 342
296 348
297 336
297 308
297 331
297 332
301 360
302 320
302 338
303 304
303 360
303 319
304 340
304 358
304 346
305 336
305 307
305 321
305 351
309 325
310 319
311 353
311 315
312 349
312 334
313 346
317 322
318 356
318 324
319 331
320 354
321 327
321 329
322 337
325 326
328 337
329 352
333 359
338 358
338 347
346 356
347 359
355 359
0 361
0 362
0 363
0 364
0 365
0 366
0 367
0 368
0 369
1 370
1 371
1 372
1 373
1 374
1 375
1 376
1 377
1 378
2 379
2 380
2 381
2 382
2 383
2 384
2 385
2 386
2 387
3 388
3 389
3 390
3 391
3 392
3 393
3 394
3 395
3 396
4 397
4 398
4 399
4 400
4 401
4 402
4 403
4 404
4 405
5 406
5 407
5 408
5 409
5 410
5 411
5 412
5 413
5 414
6 415
6 416
6 417
6 418
6 419
6 420
6 421
6 422
6 423
7 424
7 425
7 426
7 427
7 428
7 429
7 430
7 431
7 432
8 433
8 434
8 435
8 436
8 437
8 438
8 439
8 440
8 441
9 442
9 443
9 444
9 445
9 446
9 447
9 448
9 449
9 450
10 451
10 452
10 453
10 454
10 455
10 456
10 457
10 458
10 459
11 460
11 461
11 462
11 463
11 464
11 465
11 466
11 467
11 468
12 469
12 470
12 471
12 472
12 473
12 474
12 475
12 476
12 477
13 478
13 479
13 480
13 481
13 482
13 483
13 484
13 485
13 486
14 487
14 488
14 489
14 490
14 491
14 492
14 493
14 494
14 495
15 496
15 497
15 498
15 499
15 500
15 501
15 502
15 503
15 504
16 505
16 506
16 507
16 508
16 509
16 510
16 511
16 512
16 513
17 514
17 515
17 516
17 517
17 518
17 519
17 520
17 521
17 522
18 523
18 524
18 525
18 526
18 527
18 528
18 529
18 530
18 531
19 532
19 533
19 534
19 535
19 536
19 537
19 538
19 539
19 540
20 541
20 542
20 543
20 544
20 545
20 546
20 547
20 548
20 549
21 550
21 551
21 552
21 553
21 554
21 555
21 556
21 557
21 558
22 559
22 560
22 561
22 562
22 563
22 564
22 565
22 566
22 567
23 568
23 569
23 570
23 571
23 572
23 573
23 574
23 575
23 576
24 577
24 578
24 579
24 580
24 581
24 582
24 583
24 584
24 585
25 586
25 587
25 588
25 589
25 590
25 591
25 592
25 593
25 594
26 595
26 596
26 597
26 598
26 599
26 600
26 601
26 602
26 603
27 604
27 605
27 606
27 607
27 608
27 609
27 610
27 611
27 612
28 613
28 614
28 615
28 616
28 617
28 618
28 619
28 620
28 621
29 622
29 623
29 624
29 625
29 626
29 627
29 628
29 629
29 630
30 631
30 632
30 633
30 634
30 635
30 636
30 637
30 638
30 639
31 640
31 641
31 642
31 643
31 644
31 645
31 646
31 647
31 648
32 649
32 650
32 651
32 652
32 653
32 654
32 655
32 656
32 657
33 658
33 659
33 660
33 661
33 662
33 663
33 664
33 665
33 666
34 667
34 668
34 669
34 670
34 671
34 672
34 673
34 674
34 675
35 676
35 677
35 678
35 679
35 680
35 681
35 682
35 683
35 684
36 685
36 686
36 687
36 688
36 689
36 690
36 691
36 692
36 693
37 694
37 695
37 696
37 697
37 698
37 699
37 700
37 701
37 702
38 703
38 704
38 705
38 706
38 707
38 708
38 709
38 710
38 711
39 712
39 713
39 714
39 715
39 716
39 717
39 718
39 719
39 720
40 721
40 722
40 723
40 724
40 725
40 726
40 727
40 728
40 729
41 730
41 731
41 732
41 733
41 734
41 735
41 736
41 737
41 738
42 739
42 740
42 741
42 742
42 743
42 744
42 745
42 746
42 747
43 748
43 749
43 750
43 751
43 752
43 753
43 754
43 755
43 756
44 757
44 758
44 759
44 760
44 761
44 762
44 763
44 764
44 765
45 766
45 767
45 768
45 769
45 770
45 771
45 772
45 773
45 774
46 775
46 776
46 777
46 778
46 779
46 780
46 781
46 782
46 783
47 784
47 785
47 786
47 787
47 788
47 789
47 790
47 791
47 792
48 793
48 794
48 795
48 796
48 797
48 798
48 799
48 800
48 801
49 802
49 803
49 804
49 805
49 806
49 807
49 808
49 809
49 810
50 811
50 812
50 813
50 814
50 815
50 816
50 817
50 818
50 819
51 820
51 821
51 822
51 823
51 824
51 825
51 826
51 827
51 828
52 829
52 830
52 831
52 832
52 833
52 834
52 835
52 836
52 837
53 838
53 839
53 840
53 841
53 842
53 843
53 844
53 845
53 846
54 847
54 848
54 849
54 850
54 851
54 852
54 853
54 854
54 855
55 856
55 857
55 858
55 859
55 860
55 861
55 862
55 863
55 864
56 865
56 866
56 867
56 868
56 869
56 870
56 871
56 872
56 873
57 874
57 875
57 876
57 877
57 878
57 879
57 880
57 881
57 882
58 883
58 884
58 885
58 886
58 887
58 888
58 889
58 890
58 891
59 892
59 893
59 894
59 895
59 896
59 897
59 898
59 899
59 900
60 901
60 902
60 903
60 904
60 905
60 906
60 907
60 908
60 909
61 910
61 911
61 912
61 913
61 914
61 915
61 916
61 917
61 918
62 919
62 920
62 921
62 922
62 923
62 924
62 925
62 926
62 927
63 928
63 929
63 930
63 931
63 932
63 933
63 934
63 935
63 936
64 937
64 938
64 939
64 940
64 941
64 942
64 943
64 944
64 945
65 946
65 947
65 948
65 949
65 950
65 951
65 952
65 953
65 954
66 955
66 956
66 957
66 958
66 959
66 960
66 961
66 962
66 963
67 964
67 965
67 966
67 967
67 968
67 969
67 970
67 971
67 972
68 973
68 974
68 975
68 976
68 977
68 978
68 979
68 980
68 981
69 982
69 983
69 984
69 985
69 986
69 987
69 988
69 989
69 990
70 991
70 992
70 993
70 994
70 995
70 996
70 997
70 998
70 999
71 1000
71 1001
71 1002
71 1003
71 1004
71 1005
71 1006
71 1007
71 1008
72 1009
72 1010
72 1011
72 1012
72 1013
72 1014
72 1015
72 1016
72 1017
73 1018
73 1019
73 1020
73 1021
73 1022
73 1023
73 1024
73 1025
73 1026
74 1027
74 1028
74 1029
74 1030
74 1031
74 1032
74 1033
74 1034
74 1035
75 1036
75 1037
75 1038
75 1039
75 1040
75 1041
75 1042
75 1043
75 1044
76 1045
76 1046
76 1047
76 1048
76 1049
76 1050
76 1051
76 1052
76 1053
77 1054
77 1055
77 1056
77 1057
77 1058
77 1059
77 1060
77 1061
77 1062
78 1063
78 1064
78 1065
78 1066
78 1067
78 1068
78 1069
78 1070
78 1071
79 1072
79 1073
79 1074
79 1075
79 1076
79 1077
79 1078
79 1079
79 1080
80 1081
80 1082
80 1083
80 1084
80 1085
80 1086
80 1087
80 1088
80 1089
81 1090
81 1091
81 1092
81 1093
81 1094
81 1095
81 1096
81 1097
81 1098
82 1099
82 1100
82 1101
82 1102
82 1103
82 1104
82 1105
82 1106
82 1107
83 1108
83 1109
83 1110
83 1111
83 1112
83 1113
83 1114
83 1115
83 1116
84 1117
84 1118
84 1119
84 1120
84 1121
84 1122
84 1123
84 1124
84 1125
85 1126
85 1127
85 1128
85 1129
85 1130
85 1131
85 1132
85 1133
85 1134
86 1135
86 1136
86 1137
86 1138
86 1139
86 1140
86 1141
86 1142
86 1143
87 1144
87 1145
87 1146
87 1147
87 1148
87 1149
87 1150
87 1151
87 1152
88 1153
88 1154
88 1155
88 1156
88 1157
88 1158
88 1159
88 1160
88 1161
89 1162
89 1163
89 1164
89 1165
89 1166
89 1167
89 1168
89 1169
89 1170
90 1171
90 1172
90 1173
90 1174
90 1175
90 1176
90 1177
90 1178
90 1179
91 1180
91 1181
91 1182
91 1183
91 1184
91 1185
91 1186
91 1187
91 1188
92 1189
92 1190
92 1191
92 1192
92 1193
92 1194
92 1195
92 1196
92 1197
93 1198
93 1199
93 1200
93 1201
93 1202
93 1203
93 1204
93 1205
93 1206
94 1207
94 1208
94 1209
94 1210
94 1211
94 1212
94 1213
94 1214
94 1215
95 1216
95 1217
95 1218
95 1219
95 1220
95 1221
95 1222
95 1223
95 1224
96 1225
96 1226
96 1227
96 1228
96 1229
96 1230
96 1231
96 1232
96 1233
97 1234
97 1235
97 1236
97 1237
97 1238
97 1239
97 1240
97 1241
97 1242
98 1243
98 1244
98 1245
98 1246
98 1247
98 1248
98 1249
98 1250
98 1251
99 1252
99 1253
99 1254
99 1255
99 1256
99 1257
99 1258
99 1259
99 1260
100 1261
100 1262
100 1263
100 1264
100 1265
100 1266
100 1267
100 1268
100 1269
101 1270
101 1271
101 1272
101 1273
101 1274
101 1275
101 1276
101 1277
101 1278
102 1279
102 1280
102 1281
102 1282
102 1283
102 1284
102 1285
102 1286
102 1287
103 1288
103 1289
103 1290
103 1291
103 1292
103 1293
103 1294
103 1295
103 1296
104 1297
104 1298
104 1299
104 1300
104 1301
104 1302
104 1303
104 1304
104 1305
105 1306
105 1307
105 1308
105 1309
105 1310
105 1311
105 1312
105 1313
105 1314
106 1315
106 1316
106 1317
106 1318
106 1319
106 1320
106 1321
106 1322
106 1323
107 1324
107 1325
107 1326
107 1327
107 1328
107 1329
107 1330
107 1331
107 1332
108 1333
108 1334
108 1335
108 1336
108 1337
108 1338
108 1339
108 1340
108 1341
109 1342
109 1343
109 1344
109 1345
109 1346
109 1347
109 1348
109 1349
109 1350
110 1351
110 1352
110 1353
110 1354
110 1355
110 1356
110 1357
110 1358
110 1359
111 1360
111 1361
111 1362
111 1363
111 1364
111 1365
111 1366
111 1367
111 1368
112 1369
112 1370
112 1371
112 1372
112 1373
112 1374
112 1375
112 1376
112 1377
113 1378
113 1379
113 1380
113 1381
113 1382
113 1383
113 1384
113 1385
113 1386
114 1387
114 1388
114 1389
114 1390
114 1391
114 1392
114 1393
114 1394
114 1395
115 1396
115 1397
115 1398
115 1399
115 1400
115 1401
115 1402
115 1403
115 1404
116 1405
116 1406
116 1407
116 1408
116 1409
116 1410
116 1411
116 1412
116 1413
117 1414
117 1415
117 1416
117 1417
117 1418
117 1419
117 1420
117 1421
117 1422
118 1423
118 1424
118 1425
118 1426
118 1427
118 1428
118 1429
118 1430
118 1431
119 1432
119 1433
119 1434
119 1435
119 1436
119 1437
119 1438
119 1439
119 1440
120 1441
120 1442
120 1443
120 1444
120 1445
120 1446
120 1447
120 1448
120 1449
121 1450
121 1451
121 1452
121 1453
121 1454
121 1455
121 1456
121 1457
121 1458
122 1459
122 1460
122 1461
122 1462
122 1463
122 1464
122 1465
122 1466
122 1467
123 1468
123 1469
123 1470
123 1471
123 1472
123 1473
123 1474
123 1475
123 1476
124 1477
124 1478
124 1479
124 1480
124 1481
124 1482
124 1483
124 1484
124 1485
125 1486
125 1487
125 1488
125 1489
125 1490
125 1491
125 1492
125 1493
125 1494
126 1495
126 1496
126 1497
126 1498
126 1499
126 1500
126 1501
126 1502
126 1503
127 1504
127 1505
127 1506
127 1507
127 1508
127 1509
127 1510
127 1511
127 1512
128 1513
128 1514
128 1515
128 1516
128 1517
128 1518
128 1519
128 1520
128 1521
129 1522
129 1523
129 1524
129 1525
129 1526
129 1527
129 1528
129 1529
129 1530
130 1531
130 1532
130 1533
130 1534
130 1535
130 1536
130 1537
130 1538
130 1539
131 1540
131 1541
131 1542
131 1543
131 1544
131 1545
131 1546
131 1547
131 1548
132 1549
132 1550
132 1551
132 1552
132 1553
132 1554
132 1555
132 1556
132 1557
133 1558
133 1559
133 1560
133 1561
133 1562
133 1563
133 1564
133 1565
133 1566
134 1567
134 1568
134 1569
134 1570
134 1571
134 1572
134 1573
134 1574
134 1575
135 1576
135 1577
135 1578
135 1579
135 1580
135 1581
135 1582
135 1583
135 1584
136 1585
136 1586
136 1587
136 1588
136 1589
136 1590
136 1591
136 1592
136 1593
137 1594
137 1595
137 1596
137 1597
137 1598
137 1599
137 1600
137 1601
137 1602
138 1603
138 1604
138 1605
138 1606
138 1607
138 1608
138 1609
138 1610
138 1611
139 1612
139 1613
139 1614
139 1615
139 1616
139 1617
139 1618
139 1619
139 1620
140 1621
140 1622
140 1623
140 1624
140 1625
140 1626
140 1627
140 1628
140 1629
141 1630
141 1631
141 1632
141 1633
141 1634
141 1635
141 1636
141 1637
141 1638
142 1639
142 1640
142 1641
142 1642
142 1643
142 1644
142 1645
142 1646
142 1647
143 1648
143 1649
143 1650
143 1651
143 1652
143 1653
143 1654
143 1655
143 1656
144 1657
144 1658
144 1659
144 1660
144 1661
144 1662
144 1663
144 1664
144 1665
145 1666
145 1667
145 1668
145 1669
145 1670
145 1671
145 1672
145 1673
145 1674
146 1675
146 1676
146 1677
146 1678
146 1679
146 1680
146 1681
146 1682
146 1683
147 1684
147 1685
147 1686
147 1687
147 1688
147 1689
147 1690
147 1691
147 1692
148 1693
148 1694
148 1695
148 1696
148 1697
148 1698
148 1699
148 1700
148 1701
149 1702
149 1703
149 1704
149 1705
149 1706
149 1707
149 1708
149 1709
149 1710
150 1711
150 1712
150 1713
150 1714
150 1715
150 1716
150 1717
150 1718
150 1719
151 1720
151 1721
151 1722
151 1723
151 1724
151 1725
151 1726
151 1727
151 1728
152 1729
152 1730
152 1731
152 1732
152 1733
152 1734
152 1735
152 1736
152 1737
153 1738
153 1739
153 1740
153 1741
153 1742
153 1743
153 1744
153 1745
153 1746
154 1747
154 1748
154 1749
154 1750
154 1751
154 1752
154 1753
154 1754
154 1755
155 1756
155 1757
155 1758
155 1759
155 1760
155 1761
155 1762
155 1763
155 1764
156 1765
156 1766
156 1767
156 1768
156 1769
156 1770
156 1771
156 1772
156 1773
157 1774
157 1775
157 1776
157 1777
157 1778
157 1779
157 1780
157 1781
157 1782
158 1783
158 1784
158 1785
158 1786
158 1787
158 1788
158 1789
158 1790
158 1791
159 1792
159 1793
159 1794
159 1795
159 1796
159 1797
159 1798
159 1799
159 1800
160 1801
160 1802
160 1803
160 1804
160 1805
160 1806
160 1807
160 1808
160 1809
161 1810
161 1811
161 1812
161 1813
161 1814
161 1815
161 1816
161 1817
161 1818
162 1819
162 1820
162 1821
162 1822
162 1823
162 1824
162 1825
162 1826
162 1827
163 1828
163 1829
163 1830
163 1831
163 1832
163 1833
163 1834
163 1835
163 1836
164 1837
164 1838
164 1839
164 1840
164 1841
164 1842
164 1843
164 1844
164 1845
165 1846
165 1847
165 1848
165 1849
165 1850
165 1851
165 1852
165 1853
165 1854
166 1855
166 1856
166 1857
166 1858
166 1859
166 1860
166 1861
166 1862
166 1863
167 1864
167 1865
167 1866
167 1867
167 1868
167 1869
167 1870
167 1871
167 1872
168 1873
168 1874
168 1875
168 1876
168 1877
168 1878
168 1879
168 1880
168 1881
169 1882
169 1883
169 1884
169 1885
169 1886
169 1887
169 1888
169 1889
169 1890
170 1891
170 1892
170 1893
170 1894
170 1895
170 1896
170 1897
170 1898
170 1899
171 1900
171 1901
171 1902
171 1903
171 1904
171 1905
171 1906
171 1907
171 1908
172 1909
172 1910
172 1911
172 1912
172 1913
172 1914
172 1915
172 1916
172 1917
173 1918
173 1919
173 1920
173 1921
173 1922
173 1923
173 1924
173 1925
173 1926
174 1927
174 1928
174 1929
174 1930
174 1931
174 1932
174 1933
174 1934
174 1935
175 1936
175 1937
175 1938
175 1939
175 1940
175 1941
175 1942
175 1943
175 1944
176 1945
176 1946
176 1947
176 1948
176 1949
176 1950
176 1951
176 1952
176 1953
177 1954
177 1955
177 1956
177 1957
177 1958
177 1959
177 1960
177 1961
177 1962
178 1963
178 1964
178 1965
178 1966
178 1967
178 1968
178 1969
178 1970
178 1971
179 1972
179 1973
179 1974
179 1975
179 1976
179 1977
179 1978
179 1979
179 1980
180 1981
180 1982
180 1983
180 1984
180 1985
180 1986
180 1987
180 1988
180 1989
181 1990
181 1991
181 1992
181 1993
181 1994
181 1995
181 1996
181 1997
181 1998
182 1999
182 2000
182 2001
182 2002
182 2003
182 2004
182 2005
182 2006
182 2007
183 2008
183 2009
183 2010
183 2011
183 2012
183 2013
183 2014
183 2015
183 2016
184 2017
184 2018
184 2019
184 2020
184 2021
184 2022
184 2023
184 2024
184 2025
185 2026
185 2027
185 2028
185 2029
185 2030
185 2031
185 2032
185 2033
185 2034
186 2035
186 2036
186 2037
186 2038
186 2039
186 2040
186 2041
186 2042
186 2043
187 2044
187 2045
187 2046
187 2047
187 2048
187 2049
187 2050
187 2051
187 2052
188 2053
188 2054
188 2055
188 2056
188 2057
188 2058
188 2059
188 2060
188 2061
189 2062
189 2063
189 2064
189 2065
189 2066
189 2067
189 2068
189 2069
189 2070
190 2071
190 2072
190 2073
190 2074
190 2075
190 2076
190 2077
190 2078
190 2079
191 2080
191 2081
191 2082
191 2083
191 2084
191 2085
191 2086
191 2087
191 2088
192 2089
192 2090
192 2091
192 2092
192 2093
192 2094
192 2095
192 2096
192 2097
193 2098
193 2099
193 2100
193 2101
193 2102
193 2103
193 2104
193 2105
193 2106
194 2107
194 2108
194 2109
194 2110
194 2111
194 2112
194 2113
194 2114
194 2115
195 2116
195 2117
195 2118
195 2119
195 2120
195 2121
195 2122
195 2123
195 2124
196 2125
196 2126
196 2127
196 2128
196 2129
196 2130
196 2131
196 2132
196 2133
197 2134
197 2135
197 2136
197 2137
197 2138
197 2139
197 2140
197 2141
197 2142
198 2143
198 2144
198 2145
198 2146
198 2147
198 2148
198 2149
198 2150
198 2151
199 2152
199 2153
199 2154
199 2155
199 2156
199 2157
199 2158
199 2159
199 2160
200 2161
200 2162
200 2163
200 2164
200 2165
200 2166
200 2167
200 2168
200 2169
201 2170
201 2171
201 2172
201 2173
201 2174
201 2175
201 2176
201 2177
201 2178
202 2179
202 2180
202 2181
202 2182
202 2183
202 2184
202 2185
202 2186
202 2187
203 2188
203 2189
203 2190
203 2191
203 2192
203 2193
203 2194
203 2195
203 2196
204 2197
204 2198
204 2199
204 2200
204 2201
204 2202
204 2203
204 2204
204 2205
205 2206
205 2207
205 2208
205 2209
205 2210
205 2211
205 2212
205 2213
205 2214
206 2215
206 2216
206 2217
206 2218
206 2219
206 2220
206 2221
206 2222
206 2223
207 2224
207 2225
207 2226
207 2227
207 2228
207 2229
207 2230
207 2231
207 2232
208 2233
208 2234
208 2235
208 2236
208 2237
208 2238
208 2239
208 2240
208 2241
209 2242
209 2243
209 2244
209 2245
209 2246
209 2247
209 2248
209 2249
209 2250
210 2251
210 2252
210 2253
210 2254
210 2255
210 2256
210 2257
210 2258
210 2259
211 2260
211 2261
211 2262
211 2263
211 2264
211 2265
211 2266
211 2267
211 2268
212 2269
212 2270
212 2271
212 2272
212 2273
212 2274
212 2275
212 2276
212 2277
213 2278
213 2279
213 2280
213 2281
213 2282
213 2283
213 2284
213 2285
213 2286
214 2287
214 2288
214 2289
214 2290
214 2291
214 2292
214 2293
214 2294
214 2295
215 2296
215 2297
215 2298
215 2299
215 2300
215 2301
215 2302
215 2303
215 2304
216 2305
216 2306
216 2307
216 2308
216 2309
216 2310
216 2311
216 2312
216 2313
217 2314
217 2315
217 2316
217 2317
217 2318
217 2319
217 2320
217 2321
217 2322
218 2323
218 2324
218 2325
218 2326
218 2327
218 2328
218 2329
218 2330
218 2331
219 2332
219 2333
219 2334
219 2335
219 2336
219 2337
219 2338
219 2339
219 2340
220 2341
220 2342
220 2343
220 2344
220 2345
220 2346
220 2347
220 2348
220 2349
221 2350
221 2351
221 2352
221 2353
221 2354
221 2355
221 2356
221 2357
221 2358
222 2359
222 2360
222 2361
222 2362
222 2363
222 2364
222 2365
222 2366
222 2367
223 2368
223 2369
223 2370
223 2371
223 2372
223 2373
223 2374
223 2375
223 2376
224 2377
224 2378
224 2379
224 2380
224 2381
224 2382
224 2383
224 2384
224 2385
225 2386
225 2387
225 2388
225 2389
225 2390
225 2391
225 2392
225 2393
225 2394
226 2395
226 2396
226 2397
226 2398
226 2399
226 2400
226 2401
226 2402
226 2403
227 2404
227 2405
227 2406
227 2407
227 2408
227 2409
227 2410
227 2411
227 2412
228 2413
228 2414
228 2415
228 2416
228 2417
228 2418
228 2419
228 2420
228 2421
229 2422
229 2423
229 2424
229 2425
229 2426
229 2427
229 2428
229 2429
229 2430
230 2431
230 2432
230 2433
230 2434
230 2435
230 2436
230 2437
230 2438
230 2439
231 2440
231 2441
231 2442
231 2443
231 2444
231 2445
231 2446
231 2447
231 2448
232 2449
232 2450
232 2451
232 2452
232 2453
232 2454
232 2455
232 2456
232 2457
233 2458
233 2459
233 2460
233 2461
233 2462
233 2463
233 2464
233 2465
233 2466
234 2467
234 2468
234 2469
234 2470
234 2471
234 2472
234 2473
234 2474
234 2475
235 2476
235 2477
235 2478
235 2479
235 2480
235 2481
235 2482
235 2483
235 2484
236 2485
236 2486
236 2487
236 2488
236 2489
236 2490
236 2491
236 2492
236 2493
237 2494
237 2495
237 2496
237 2497
237 2498
237 2499
237 2500
237 2501
237 2502
238 2503
238 2504
238 2505
238 2506
238 2507
238 2508
238 2509
238 2510
238 2511
239 2512
239 2513
239 2514
239 2515
239 2516
239 2517
239 2518
239 2519
239 2520
240 2521
240 2522
240 2523
240 2524
240 2525
240 2526
240 2527
240 2528
240 2529
241 2530
241 2531
241 2532
241 2533
241 2534
241 2535
241 2536
241 2537
241 2538
242 2539
242 2540
242 2541
242 2542
242 2543
242 2544
242 2545
242 2546
242 2547
243 2548
243 2549
243 2550
243 2551
243 2552
243 2553
243 2554
243 2555
243 2556
244 2557
244 2558
244 2559
244 2560
244 2561
244 2562
244 2563
244 2564
244 2565
245 2566
245 2567
245 2568
245 2569
245 2570
245 2571
245 2572
245 2573
245 2574
246 2575
246 2576
246 2577
246 2578
246 2579
246 2580
246 2581
246 2582
246 2583
247 2584
247 2585
247 2586
247 2587
247 2588
247 2589
247 2590
247 2591
247 2592
248 2593
248 2594
248 2595
248 2596
248 2597
248 2598
248 2599
248 2600
248 2601
249 2602
249 2603
249 2604
249 2605
249 2606
249 2607
249 2608
249 2609
249 2610
250 2611
250 2612
250 2613
250 2614
250 2615
250 2616
250 2617
250 2618
250 2619
251 2620
251 2621
251 2622
251 2623
251 2624
251 2625
251 2626
251 2627
251 2628
252 2629
252 2630
252 2631
252 2632
252 2633
252 2634
252 2635
252 2636
252 2637
253 2638
253 2639
253 2640
253 2641
253 2642
253 2643
253 2644
253 2645
253 2646
254 2647
254 2648
254 2649
254 2650
254 2651
254 2652
254 2653
254 2654
254 2655
255 2656
255 2657
255 2658
255 2659
255 2660
255 2661
255 2662
255 2663
255 2664
256 2665
256 2666
256 2667
256 2668
256 2669
256 2670
256 2671
256 2672
256 2673
257 2674
257 2675
257 2676
257 2677
257 2678
257 2679
257 2680
257 2681
257 2682
258 2683
258 2684
258 2685
258 2686
258 2687
258 2688
258 2689
258 2690
258 2691
259 2692
259 2693
259 2694
259 2695
259 2696
259 2697
259 2698
259 2699
259 2700
260 2701
260 2702
260 2703
260 2704
260 2705
260 2706
260 2707
260 2708
260 2709
261 2710
261 2711
261 2712
261 2713
261 2714
261 2715
261 2716
261 2717
261 2718
262 2719
262 2720
262 2721
262 2722
262 2723
262 2724
262 2725
262 2726
262 2727
263 2728
263 2729
263 2730
263 2731
263 2732
263 2733
263 2734
263 2735
263 2736
264 2737
264 2738
264 2739
264 2740
264 2741
264 2742
264 2743
264 2744
264 2745
265 2746
265 2747
265 2748
265 2749
265 2750
265 2751
265 2752
265 2753
265 2754
266 2755
266 2756
266 2757
266 2758
266 2759
266 2760
266 2761
266 2762
266 2763
267 2764
267 2765
267 2766
267 2767
267 2768
267 2769
267 2770
267 2771
267 2772
268 2773
268 2774
268 2775
268 2776
268 2777
268 2778
268 2779
268 2780
268 2781
269 2782
269 2783
269 2784
269 2785
269 2786
269 2787
269 2788
269 2789
269 2790
270 2791
270 2792
270 2793
270 2794
270 2795
270 2796
270 2797
270 2798
270 2799
271 2800
271 2801
271 2802
271 2803
271 2804
271 2805
271 2806
271 2807
271 2808
272 2809
272 2810
272 2811
272 2812
272 2813
272 2814
272 2815
272 2816
272 2817
273 2818
273 2819
273 2820
273 2821
273 2822
273 2823
273 2824
273 2825
273 2826
274 2827
274 2828
274 2829
274 2830
274 2831
274 2832
274 2833
274 2834
274 2835
275 2836
275 2837
275 2838
275 2839
275 2840
275 2841
275 2842
275 2843
275 2844
276 2845
276 2846
276 2847
276 2848
276 2849
276 2850
276 2851
276 2852
276 2853
277 2854
277 2855
277 2856
277 2857
277 2858
277 2859
277 2860
277 2861
277 2862
278 2863
278 2864
278 2865
278 2866
278 2867
278 2868
278 2869
278 2870
278 2871
279 2872
279 2873
279 2874
279 2875
279 2876
279 2877
279 2878
279 2879
279 2880
280 2881
280 2882
280 2883
280 2884
280 2885
280 2886
280 2887
280 2888
280 2889
281 2890
281 2891
281 2892
281 2893
281 2894
281 2895
281 2896
281 2897
281 2898
282 2899
282 2900
282 2901
282 2902
282 2903
282 2904
282 2905
282 2906
282 2907
283 2908
283 2909
283 2910
283 2911
283 2912
283 2913
283 2914
283 2915
283 2916
284 2917
284 2918
284 2919
284 2920
284 2921
284 2922
284 2923
284 2924
284 2925
285 2926
285 2927
285 2928
285 2929
285 2930
285 2931
285 2932
285 2933
285 2934
286 2935
286 2936
286 2937
286 2938
286 2939
286 2940
286 2941
286 2942
286 2943
287 2944
287 2945
287 2946
287 2947
287 2948
287 2949
287 2950
287 2951
287 2952
288 2953
288 2954
288 2955
288 2956
288 2957
288 2958
288 2959
288 2960
288 2961
289 2962
289 2963
289 2964
289 2965
289 2966
289 2967
289 2968
289 2969
289 2970
290 2971
290 2972
290 2973
290 2974
290 2975
290 2976
290 2977
290 2978
290 2979
291 2980
291 2981
291 2982
291 2983
291 2984
291 2985
291 2986
291 2987
291 2988
292 2989
292 2990
292 2991
292 2992
292 2993
292 2994
292 2995
292 2996
292 2997
293 2998
293 2999
293 3000
293 3001
293 3002
293 3003
293 3004
293 3005
293 3006
294 3007
294 3008
294 3009
294 3010
294 3011
294 3012
294 3013
294 3014
294 3015
295 3016
295 3017
295 3018
295 3019
295 3020
295 3021
295 3022
295 3023
295 3024
296 3025
296 3026
296 3027
296 3028
296 3029
296 3030
296 3031
296 3032
296 3033
297 3034
297 3035
297 3036
297 3037
297 3038
297 3039
297 3040
297 3041
297 3042
298 3043
298 3044
298 3045
298 3046
298 3047
298 3048
298 3049
298 3050
298 3051
299 3052
299 3053
299 3054
299 3055
299 3056
299 3057
299 3058
299 3059
299 3060
300 3061
300 3062
300 3063
300 3064
300 3065
300 3066
300 3067
300 3068
300 3069
301 3070
301 3071
301 3072
301 3073
301 3074
301 3075
301 3076
301 3077
301 3078
302 3079
302 3080
302 3081
302 3082
302 3083
302 3084
302 3085
302 3086
302 3087
303 3088
303 3089
303 3090
303 3091
303 3092
303 3093
303 3094
303 3095
303 3096
304 3097
304 3098
304 3099
304 3100
304 3101
304 3102
304 3103
304 3104
304 3105
305 3106
305 3107
305 3108
305 3109
305 3110
305 3111
305 3112
305 3113
305 3114
306 3115
306 3116
306 3117
306 3118
306 3119
306 3120
306 3121
306 3122
306 3123
307 3124
307 3125
307 3126
307 3127
307 3128
307 3129
307 3130
307 3131
307 3132
308 3133
308 3134
308 3135
308 3136
308 3137
308 3138
308 3139
308 3140
308 3141
309 3142
309 3143
309 3144
309 3145
309 3146
309 3147
309 3148
309 3149
309 3150
310 3151
310 3152
310 3153
310 3154
310 3155
310 3156
310 3157
310 3158
310 3159
311 3160
311 3161
311 3162
311 3163
311 3164
311 3165
311 3166
311 3167
311 3168
312 3169
312 3170
312 3171
312 3172
312 3173
312 3174
312 3175
312 3176
312 3177
313 3178
313 3179
313 3180
313 3181
313 3182
313 3183
313 3184
313 3185
313 3186
314 3187
314 3188
314 3189
314 3190
314 3191
314 3192
314 3193
314 3194
314 3195
315 3196
315 3197
315 3198
315 3199
315 3200
315 3201
315 3202
315 3203
315 3204
316 3205
316 3206
316 3207
316 3208
316 3209
316 3210
316 3211
316 3212
316 3213
317 3214
317 3215
317 3216
317 3217
317 3218
317 3219
317 3220
317 3221
317 3222
318 3223
318 3224
318 3225
318 3226
318 3227
318 3228
318 3229
318 3230
318 3231
319 3232
319 3233
319 3234
319 3235
319 3236
319 3237
319 3238
319 3239
319 3240
320 3241
320 3242
320 3243
320 3244
320 3245
320 3246
320 3247
320 3248
320 3249
321 3250
321 3251
321 3252
321 3253
321 3254
321 3255
321 3256
321 3257
321 3258
322 3259
322 3260
322 3261
322 3262
322 3263
322 3264
322 3265
322 3266
322 3267
323 3268
323 3269
323 3270
323 3271
323 3272
323 3273
323 3274
323 3275
323 3276
324 3277
324 3278
324 3279
324 3280
324 3281
324 3282
324 3283
324 3284
324 3285
325 3286
325 3287
325 3288
325 3289
325 3290
325 3291
325 3292
325 3293
325 3294
326 3295
326 3296
326 3297
326 3298
326 3299
326 3300
326 3301
326 3302
326 3303
327 3304
327 3305
327 3306
327 3307
327 3308
327 3309
327 3310
327 3311
327 3312
328 3313
328 3314
328 3315
328 3316
328 3317
328 3318
328 3319
328 3320
328 3321
329 3322
329 3323
329 3324
329 3325
329 3326
329 3327
329 3328
329 3329
329 3330
330 3331
330 3332
330 3333
330 3334
330 3335
330 3336
330 3337
330 3338
330 3339
331 3340
331 3341
331 3342
331 3343
331 3344
331 3345
331 3346
331 3347
331 3348
332 3349
332 3350
332 3351
332 3352
332 3353
332 3354
332 3355
332 3356
332 3357
333 3358
333 3359
333 3360
333 3361
333 3362
333 3363
333 3364
333 3365
333 3366
334 3367
334 3368
334 3369
334 3370
334 3371
334 3372
334 3373
334 3374
334 3375
335 3376
335 3377
335 3378
335 3379
335 3380
335 3381
335 3382
335 3383
335 3384
336 3385
336 3386
336 3387
336 3388
336 3389
336 3390
336 3391
336 3392
336 3393
337 3394
337 3395
337 3396
337 3397
337 3398
337 3399
337 3400
337 3401
337 3402
338 3403
338 3404
338 3405
338 3406
338 3407
338 3408
338 3409
338 3410
338 3411
339 3412
339 3413
339 3414
339 3415
339 3416
339 3417
339 3418
339 3419
339 3420
340 3421
340 3422
340 3423
340 3424
340 3425
340 3426
340 3427
340 3428
340 3429
341 3430
341 3431
341 3432
341 3433
341 3434
341 3435
341 3436
341 3437
341 3438
342 3439
342 3440
342 3441
342 3442
342 3443
342 3444
342 3445
342 3446
342 3447
343 3448
343 3449
343 3450
343 3451
343 3452
343 3453
343 3454
343 3455
343 3456
344 3457
344 3458
344 3459
344 3460
344 3461
344 3462
344 3463
344 3464
344 3465
345 3466
345 3467
345 3468
345 3469
345 3470
345 3471
345 3472
345 3473
345 3474
346 3475
346 3476
346 3477
346 3478
346 3479
346 3480
346 3481
346 3482
346 3483
347 3484
347 3485
347 3486
347 3487
347 3488
347 3489
347 3490
347 3491
347 3492
348 3493
348 3494
348 3495
348 3496
348 3497
348 3498
348 3499
348 3500
348 3501
349 3502
349 3503
349 3504
349 3505
349 3506
349 3507
349 3508
349 3509
349 3510
350 3511
350 3512
350 3513
350 3514
350 3515
350 3516
350 3517
350 3518
350 3519
351 3520
351 3521
351 3522
351 3523
351 3524
351 3525
351 3526
351 3527
351 3528
352 3529
352 3530
352 3531
352 3532
352 3533
352 3534
352 3535
352 3536
352 3537
353 3538
353 3539
353 3540
353 3541
353 3542
353 3543
353 3544
353 3545
353 3546
354 3547
354 3548
354 3549
354 3550
354 3551
354 3552
354 3553
354 3554
354 3555
355 3556
355 3557
355 3558
355 3559
355 3560
355 3561
355 3562
355 3563
355 3564
356 3565
356 3566
356 3567
356 3568
356 3569
356 3570
356 3571
356 3572
356 3573
357 3574
357 3575
357 3576
357 3577
357 3578
357 3579
357 3580
357 3581
357 3582
358 3583
358 3584
358 3585
358 3586
358 3587
358 3588
358 3589
358 3590
358 3591
359 3592
359 3593
359 3594
359 3595
359 3596
359 3597
359 3598
359 3599
359 3600
360 3601
360 3602
360 3603
360 3604
360 3605
360 3606
360 3607
360 3608
360 3609
