0 168
0 211
0 276
0 280
0 26
0 189
0 30
0 191
1 225
1 4
1 101
1 279
1 168
1 41
1 220
1 14
2 200
2 130
2 40
2 199
2 120
2 103
2 45
2 270
3 66
3 195
3 20
3 243
3 104
3 137
3 250
3 173
4 209
4 20
4 69
4 230
4 186
4 279
4 60
5 272
5 240
5 130
5 164
5 229
5 44
5 237
5 111
6 19
6 104
6 242
6 195
6 231
6 280
6 112
6 43
7 49
7 280
7 213
7 279
7 56
7 109
7 142
7 191
8 19
8 229
8 22
8 69
8 92
8 21
8 14
8 181
9 112
9 224
9 104
9 249
9 42
9 268
9 237
9 78
10 229
10 129
10 67
10 37
10 33
10 216
10 46
10 165
11 81
11 98
11 59
11 213
11 22
11 239
11 157
11 63
12 224
12 273
12 82
12 260
12 181
12 177
12 56
12 44
13 224
13 53
13 37
13 247
13 105
13 143
13 45
13 101
14 240
14 83
14 123
14 268
14 223
14 111
15 224
15 129
15 258
15 260
15 252
15 63
15 124
15 255
16 113
16 67
16 139
16 214
16 227
16 155
16 140
16 174
17 131
17 148
17 53
17 56
17 202
17 79
17 125
17 191
18 66
18 243
18 117
18 250
18 108
18 122
18 222
18 239
19 225
19 91
19 197
19 215
19 105
19 267
20 34
20 163
20 37
20 232
20 121
20 228
21 112
21 48
21 194
21 275
21 136
21 73
21 61
22 40
22 187
22 23
22 88
22 58
22 269
23 96
23 241
23 212
23 105
23 41
23 269
23 254
24 225
24 162
24 55
24 89
24 155
24 125
24 270
24 93
25 99
25 182
25 202
25 123
25 60
25 173
25 94
25 175
26 96
26 261
26 120
26 43
26 29
26 77
26 101
27 209
27 170
27 106
27 159
27 156
27 205
27 46
27 239
28 180
28 227
28 228
28 213
28 119
28 276
28 123
28 135
29 259
29 70
29 232
29 121
29 138
29 43
29 141
30 64
30 133
30 247
30 145
30 128
30 109
30 110
31 128
31 32
31 240
31 132
31 38
31 251
31 125
31 173
32 50
32 148
32 229
32 214
32 232
32 73
32 106
33 177
33 149
33 262
33 273
33 202
33 125
33 255
34 68
34 262
34 119
34 88
34 121
34 60
34 93
35 168
35 258
35 165
35 185
35 152
35 89
35 250
35 158
36 240
36 177
36 75
36 51
36 187
36 144
36 91
36 190
37 96
37 169
37 72
37 244
37 139
38 259
38 245
38 134
38 248
38 201
38 255
38 181
39 97
39 194
39 259
39 164
39 213
39 195
39 151
39 201
40 226
40 71
40 266
40 75
40 138
40 206
41 243
41 276
41 102
41 186
41 107
41 125
42 274
42 214
42 231
42 72
42 122
42 55
42 173
43 177
43 85
43 230
43 251
43 156
44 257
44 85
44 81
44 170
44 75
44 206
45 67
45 53
45 166
45 59
45 140
45 130
46 80
46 256
46 179
46 116
46 264
46 202
47 113
47 212
47 245
47 201
47 90
47 127
47 170
47 197
48 260
48 55
48 265
48 234
48 107
48 141
48 79
49 177
49 116
49 229
49 183
49 180
49 268
49 190
50 209
50 83
50 155
50 263
50 151
50 91
50 157
51 209
51 116
51 277
51 169
51 75
51 190
51 117
52 176
52 66
52 211
52 277
52 278
52 105
52 156
52 223
53 213
53 97
53 234
53 77
53 62
54 192
54 258
54 148
54 247
54 152
54 90
54 236
54 237
55 195
55 196
55 102
55 72
55 207
56 76
56 165
56 153
56 257
56 190
57 112
57 128
57 227
57 230
57 103
57 201
57 217
57 271
58 274
58 276
58 182
58 218
58 170
58 252
58 106
59 131
59 182
59 95
59 203
59 252
59 93
60 192
60 171
60 74
60 187
60 124
61 241
61 258
61 90
61 255
61 130
61 270
61 111
62 120
62 162
62 68
62 210
62 154
62 171
62 114
63 81
63 98
63 259
63 199
63 189
63 111
64 65
64 82
64 83
64 180
64 151
64 251
64 220
65 196
65 236
65 153
65 264
65 188
65 92
65 174
66 193
66 115
66 149
66 171
66 238
67 129
67 147
67 243
67 183
67 88
68 193
68 89
68 226
68 234
68 194
68 206
69 258
69 99
69 103
69 123
69 76
69 191
70 160
70 82
70 163
70 178
70 88
70 249
70 125
71 193
71 130
71 131
71 165
71 241
71 161
71 74
72 193
72 225
72 191
72 216
72 143
73 193
73 178
73 218
73 139
73 222
73 181
74 144
74 228
74 244
74 278
74 169
74 159
75 96
75 182
75 169
75 79
76 128
76 132
76 86
76 136
76 238
76 277
77 114
77 262
77 200
77 267
77 205
77 223
78 97
78 261
78 149
78 215
78 207
78 140
78 277
79 261
79 89
79 217
79 221
79 126
80 212
80 238
80 214
80 168
80 154
80 252
80 223
81 99
81 132
81 229
81 231
81 174
82 160
82 146
82 83
82 252
82 115
83 275
83 135
83 217
83 143
84 161
84 242
84 115
84 244
84 119
84 95
84 140
84 271
85 91
85 228
85 200
85 138
85 204
85 110
86 208
86 278
86 263
86 188
86 234
86 254
86 191
87 128
87 115
87 242
87 227
87 133
87 248
87 249
87 146
88 209
88 219
88 252
88 237
89 112
89 262
89 151
89 155
90 272
90 146
90 147
90 169
90 91
91 100
91 151
91 259
92 131
92 147
92 265
92 95
92 238
92 239
93 224
93 186
93 204
93 175
93 207
94 259
94 227
94 202
94 235
94 252
94 234
94 159
95 180
95 134
95 216
95 265
95 174
96 182
96 233
96 269
96 191
97 114
97 165
97 102
97 173
97 197
98 144
98 129
98 178
98 107
98 118
98 253
99 100
99 165
99 262
99 216
99 170
100 224
100 119
100 184
100 199
100 252
100 158
101 278
101 170
101 218
101 121
101 237
102 132
102 198
102 184
102 186
102 235
103 160
103 275
103 228
103 262
103 142
104 224
104 160
104 171
104 225
104 139
105 161
105 158
105 121
105 222
106 240
106 208
106 133
106 183
106 165
107 226
107 114
107 186
107 159
107 207
108 196
108 149
108 246
108 183
108 185
108 140
108 205
109 230
109 232
109 169
109 154
109 263
109 237
110 210
110 279
110 152
110 137
110 188
110 253
111 245
111 260
111 117
111 223
112 275
112 184
112 154
113 257
113 260
113 254
113 220
113 205
113 126
114 164
114 247
114 241
114 267
115 211
115 263
115 264
115 217
116 198
116 231
116 167
116 222
116 239
117 241
117 278
117 232
117 186
117 254
118 200
118 198
118 167
118 152
118 204
118 221
118 206
119 261
119 135
119 158
119 271
120 177
120 214
120 183
120 210
120 270
121 152
121 136
121 205
122 240
122 199
122 235
122 274
122 126
122 175
123 146
123 233
123 138
123 175
124 179
124 227
124 199
124 236
124 173
124 174
125 273
125 178
126 160
126 216
126 137
126 203
126 175
127 146
127 227
127 187
127 246
127 139
127 188
127 130
128 220
128 250
128 171
129 277
129 245
129 207
129 258
130 224
130 137
131 263
131 188
131 181
131 153
132 272
132 167
132 217
132 157
133 161
133 246
133 172
133 174
133 255
134 262
134 139
134 261
134 184
134 267
134 140
135 192
135 149
135 140
135 189
135 206
136 241
136 167
136 216
136 266
136 219
137 208
137 216
137 204
137 172
138 192
138 267
138 228
138 142
139 241
139 218
140 217
141 272
141 227
141 164
141 229
141 182
141 233
142 210
142 277
142 166
142 169
142 213
143 178
143 212
143 168
143 187
143 248
144 214
144 182
144 215
144 253
144 254
145 149
145 154
145 279
145 232
145 266
145 221
145 181
146 147
146 277
146 190
147 209
147 233
147 218
147 251
148 162
148 203
148 235
148 158
148 271
149 244
149 190
150 256
150 219
150 185
150 249
150 200
150 233
150 155
150 158
151 245
151 231
151 171
152 176
152 273
152 250
153 212
153 235
153 195
153 200
153 279
154 257
154 198
154 172
155 161
155 250
155 222
156 161
156 243
156 232
156 253
156 254
157 273
157 163
157 280
157 172
157 189
158 275
158 261
159 276
159 220
159 269
159 175
160 210
160 215
160 269
161 186
161 245
162 264
162 196
162 234
162 251
162 170
163 177
163 166
163 228
163 266
163 190
164 178
164 247
164 274
164 175
165 236
166 205
166 263
166 201
166 188
166 271
167 264
167 226
167 172
167 204
168 197
168 185
168 236
169 193
170 271
171 273
171 244
172 274
172 179
172 221
173 193
173 249
174 185
174 218
175 268
176 192
176 248
176 185
176 268
176 189
176 280
177 238
178 231
178 221
179 213
179 246
179 263
179 233
179 207
180 196
180 249
180 265
180 251
181 235
181 254
182 247
183 208
183 197
183 243
184 248
184 202
184 204
184 191
185 258
185 198
186 229
187 210
187 275
187 245
188 275
188 267
189 226
189 273
189 270
190 215
192 257
192 209
192 256
193 254
194 208
194 257
194 263
194 200
194 225
195 230
195 205
195 223
196 278
196 238
196 239
197 242
197 199
197 259
198 279
198 234
198 250
199 256
199 205
200 255
201 274
201 253
201 206
202 211
202 244
203 274
203 211
203 276
203 265
203 236
204 248
204 206
206 221
207 260
207 248
208 212
208 268
208 239
209 218
210 230
210 268
211 235
211 217
211 239
212 244
212 220
213 261
214 236
214 269
215 280
215 236
215 221
216 235
217 219
218 240
219 242
219 262
219 269
219 237
220 261
220 264
221 244
222 243
222 266
222 234
223 264
223 271
225 272
225 265
226 256
226 257
226 260
228 256
230 242
230 270
231 272
231 270
232 256
233 249
233 268
237 278
238 246
238 266
240 246
241 251
242 246
242 255
243 280
245 269
246 251
247 266
247 253
248 256
249 264
250 271
253 275
253 260
255 266
257 267
258 272
259 277
265 274
265 279
267 276
270 276
272 278
273 280
0 281
0 282
0 283
0 284
0 285
0 286
0 287
1 288
1 289
1 290
1 291
1 292
1 293
1 294
2 295
2 296
2 297
2 298
2 299
2 300
2 301
3 302
3 303
3 304
3 305
3 306
3 307
3 308
4 309
4 310
4 311
4 312
4 313
4 314
4 315
5 316
5 317
5 318
5 319
5 320
5 321
5 322
6 323
6 324
6 325
6 326
6 327
6 328
6 329
7 330
7 331
7 332
7 333
7 334
7 335
7 336
8 337
8 338
8 339
8 340
8 341
8 342
8 343
9 344
9 345
9 346
9 347
9 348
9 349
9 350
10 351
10 352
10 353
10 354
10 355
10 356
10 357
11 358
11 359
11 360
11 361
11 362
11 363
11 364
12 365
12 366
12 367
12 368
12 369
12 370
12 371
13 372
13 373
13 374
13 375
13 376
13 377
13 378
14 379
14 380
14 381
14 382
14 383
14 384
14 385
15 386
15 387
15 388
15 389
15 390
15 391
15 392
16 393
16 394
16 395
16 396
16 397
16 398
16 399
17 400
17 401
17 402
17 403
17 404
17 405
17 406
18 407
18 408
18 409
18 410
18 411
18 412
18 413
19 414
19 415
19 416
19 417
19 418
19 419
19 420
20 421
20 422
20 423
20 424
20 425
20 426
20 427
21 428
21 429
21 430
21 431
21 432
21 433
21 434
22 435
22 436
22 437
22 438
22 439
22 440
22 441
23 442
23 443
23 444
23 445
23 446
23 447
23 448
24 449
24 450
24 451
24 452
24 453
24 454
24 455
25 456
25 457
25 458
25 459
25 460
25 461
25 462
26 463
26 464
26 465
26 466
26 467
26 468
26 469
27 470
27 471
27 472
27 473
27 474
27 475
27 476
28 477
28 478
28 479
28 480
28 481
28 482
28 483
29 484
29 485
29 486
29 487
29 488
29 489
29 490
30 491
30 492
30 493
30 494
30 495
30 496
30 497
31 498
31 499
31 500
31 501
31 502
31 503
31 504
32 505
32 506
32 507
32 508
32 509
32 510
32 511
33 512
33 513
33 514
33 515
33 516
33 517
33 518
34 519
34 520
34 521
34 522
34 523
34 524
34 525
35 526
35 527
35 528
35 529
35 530
35 531
35 532
36 533
36 534
36 535
36 536
36 537
36 538
36 539
37 540
37 541
37 542
37 543
37 544
37 545
37 546
38 547
38 548
38 549
38 550
38 551
38 552
38 553
39 554
39 555
39 556
39 557
39 558
39 559
39 560
40 561
40 562
40 563
40 564
40 565
40 566
40 567
41 568
41 569
41 570
41 571
41 572
41 573
41 574
42 575
42 576
42 577
42 578
42 579
42 580
42 581
43 582
43 583
43 584
43 585
43 586
43 587
43 588
44 589
44 590
44 591
44 592
44 593
44 594
44 595
45 596
45 597
45 598
45 599
45 600
45 601
45 602
46 603
46 604
46 605
46 606
46 607
46 608
46 609
47 610
47 611
47 612
47 613
47 614
47 615
47 616
48 617
48 618
48 619
48 620
48 621
48 622
48 623
49 624
49 625
49 626
49 627
49 628
49 629
49 630
50 631
50 632
50 633
50 634
50 635
50 636
50 637
51 638
51 639
51 640
51 641
51 642
51 643
51 644
52 645
52 646
52 647
52 648
52 649
52 650
52 651
53 652
53 653
53 654
53 655
53 656
53 657
53 658
54 659
54 660
54 661
54 662
54 663
54 664
54 665
55 666
55 667
55 668
55 669
55 670
55 671
55 672
56 673
56 674
56 675
56 676
56 677
56 678
56 679
57 680
57 681
57 682
57 683
57 684
57 685
57 686
58 687
58 688
58 689
58 690
58 691
58 692
58 693
59 694
59 695
59 696
59 697
59 698
59 699
59 700
60 701
60 702
60 703
60 704
60 705
60 706
60 707
61 708
61 709
61 710
61 711
61 712
61 713
61 714
62 715
62 716
62 717
62 718
62 719
62 720
62 721
63 722
63 723
63 724
63 725
63 726
63 727
63 728
64 729
64 730
64 731
64 732
64 733
64 734
64 735
65 736
65 737
65 738
65 739
65 740
65 741
65 742
66 743
66 744
66 745
66 746
66 747
66 748
66 749
67 750
67 751
67 752
67 753
67 754
67 755
67 756
68 757
68 758
68 759
68 760
68 761
68 762
68 763
69 764
69 765
69 766
69 767
69 768
69 769
69 770
70 771
70 772
70 773
70 774
70 775
70 776
70 777
71 778
71 779
71 780
71 781
71 782
71 783
71 784
72 785
72 786
72 787
72 788
72 789
72 790
72 791
73 792
73 793
73 794
73 795
73 796
73 797
73 798
74 799
74 800
74 801
74 802
74 803
74 804
74 805
75 806
75 807
75 808
75 809
75 810
75 811
75 812
76 813
76 814
76 815
76 816
76 817
76 818
76 819
77 820
77 821
77 822
77 823
77 824
77 825
77 826
78 827
78 828
78 829
78 830
78 831
78 832
78 833
79 834
79 835
79 836
79 837
79 838
79 839
79 840
80 841
80 842
80 843
80 844
80 845
80 846
80 847
81 848
81 849
81 850
81 851
81 852
81 853
81 854
82 855
82 856
82 857
82 858
82 859
82 860
82 861
83 862
83 863
83 864
83 865
83 866
83 867
83 868
84 869
84 870
84 871
84 872
84 873
84 874
84 875
85 876
85 877
85 878
85 879
85 880
85 881
85 882
86 883
86 884
86 885
86 886
86 887
86 888
86 889
87 890
87 891
87 892
87 893
87 894
87 895
87 896
88 897
88 898
88 899
88 900
88 901
88 902
88 903
89 904
89 905
89 906
89 907
89 908
89 909
89 910
90 911
90 912
90 913
90 914
90 915
90 916
90 917
91 918
91 919
91 920
91 921
91 922
91 923
91 924
92 925
92 926
92 927
92 928
92 929
92 930
92 931
93 932
93 933
93 934
93 935
93 936
93 937
93 938
94 939
94 940
94 941
94 942
94 943
94 944
94 945
95 946
95 947
95 948
95 949
95 950
95 951
95 952
96 953
96 954
96 955
96 956
96 957
96 958
96 959
97 960
97 961
97 962
97 963
97 964
97 965
97 966
98 967
98 968
98 969
98 970
98 971
98 972
98 973
99 974
99 975
99 976
99 977
99 978
99 979
99 980
100 981
100 982
100 983
100 984
100 985
100 986
100 987
101 988
101 989
101 990
101 991
101 992
101 993
101 994
102 995
102 996
102 997
102 998
102 999
102 1000
102 1001
103 1002
103 1003
103 1004
103 1005
103 1006
103 1007
103 1008
104 1009
104 1010
104 1011
104 1012
104 1013
104 1014
104 1015
105 1016
105 1017
105 1018
105 1019
105 1020
105 1021
105 1022
106 1023
106 1024
106 1025
106 1026
106 1027
106 1028
106 1029
107 1030
107 1031
107 1032
107 1033
107 1034
107 1035
107 1036
108 1037
108 1038
108 1039
108 1040
108 1041
108 1042
108 1043
109 1044
109 1045
109 1046
109 1047
109 1048
109 1049
109 1050
110 1051
110 1052
110 1053
110 1054
110 1055
110 1056
110 1057
111 1058
111 1059
111 1060
111 1061
111 1062
111 1063
111 1064
112 1065
112 1066
112 1067
112 1068
112 1069
112 1070
112 1071
113 1072
113 1073
113 1074
113 1075
113 1076
113 1077
113 1078
114 1079
114 1080
114 1081
114 1082
114 1083
114 1084
114 1085
115 1086
115 1087
115 1088
115 1089
115 1090
115 1091
115 1092
116 1093
116 1094
116 1095
116 1096
116 1097
116 1098
116 1099
117 1100
117 1101
117 1102
117 1103
117 1104
117 1105
117 1106
118 1107
118 1108
118 1109
118 1110
118 1111
118 1112
118 1113
119 1114
119 1115
119 1116
119 1117
119 1118
119 1119
119 1120
120 1121
120 1122
120 1123
120 1124
120 1125
120 1126
120 1127
121 1128
121 1129
121 1130
121 1131
121 1132
121 1133
121 1134
122 1135
122 1136
122 1137
122 1138
122 1139
122 1140
122 1141
123 1142
123 1143
123 1144
123 1145
123 1146
123 1147
123 1148
124 1149
124 1150
124 1151
124 1152
124 1153
124 1154
124 1155
125 1156
125 1157
125 1158
125 1159
125 1160
125 1161
125 1162
126 1163
126 1164
126 1165
126 1166
126 1167
126 1168
126 1169
127 1170
127 1171
127 1172
127 1173
127 1174
127 1175
127 1176
128 1177
128 1178
128 1179
128 1180
128 1181
128 1182
128 1183
129 1184
129 1185
129 1186
129 1187
129 1188
129 1189
129 1190
130 1191
130 1192
130 1193
130 1194
130 1195
130 1196
130 1197
131 1198
131 1199
131 1200
131 1201
131 1202
131 1203
131 1204
132 1205
132 1206
132 1207
132 1208
132 1209
132 1210
132 1211
133 1212
133 1213
133 1214
133 1215
133 1216
133 1217
133 1218
134 1219
134 1220
134 1221
134 1222
134 1223
134 1224
134 1225
135 1226
135 1227
135 1228
135 1229
135 1230
135 1231
135 1232
136 1233
136 1234
136 1235
136 1236
136 1237
136 1238
136 1239
137 1240
137 1241
137 1242
137 1243
137 1244
137 1245
137 1246
138 1247
138 1248
138 1249
138 1250
138 1251
138 1252
138 1253
139 1254
139 1255
139 1256
139 1257
139 1258
139 1259
139 1260
140 1261
140 1262
140 1263
140 1264
140 1265
140 1266
140 1267
141 1268
141 1269
141 1270
141 1271
141 1272
141 1273
141 1274
142 1275
142 1276
142 1277
142 1278
142 1279
142 1280
142 1281
143 1282
143 1283
143 1284
143 1285
143 1286
143 1287
143 1288
144 1289
144 1290
144 1291
144 1292
144 1293
144 1294
144 1295
145 1296
145 1297
145 1298
145 1299
145 1300
145 1301
145 1302
146 1303
146 1304
146 1305
146 1306
146 1307
146 1308
146 1309
147 1310
147 1311
147 1312
147 1313
147 1314
147 1315
147 1316
148 1317
148 1318
148 1319
148 1320
148 1321
148 1322
148 1323
149 1324
149 1325
149 1326
149 1327
149 1328
149 1329
149 1330
150 1331
150 1332
150 1333
150 1334
150 1335
150 1336
150 1337
151 1338
151 1339
151 1340
151 1341
151 1342
151 1343
151 1344
152 1345
152 1346
152 1347
152 1348
152 1349
152 1350
152 1351
153 1352
153 1353
153 1354
153 1355
153 1356
153 1357
153 1358
154 1359
154 1360
154 1361
154 1362
154 1363
154 1364
154 1365
155 1366
155 1367
155 1368
155 1369
155 1370
155 1371
155 1372
156 1373
156 1374
156 1375
156 1376
156 1377
156 1378
156 1379
157 1380
157 1381
157 1382
157 1383
157 1384
157 1385
157 1386
158 1387
158 1388
158 1389
158 1390
158 1391
158 1392
158 1393
159 1394
159 1395
159 1396
159 1397
159 1398
159 1399
159 1400
160 1401
160 1402
160 1403
160 1404
160 1405
160 1406
160 1407
161 1408
161 1409
161 1410
161 1411
161 1412
161 1413
161 1414
162 1415
162 1416
162 1417
162 1418
162 1419
162 1420
162 1421
163 1422
163 1423
163 1424
163 1425
163 1426
163 1427
163 1428
164 1429
164 1430
164 1431
164 1432
164 1433
164 1434
164 1435
165 1436
165 1437
165 1438
165 1439
165 1440
165 1441
165 1442
166 1443
166 1444
166 1445
166 1446
166 1447
166 1448
166 1449
167 1450
167 1451
167 1452
167 1453
167 1454
167 1455
167 1456
168 1457
168 1458
168 1459
168 1460
168 1461
168 1462
168 1463
169 1464
169 1465
169 1466
169 1467
169 1468
169 1469
169 1470
170 1471
170 1472
170 1473
170 1474
170 1475
170 1476
170 1477
171 1478
171 1479
171 1480
171 1481
171 1482
171 1483
171 1484
172 1485
172 1486
172 1487
172 1488
172 1489
172 1490
172 1491
173 1492
173 1493
173 1494
173 1495
173 1496
173 1497
173 1498
174 1499
174 1500
174 1501
174 1502
174 1503
174 1504
174 1505
175 1506
175 1507
175 1508
175 1509
175 1510
175 1511
175 1512
176 1513
176 1514
176 1515
176 1516
176 1517
176 1518
176 1519
177 1520
177 1521
177 1522
177 1523
177 1524
177 1525
177 1526
178 1527
178 1528
178 1529
178 1530
178 1531
178 1532
178 1533
179 1534
179 1535
179 1536
179 1537
179 1538
179 1539
179 1540
180 1541
180 1542
180 1543
180 1544
180 1545
180 1546
180 1547
181 1548
181 1549
181 1550
181 1551
181 1552
181 1553
181 1554
182 1555
182 1556
182 1557
182 1558
182 1559
182 1560
182 1561
183 1562
183 1563
183 1564
183 1565
183 1566
183 1567
183 1568
184 1569
184 1570
184 1571
184 1572
184 1573
184 1574
184 1575
185 1576
185 1577
185 1578
185 1579
185 1580
185 1581
185 1582
186 1583
186 1584
186 1585
186 1586
186 1587
186 1588
186 1589
187 1590
187 1591
187 1592
187 1593
187 1594
187 1595
187 1596
188 1597
188 1598
188 1599
188 1600
188 1601
188 1602
188 1603
189 1604
189 1605
189 1606
189 1607
189 1608
189 1609
189 1610
190 1611
190 1612
190 1613
190 1614
190 1615
190 1616
190 1617
191 1618
191 1619
191 1620
191 1621
191 1622
191 1623
191 1624
192 1625
192 1626
192 1627
192 1628
192 1629
192 1630
192 1631
193 1632
193 1633
193 1634
193 1635
193 1636
193 1637
193 1638
194 1639
194 1640
194 1641
194 1642
194 1643
194 1644
194 1645
195 1646
195 1647
195 1648
195 1649
195 1650
195 1651
195 1652
196 1653
196 1654
196 1655
196 1656
196 1657
196 1658
196 1659
197 1660
197 1661
197 1662
197 1663
197 1664
197 1665
197 1666
198 1667
198 1668
198 1669
198 1670
198 1671
198 1672
198 1673
199 1674
199 1675
199 1676
199 1677
199 1678
199 1679
199 1680
200 1681
200 1682
200 1683
200 1684
200 1685
200 1686
200 1687
201 1688
201 1689
201 1690
201 1691
201 1692
201 1693
201 1694
202 1695
202 1696
202 1697
202 1698
202 1699
202 1700
202 1701
203 1702
203 1703
203 1704
203 1705
203 1706
203 1707
203 1708
204 1709
204 1710
204 1711
204 1712
204 1713
204 1714
204 1715
205 1716
205 1717
205 1718
205 1719
205 1720
205 1721
205 1722
206 1723
206 1724
206 1725
206 1726
206 1727
206 1728
206 1729
207 1730
207 1731
207 1732
207 1733
207 1734
207 1735
207 1736
208 1737
208 1738
208 1739
208 1740
208 1741
208 1742
208 1743
209 1744
209 1745
209 1746
209 1747
209 1748
209 1749
209 1750
210 1751
210 1752
210 1753
210 1754
210 1755
210 1756
210 1757
211 1758
211 1759
211 1760
211 1761
211 1762
211 1763
211 1764
212 1765
212 1766
212 1767
212 1768
212 1769
212 1770
212 1771
213 1772
213 1773
213 1774
213 1775
213 1776
213 1777
213 1778
214 1779
214 1780
214 1781
214 1782
214 1783
214 1784
214 1785
215 1786
215 1787
215 1788
215 1789
215 1790
215 1791
215 1792
216 1793
216 1794
216 1795
216 1796
216 1797
216 1798
216 1799
217 1800
217 1801
217 1802
217 1803
217 1804
217 1805
217 1806
218 1807
218 1808
218 1809
218 1810
218 1811
218 1812
218 1813
219 1814
219 1815
219 1816
219 1817
219 1818
219 1819
219 1820
220 1821
220 1822
220 1823
220 1824
220 1825
220 1826
220 1827
221 1828
221 1829
221 1830
221 1831
221 1832
221 1833
221 1834
222 1835
222 1836
222 1837
222 1838
222 1839
222 1840
222 1841
223 1842
223 1843
223 1844
223 1845
223 1846
223 1847
223 1848
224 1849
224 1850
224 1851
224 1852
224 1853
224 1854
224 1855
225 1856
225 1857
225 1858
225 1859
225 1860
225 1861
225 1862
226 1863
226 1864
226 1865
226 1866
226 1867
226 1868
226 1869
227 1870
227 1871
227 1872
227 1873
227 1874
227 1875
227 1876
228 1877
228 1878
228 1879
228 1880
228 1881
228 1882
228 1883
229 1884
229 1885
229 1886
229 1887
229 1888
229 1889
229 1890
230 1891
230 1892
230 1893
230 1894
230 1895
230 1896
230 1897
231 1898
231 1899
231 1900
231 1901
231 1902
231 1903
231 1904
232 1905
232 1906
232 1907
232 1908
232 1909
232 1910
232 1911
233 1912
233 1913
233 1914
233 1915
233 1916
233 1917
233 1918
234 1919
234 1920
234 1921
234 1922
234 1923
234 1924
234 1925
235 1926
235 1927
235 1928
235 1929
235 1930
235 1931
235 1932
236 1933
236 1934
236 1935
236 1936
236 1937
236 1938
236 1939
237 1940
237 1941
237 1942
237 1943
237 1944
237 1945
237 1946
238 1947
238 1948
238 1949
238 1950
238 1951
238 1952
238 1953
239 1954
239 1955
239 1956
239 1957
239 1958
239 1959
239 1960
240 1961
240 1962
240 1963
240 1964
240 1965
240 1966
240 1967
241 1968
241 1969
241 1970
241 1971
241 1972
241 1973
241 1974
242 1975
242 1976
242 1977
242 1978
242 1979
242 1980
242 1981
243 1982
243 1983
243 1984
243 1985
243 1986
243 1987
243 1988
244 1989
244 1990
244 1991
244 1992
244 1993
244 1994
244 1995
245 1996
245 1997
245 1998
245 1999
245 2000
245 2001
245 2002
246 2003
246 2004
246 2005
246 2006
246 2007
246 2008
246 2009
247 2010
247 2011
247 2012
247 2013
247 2014
247 2015
247 2016
248 2017
248 2018
248 2019
248 2020
248 2021
248 2022
248 2023
249 2024
249 2025
249 2026
249 2027
249 2028
249 2029
249 2030
250 2031
250 2032
250 2033
250 2034
250 2035
250 2036
250 2037
251 2038
251 2039
251 2040
251 2041
251 2042
251 2043
251 2044
252 2045
252 2046
252 2047
252 2048
252 2049
252 2050
252 2051
253 2052
253 2053
253 2054
253 2055
253 2056
253 2057
253 2058
254 2059
254 2060
254 2061
254 2062
254 2063
254 2064
254 2065
255 2066
255 2067
255 2068
255 2069
255 2070
255 2071
255 2072
256 2073
256 2074
256 2075
256 2076
256 2077
256 2078
256 2079
257 2080
257 2081
257 2082
257 2083
257 2084
257 2085
257 2086
258 2087
258 2088
258 2089
258 2090
258 2091
258 2092
258 2093
259 2094
259 2095
259 2096
259 2097
259 2098
259 2099
259 2100
260 2101
260 2102
260 2103
260 2104
260 2105
260 2106
260 2107
261 2108
261 2109
261 2110
261 2111
261 2112
261 2113
261 2114
262 2115
262 2116
262 2117
262 2118
262 2119
262 2120
262 2121
263 2122
263 2123
263 2124
263 2125
263 2126
263 2127
263 2128
264 2129
264 2130
264 2131
264 2132
264 2133
264 2134
264 2135
265 2136
265 2137
265 2138
265 2139
265 2140
265 2141
265 2142
266 2143
266 2144
266 2145
266 2146
266 2147
266 2148
266 2149
267 2150
267 2151
267 2152
267 2153
267 2154
267 2155
267 2156
268 2157
268 2158
268 2159
268 2160
268 2161
268 2162
268 2163
269 2164
269 2165
269 2166
269 2167
269 2168
269 2169
269 2170
270 2171
270 2172
270 2173
270 2174
270 2175
270 2176
270 2177
271 2178
271 2179
271 2180
271 2181
271 2182
271 2183
271 2184
272 2185
272 2186
272 2187
272 2188
272 2189
272 2190
272 2191
273 2192
273 2193
273 2194
273 2195
273 2196
273 2197
273 2198
274 2199
274 2200
274 2201
274 2202
274 2203
274 2204
274 2205
275 2206
275 2207
275 2208
275 2209
275 2210
275 2211
275 2212
276 2213
276 2214
276 2215
276 2216
276 2217
276 2218
276 2219
277 2220
277 2221
277 2222
277 2223
277 2224
277 2225
277 2226
278 2227
278 2228
278 2229
278 2230
278 2231
278 2232
278 2233
279 2234
279 2235
279 2236
279 2237
279 2238
279 2239
279 2240
280 2241
280 2242
280 2243
280 2244
280 2245
280 2246
280 2247
