0 3
0 117
0 153
0 139
0 124
0 237
1 210
1 23
1 216
1 138
1 234
1 191
2 225
2 85
2 13
2 61
2 30
2 69
3 193
3 194
3 165
3 25
3 124
4 96
4 177
4 94
4 92
4 126
4 223
5 224
5 225
5 196
5 215
5 121
5 127
6 240
6 179
6 196
6 150
6 74
6 220
7 64
7 152
7 198
7 216
7 89
7 239
8 80
8 98
8 214
8 26
8 107
8 191
9 80
9 214
9 54
9 219
9 92
9 61
10 82
10 115
10 149
10 54
10 83
10 189
11 225
11 162
11 180
11 151
11 152
11 204
12 193
12 34
12 181
12 198
12 167
12 25
13 194
13 117
13 95
13 82
13 61
14 168
14 164
14 225
14 200
14 105
14 216
15 244
15 166
15 23
15 212
15 106
15 79
16 48
16 116
16 53
16 86
16 220
16 182
17 243
17 116
17 85
17 24
17 235
17 181
18 34
18 215
18 202
18 122
18 110
18 223
19 116
19 133
19 166
19 120
19 43
19 76
20 36
20 70
20 25
20 138
20 108
20 63
21 48
21 129
21 140
21 218
21 208
21 111
22 51
22 52
22 87
22 218
22 122
22 239
23 196
23 199
23 105
23 183
24 87
24 28
24 55
24 172
24 77
25 168
25 58
25 188
26 118
26 138
26 155
26 142
26 175
27 32
27 177
27 216
27 204
27 189
27 94
28 37
28 70
28 153
28 139
28 38
29 243
29 73
29 42
29 235
29 220
29 189
30 33
30 163
30 56
30 34
30 207
31 64
31 210
31 84
31 167
31 92
31 140
32 82
32 83
32 147
32 120
32 130
33 134
33 58
33 205
33 174
33 190
34 244
34 151
34 159
35 160
35 176
35 59
35 183
35 91
35 238
36 209
36 99
36 211
36 121
36 139
37 226
37 69
37 58
37 173
37 142
38 169
38 60
38 141
38 222
38 191
39 104
39 229
39 136
39 42
39 94
39 239
40 65
40 163
40 158
40 129
40 124
40 126
41 146
41 116
41 54
41 59
41 205
41 206
42 145
42 54
42 167
42 63
43 146
43 85
43 104
43 121
43 158
44 112
44 49
44 50
44 215
44 200
44 108
45 136
45 147
45 216
45 72
45 168
45 222
46 161
46 228
46 53
46 119
46 137
46 220
47 49
47 227
47 85
47 155
47 76
47 149
48 192
48 98
48 166
48 89
49 96
49 243
49 244
49 74
50 124
50 71
50 204
50 171
50 206
51 241
51 132
51 169
51 92
51 221
52 66
52 237
52 202
52 178
52 130
53 160
53 62
53 206
53 168
54 115
54 55
55 96
55 66
55 148
55 134
56 118
56 232
56 217
56 159
56 223
57 64
57 193
57 233
57 58
57 206
57 127
58 176
58 203
59 212
59 166
59 139
59 109
60 113
60 148
60 65
60 206
60 111
61 80
61 210
61 105
62 128
62 195
62 132
62 137
62 219
63 230
63 135
63 90
63 93
64 192
64 183
64 174
65 97
65 113
65 202
65 76
66 98
66 115
66 122
66 143
67 98
67 131
67 68
67 181
67 70
67 125
68 192
68 224
68 98
68 197
68 234
69 195
69 102
69 119
69 154
70 236
70 215
70 156
71 209
71 87
71 91
71 236
71 158
72 128
72 213
72 230
72 75
72 149
73 208
73 132
73 137
73 155
73 159
74 114
74 148
74 231
74 105
75 165
75 230
75 231
75 222
75 143
76 102
76 135
76 139
77 132
77 166
77 106
77 187
77 79
78 242
78 228
78 231
78 79
78 203
78 207
79 164
79 133
79 217
80 86
80 232
80 203
81 194
81 181
81 207
81 220
81 110
81 111
82 84
82 103
82 169
83 97
83 99
83 140
83 205
84 195
84 151
84 168
84 127
85 167
85 238
86 112
86 231
86 144
86 174
87 146
87 163
87 228
88 192
88 99
88 211
88 217
88 153
88 175
89 240
89 184
89 215
89 94
90 187
90 202
90 107
90 154
90 110
91 150
91 137
91 169
91 205
92 133
92 119
93 113
93 162
93 185
93 170
93 204
94 199
94 234
95 132
95 100
95 169
95 234
95 125
96 211
96 188
96 237
97 195
97 100
97 169
97 107
98 198
99 114
99 136
99 164
100 164
100 200
100 104
100 127
101 113
101 114
101 179
101 213
101 187
101 221
102 227
102 244
102 103
102 158
103 130
103 195
103 201
103 153
104 209
104 182
104 109
105 176
105 164
106 244
106 186
106 219
106 172
107 212
107 228
107 157
108 224
108 210
108 164
108 154
109 181
109 117
109 156
109 213
110 136
110 202
110 242
111 182
111 145
111 188
112 165
112 172
112 237
112 207
113 192
113 140
114 178
114 236
114 149
115 148
115 120
115 221
116 176
116 179
117 182
117 199
117 233
118 144
118 233
118 157
118 142
119 211
119 151
119 171
120 183
120 153
120 236
121 153
121 138
121 141
122 196
122 184
122 138
123 128
123 194
123 133
123 217
123 186
123 126
124 224
124 178
125 161
125 165
125 185
125 191
126 226
126 229
126 214
127 135
127 223
128 129
128 242
128 195
129 160
129 135
129 159
130 144
130 146
130 141
131 212
131 218
131 171
131 188
131 190
132 213
133 155
133 199
134 226
134 238
134 140
134 222
135 230
135 231
136 167
136 139
137 221
137 237
138 187
140 168
141 243
141 197
141 184
142 240
142 180
142 143
143 209
143 214
143 222
144 228
144 180
144 170
145 240
145 227
145 212
145 202
146 148
146 238
147 226
147 243
147 150
147 184
148 238
149 196
149 231
150 179
150 156
150 190
151 209
151 219
152 193
152 203
152 233
152 201
154 187
154 236
154 223
155 244
155 165
156 177
156 211
156 173
157 228
157 185
157 217
157 186
158 180
158 199
159 196
159 191
160 163
160 190
160 223
161 193
161 180
161 201
161 189
162 241
162 182
162 232
162 173
163 197
163 213
165 183
166 205
167 214
170 241
170 229
170 175
170 239
171 180
171 201
171 235
172 230
172 220
172 190
173 227
173 184
173 239
174 227
174 186
174 203
175 209
175 210
175 222
176 199
176 218
177 178
177 198
177 230
178 234
178 204
179 185
179 235
181 192
182 200
183 211
184 242
185 201
185 218
186 198
186 203
187 208
188 212
188 219
189 242
189 215
190 241
191 233
193 224
194 243
194 217
197 210
197 200
197 205
198 216
200 236
201 208
204 226
206 207
207 229
208 219
208 229
213 234
214 225
218 235
221 240
221 232
224 232
225 241
226 237
227 235
229 233
232 239
238 242
240 241
0 245
0 246
0 247
0 248
0 249
0 250
0 251
0 252
1 253
1 254
1 255
1 256
1 257
1 258
1 259
1 260
2 261
2 262
2 263
2 264
2 265
2 266
2 267
2 268
3 269
3 270
3 271
3 272
3 273
3 274
3 275
3 276
4 277
4 278
4 279
4 280
4 281
4 282
4 283
4 284
5 285
5 286
5 287
5 288
5 289
5 290
5 291
5 292
6 293
6 294
6 295
6 296
6 297
6 298
6 299
6 300
7 301
7 302
7 303
7 304
7 305
7 306
7 307
7 308
8 309
8 310
8 311
8 312
8 313
8 314
8 315
8 316
9 317
9 318
9 319
9 320
9 321
9 322
9 323
9 324
10 325
10 326
10 327
10 328
10 329
10 330
10 331
10 332
11 333
11 334
11 335
11 336
11 337
11 338
11 339
11 340
12 341
12 342
12 343
12 344
12 345
12 346
12 347
12 348
13 349
13 350
13 351
13 352
13 353
13 354
13 355
13 356
14 357
14 358
14 359
14 360
14 361
14 362
14 363
14 364
15 365
15 366
15 367
15 368
15 369
15 370
15 371
15 372
16 373
16 374
16 375
16 376
16 377
16 378
16 379
16 380
17 381
17 382
17 383
17 384
17 385
17 386
17 387
17 388
18 389
18 390
18 391
18 392
18 393
18 394
18 395
18 396
19 397
19 398
19 399
19 400
19 401
19 402
19 403
19 404
20 405
20 406
20 407
20 408
20 409
20 410
20 411
20 412
21 413
21 414
21 415
21 416
21 417
21 418
21 419
21 420
22 421
22 422
22 423
22 424
22 425
22 426
22 427
22 428
23 429
23 430
23 431
23 432
23 433
23 434
23 435
23 436
24 437
24 438
24 439
24 440
24 441
24 442
24 443
24 444
25 445
25 446
25 447
25 448
25 449
25 450
25 451
25 452
26 453
26 454
26 455
26 456
26 457
26 458
26 459
26 460
27 461
27 462
27 463
27 464
27 465
27 466
27 467
27 468
28 469
28 470
28 471
28 472
28 473
28 474
28 475
28 476
29 477
29 478
29 479
29 480
29 481
29 482
29 483
29 484
30 485
30 486
30 487
30 488
30 489
30 490
30 491
30 492
31 493
31 494
31 495
31 496
31 497
31 498
31 499
31 500
32 501
32 502
32 503
32 504
32 505
32 506
32 507
32 508
33 509
33 510
33 511
33 512
33 513
33 514
33 515
33 516
34 517
34 518
34 519
34 520
34 521
34 522
34 523
34 524
35 525
35 526
35 527
35 528
35 529
35 530
35 531
35 532
36 533
36 534
36 535
36 536
36 537
36 538
36 539
36 540
37 541
37 542
37 543
37 544
37 545
37 546
37 547
37 548
38 549
38 550
38 551
38 552
38 553
38 554
38 555
38 556
39 557
39 558
39 559
39 560
39 561
39 562
39 563
39 564
40 565
40 566
40 567
40 568
40 569
40 570
40 571
40 572
41 573
41 574
41 575
41 576
41 577
41 578
41 579
41 580
42 581
42 582
42 583
42 584
42 585
42 586
42 587
42 588
43 589
43 590
43 591
43 592
43 593
43 594
43 595
43 596
44 597
44 598
44 599
44 600
44 601
44 602
44 603
44 604
45 605
45 606
45 607
45 608
45 609
45 610
45 611
45 612
46 613
46 614
46 615
46 616
46 617
46 618
46 619
46 620
47 621
47 622
47 623
47 624
47 625
47 626
47 627
47 628
48 629
48 630
48 631
48 632
48 633
48 634
48 635
48 636
49 637
49 638
49 639
49 640
49 641
49 642
49 643
49 644
50 645
50 646
50 647
50 648
50 649
50 650
50 651
50 652
51 653
51 654
51 655
51 656
51 657
51 658
51 659
51 660
52 661
52 662
52 663
52 664
52 665
52 666
52 667
52 668
53 669
53 670
53 671
53 672
53 673
53 674
53 675
53 676
54 677
54 678
54 679
54 680
54 681
54 682
54 683
54 684
55 685
55 686
55 687
55 688
55 689
55 690
55 691
55 692
56 693
56 694
56 695
56 696
56 697
56 698
56 699
56 700
57 701
57 702
57 703
57 704
57 705
57 706
57 707
57 708
58 709
58 710
58 711
58 712
58 713
58 714
58 715
58 716
59 717
59 718
59 719
59 720
59 721
59 722
59 723
59 724
60 725
60 726
60 727
60 728
60 729
60 730
60 731
60 732
61 733
61 734
61 735
61 736
61 737
61 738
61 739
61 740
62 741
62 742
62 743
62 744
62 745
62 746
62 747
62 748
63 749
63 750
63 751
63 752
63 753
63 754
63 755
63 756
64 757
64 758
64 759
64 760
64 761
64 762
64 763
64 764
65 765
65 766
65 767
65 768
65 769
65 770
65 771
65 772
66 773
66 774
66 775
66 776
66 777
66 778
66 779
66 780
67 781
67 782
67 783
67 784
67 785
67 786
67 787
67 788
68 789
68 790
68 791
68 792
68 793
68 794
68 795
68 796
69 797
69 798
69 799
69 800
69 801
69 802
69 803
69 804
70 805
70 806
70 807
70 808
70 809
70 810
70 811
70 812
71 813
71 814
71 815
71 816
71 817
71 818
71 819
71 820
72 821
72 822
72 823
72 824
72 825
72 826
72 827
72 828
73 829
73 830
73 831
73 832
73 833
73 834
73 835
73 836
74 837
74 838
74 839
74 840
74 841
74 842
74 843
74 844
75 845
75 846
75 847
75 848
75 849
75 850
75 851
75 852
76 853
76 854
76 855
76 856
76 857
76 858
76 859
76 860
77 861
77 862
77 863
77 864
77 865
77 866
77 867
77 868
78 869
78 870
78 871
78 872
78 873
78 874
78 875
78 876
79 877
79 878
79 879
79 880
79 881
79 882
79 883
79 884
80 885
80 886
80 887
80 888
80 889
80 890
80 891
80 892
81 893
81 894
81 895
81 896
81 897
81 898
81 899
81 900
82 901
82 902
82 903
82 904
82 905
82 906
82 907
82 908
83 909
83 910
83 911
83 912
83 913
83 914
83 915
83 916
84 917
84 918
84 919
84 920
84 921
84 922
84 923
84 924
85 925
85 926
85 927
85 928
85 929
85 930
85 931
85 932
86 933
86 934
86 935
86 936
86 937
86 938
86 939
86 940
87 941
87 942
87 943
87 944
87 945
87 946
87 947
87 948
88 949
88 950
88 951
88 952
88 953
88 954
88 955
88 956
89 957
89 958
89 959
89 960
89 961
89 962
89 963
89 964
90 965
90 966
90 967
90 968
90 969
90 970
90 971
90 972
91 973
91 974
91 975
91 976
91 977
91 978
91 979
91 980
92 981
92 982
92 983
92 984
92 985
92 986
92 987
92 988
93 989
93 990
93 991
93 992
93 993
93 994
93 995
93 996
94 997
94 998
94 999
94 1000
94 1001
94 1002
94 1003
94 1004
95 1005
95 1006
95 1007
95 1008
95 1009
95 1010
95 1011
95 1012
96 1013
96 1014
96 1015
96 1016
96 1017
96 1018
96 1019
96 1020
97 1021
97 1022
97 1023
97 1024
97 1025
97 1026
97 1027
97 1028
98 1029
98 1030
98 1031
98 1032
98 1033
98 1034
98 1035
98 1036
99 1037
99 1038
99 1039
99 1040
99 1041
99 1042
99 1043
99 1044
100 1045
100 1046
100 1047
100 1048
100 1049
100 1050
100 1051
100 1052
101 1053
101 1054
101 1055
101 1056
101 1057
101 1058
101 1059
101 1060
102 1061
102 1062
102 1063
102 1064
102 1065
102 1066
102 1067
102 1068
103 1069
103 1070
103 1071
103 1072
103 1073
103 1074
103 1075
103 1076
104 1077
104 1078
104 1079
104 1080
104 1081
104 1082
104 1083
104 1084
105 1085
105 1086
105 1087
105 1088
105 1089
105 1090
105 1091
105 1092
106 1093
106 1094
106 1095
106 1096
106 1097
106 1098
106 1099
106 1100
107 1101
107 1102
107 1103
107 1104
107 1105
107 1106
107 1107
107 1108
108 1109
108 1110
108 1111
108 1112
108 1113
108 1114
108 1115
108 1116
109 1117
109 1118
109 1119
109 1120
109 1121
109 1122
109 1123
109 1124
110 1125
110 1126
110 1127
110 1128
110 1129
110 1130
110 1131
110 1132
111 1133
111 1134
111 1135
111 1136
111 1137
111 1138
111 1139
111 1140
112 1141
112 1142
112 1143
112 1144
112 1145
112 1146
112 1147
112 1148
113 1149
113 1150
113 1151
113 1152
113 1153
113 1154
113 1155
113 1156
114 1157
114 1158
114 1159
114 1160
114 1161
114 1162
114 1163
114 1164
115 1165
115 1166
115 1167
115 1168
115 1169
115 1170
115 1171
115 1172
116 1173
116 1174
116 1175
116 1176
116 1177
116 1178
116 1179
116 1180
117 1181
117 1182
117 1183
117 1184
117 1185
117 1186
117 1187
117 1188
118 1189
118 1190
118 1191
118 1192
118 1193
118 1194
118 1195
118 1196
119 1197
119 1198
119 1199
119 1200
119 1201
119 1202
119 1203
119 1204
120 1205
120 1206
120 1207
120 1208
120 1209
120 1210
120 1211
120 1212
121 1213
121 1214
121 1215
121 1216
121 1217
121 1218
121 1219
121 1220
122 1221
122 1222
122 1223
122 1224
122 1225
122 1226
122 1227
122 1228
123 1229
123 1230
123 1231
123 1232
123 1233
123 1234
123 1235
123 1236
124 1237
124 1238
124 1239
124 1240
124 1241
124 1242
124 1243
124 1244
125 1245
125 1246
125 1247
125 1248
125 1249
125 1250
125 1251
125 1252
126 1253
126 1254
126 1255
126 1256
126 1257
126 1258
126 1259
126 1260
127 1261
127 1262
127 1263
127 1264
127 1265
127 1266
127 1267
127 1268
128 1269
128 1270
128 1271
128 1272
128 1273
128 1274
128 1275
128 1276
129 1277
129 1278
129 1279
129 1280
129 1281
129 1282
129 1283
129 1284
130 1285
130 1286
130 1287
130 1288
130 1289
130 1290
130 1291
130 1292
131 1293
131 1294
131 1295
131 1296
131 1297
131 1298
131 1299
131 1300
132 1301
132 1302
132 1303
132 1304
132 1305
132 1306
132 1307
132 1308
133 1309
133 1310
133 1311
133 1312
133 1313
133 1314
133 1315
133 1316
134 1317
134 1318
134 1319
134 1320
134 1321
134 1322
134 1323
134 1324
135 1325
135 1326
135 1327
135 1328
135 1329
135 1330
135 1331
135 1332
136 1333
136 1334
136 1335
136 1336
136 1337
136 1338
136 1339
136 1340
137 1341
137 1342
137 1343
137 1344
137 1345
137 1346
137 1347
137 1348
138 1349
138 1350
138 1351
138 1352
138 1353
138 1354
138 1355
138 1356
139 1357
139 1358
139 1359
139 1360
139 1361
139 1362
139 1363
139 1364
140 1365
140 1366
140 1367
140 1368
140 1369
140 1370
140 1371
140 1372
141 1373
141 1374
141 1375
141 1376
141 1377
141 1378
141 1379
141 1380
142 1381
142 1382
142 1383
142 1384
142 1385
142 1386
142 1387
142 1388
143 1389
143 1390
143 1391
143 1392
143 1393
143 1394
143 1395
143 1396
144 1397
144 1398
144 1399
144 1400
144 1401
144 1402
144 1403
144 1404
145 1405
145 1406
145 1407
145 1408
145 1409
145 1410
145 1411
145 1412
146 1413
146 1414
146 1415
146 1416
146 1417
146 1418
146 1419
146 1420
147 1421
147 1422
147 1423
147 1424
147 1425
147 1426
147 1427
147 1428
148 1429
148 1430
148 1431
148 1432
148 1433
148 1434
148 1435
148 1436
149 1437
149 1438
149 1439
149 1440
149 1441
149 1442
149 1443
149 1444
150 1445
150 1446
150 1447
150 1448
150 1449
150 1450
150 1451
150 1452
151 1453
151 1454
151 1455
151 1456
151 1457
151 1458
151 1459
151 1460
152 1461
152 1462
152 1463
152 1464
152 1465
152 1466
152 1467
152 1468
153 1469
153 1470
153 1471
153 1472
153 1473
153 1474
153 1475
153 1476
154 1477
154 1478
154 1479
154 1480
154 1481
154 1482
154 1483
154 1484
155 1485
155 1486
155 1487
155 1488
155 1489
155 1490
155 1491
155 1492
156 1493
156 1494
156 1495
156 1496
156 1497
156 1498
156 1499
156 1500
157 1501
157 1502
157 1503
157 1504
157 1505
157 1506
157 1507
157 1508
158 1509
158 1510
158 1511
158 1512
158 1513
158 1514
158 1515
158 1516
159 1517
159 1518
159 1519
159 1520
159 1521
159 1522
159 1523
159 1524
160 1525
160 1526
160 1527
160 1528
160 1529
160 1530
160 1531
160 1532
161 1533
161 1534
161 1535
161 1536
161 1537
161 1538
161 1539
161 1540
162 1541
162 1542
162 1543
162 1544
162 1545
162 1546
162 1547
162 1548
163 1549
163 1550
163 1551
163 1552
163 1553
163 1554
163 1555
163 1556
164 1557
164 1558
164 1559
164 1560
164 1561
164 1562
164 1563
164 1564
165 1565
165 1566
165 1567
165 1568
165 1569
165 1570
165 1571
165 1572
166 1573
166 1574
166 1575
166 1576
166 1577
166 1578
166 1579
166 1580
167 1581
167 1582
167 1583
167 1584
167 1585
167 1586
167 1587
167 1588
168 1589
168 1590
168 1591
168 1592
168 1593
168 1594
168 1595
168 1596
169 1597
169 1598
169 1599
169 1600
169 1601
169 1602
169 1603
169 1604
170 1605
170 1606
170 1607
170 1608
170 1609
170 1610
170 1611
170 1612
171 1613
171 1614
171 1615
171 1616
171 1617
171 1618
171 1619
171 1620
172 1621
172 1622
172 1623
172 1624
172 1625
172 1626
172 1627
172 1628
173 1629
173 1630
173 1631
173 1632
173 1633
173 1634
173 1635
173 1636
174 1637
174 1638
174 1639
174 1640
174 1641
174 1642
174 1643
174 1644
175 1645
175 1646
175 1647
175 1648
175 1649
175 1650
175 1651
175 1652
176 1653
176 1654
176 1655
176 1656
176 1657
176 1658
176 1659
176 1660
177 1661
177 1662
177 1663
177 1664
177 1665
177 1666
177 1667
177 1668
178 1669
178 1670
178 1671
178 1672
178 1673
178 1674
178 1675
178 1676
179 1677
179 1678
179 1679
179 1680
179 1681
179 1682
179 1683
179 1684
180 1685
180 1686
180 1687
180 1688
180 1689
180 1690
180 1691
180 1692
181 1693
181 1694
181 1695
181 1696
181 1697
181 1698
181 1699
181 1700
182 1701
182 1702
182 1703
182 1704
182 1705
182 1706
182 1707
182 1708
183 1709
183 1710
183 1711
183 1712
183 1713
183 1714
183 1715
183 1716
184 1717
184 1718
184 1719
184 1720
184 1721
184 1722
184 1723
184 1724
185 1725
185 1726
185 1727
185 1728
185 1729
185 1730
185 1731
185 1732
186 1733
186 1734
186 1735
186 1736
186 1737
186 1738
186 1739
186 1740
187 1741
187 1742
187 1743
187 1744
187 1745
187 1746
187 1747
187 1748
188 1749
188 1750
188 1751
188 1752
188 1753
188 1754
188 1755
188 1756
189 1757
189 1758
189 1759
189 1760
189 1761
189 1762
189 1763
189 1764
190 1765
190 1766
190 1767
190 1768
190 1769
190 1770
190 1771
190 1772
191 1773
191 1774
191 1775
191 1776
191 1777
191 1778
191 1779
191 1780
192 1781
192 1782
192 1783
192 1784
192 1785
192 1786
192 1787
192 1788
193 1789
193 1790
193 1791
193 1792
193 1793
193 1794
193 1795
193 1796
194 1797
194 1798
194 1799
194 1800
194 1801
194 1802
194 1803
194 1804
195 1805
195 1806
195 1807
195 1808
195 1809
195 1810
195 1811
195 1812
196 1813
196 1814
196 1815
196 1816
196 1817
196 1818
196 1819
196 1820
197 1821
197 1822
197 1823
197 1824
197 1825
197 1826
197 1827
197 1828
198 1829
198 1830
198 1831
198 1832
198 1833
198 1834
198 1835
198 1836
199 1837
199 1838
199 1839
199 1840
199 1841
199 1842
199 1843
199 1844
200 1845
200 1846
200 1847
200 1848
200 1849
200 1850
200 1851
200 1852
201 1853
201 1854
201 1855
201 1856
201 1857
201 1858
201 1859
201 1860
202 1861
202 1862
202 1863
202 1864
202 1865
202 1866
202 1867
202 1868
203 1869
203 1870
203 1871
203 1872
203 1873
203 1874
203 1875
203 1876
204 1877
204 1878
204 1879
204 1880
204 1881
204 1882
204 1883
204 1884
205 1885
205 1886
205 1887
205 1888
205 1889
205 1890
205 1891
205 1892
206 1893
206 1894
206 1895
206 1896
206 1897
206 1898
206 1899
206 1900
207 1901
207 1902
207 1903
207 1904
207 1905
207 1906
207 1907
207 1908
208 1909
208 1910
208 1911
208 1912
208 1913
208 1914
208 1915
208 1916
209 1917
209 1918
209 1919
209 1920
209 1921
209 1922
209 1923
209 1924
210 1925
210 1926
210 1927
210 1928
210 1929
210 1930
210 1931
210 1932
211 1933
211 1934
211 1935
211 1936
211 1937
211 1938
211 1939
211 1940
212 1941
212 1942
212 1943
212 1944
212 1945
212 1946
212 1947
212 1948
213 1949
213 1950
213 1951
213 1952
213 1953
213 1954
213 1955
213 1956
214 1957
214 1958
214 1959
214 1960
214 1961
214 1962
214 1963
214 1964
215 1965
215 1966
215 1967
215 1968
215 1969
215 1970
215 1971
215 1972
216 1973
216 1974
216 1975
216 1976
216 1977
216 1978
216 1979
216 1980
217 1981
217 1982
217 1983
217 1984
217 1985
217 1986
217 1987
217 1988
218 1989
218 1990
218 1991
218 1992
218 1993
218 1994
218 1995
218 1996
219 1997
219 1998
219 1999
219 2000
219 2001
219 2002
219 2003
219 2004
220 2005
220 2006
220 2007
220 2008
220 2009
220 2010
220 2011
220 2012
221 2013
221 2014
221 2015
221 2016
221 2017
221 2018
221 2019
221 2020
222 2021
222 2022
222 2023
222 2024
222 2025
222 2026
222 2027
222 2028
223 2029
223 2030
223 2031
223 2032
223 2033
223 2034
223 2035
223 2036
224 2037
224 2038
224 2039
224 2040
224 2041
224 2042
224 2043
224 2044
225 2045
225 2046
225 2047
225 2048
225 2049
225 2050
225 2051
225 2052
226 2053
226 2054
226 2055
226 2056
226 2057
226 2058
226 2059
226 2060
227 2061
227 2062
227 2063
227 2064
227 2065
227 2066
227 2067
227 2068
228 2069
228 2070
228 2071
228 2072
228 2073
228 2074
228 2075
228 2076
229 2077
229 2078
229 2079
229 2080
229 2081
229 2082
229 2083
229 2084
230 2085
230 2086
230 2087
230 2088
230 2089
230 2090
230 2091
230 2092
231 2093
231 2094
231 2095
231 2096
231 2097
231 2098
231 2099
231 2100
232 2101
232 2102
232 2103
232 2104
232 2105
232 2106
232 2107
232 2108
233 2109
233 2110
233 2111
233 2112
233 2113
233 2114
233 2115
233 2116
234 2117
234 2118
234 2119
234 2120
234 2121
234 2122
234 2123
234 2124
235 2125
235 2126
235 2127
235 2128
235 2129
235 2130
235 2131
235 2132
236 2133
236 2134
236 2135
236 2136
236 2137
236 2138
236 2139
236 2140
237 2141
237 2142
237 2143
237 2144
237 2145
237 2146
237 2147
237 2148
238 2149
238 2150
238 2151
238 2152
238 2153
238 2154
238 2155
238 2156
239 2157
239 2158
239 2159
239 2160
239 2161
239 2162
239 2163
239 2164
240 2165
240 2166
240 2167
240 2168
240 2169
240 2170
240 2171
240 2172
241 2173
241 2174
241 2175
241 2176
241 2177
241 2178
241 2179
241 2180
242 2181
242 2182
242 2183
242 2184
242 2185
242 2186
242 2187
242 2188
243 2189
243 2190
243 2191
243 2192
243 2193
243 2194
243 2195
243 2196
244 2197
244 2198
244 2199
244 2200
244 2201
244 2202
244 2203
244 2204
