0 42
0 161
0 418
0 123
0 36
0 294
0 10
0 76
0 269
0 78
0 335
0 157
0 371
0 222
0 475
0 221
0 190
0 415
1 198
1 99
1 292
1 325
1 70
1 455
1 232
1 233
1 79
1 335
1 81
1 274
1 371
1 182
1 472
1 315
1 125
1 211
2 278
2 359
2 227
2 269
2 486
2 167
2 41
2 43
2 237
2 77
2 19
2 9
2 162
2 438
2 407
2 89
2 28
2 415
3 32
3 293
3 422
3 7
3 72
3 460
3 459
3 428
3 210
3 486
3 461
3 433
3 114
3 340
3 406
3 154
3 155
3 126
4 449
4 375
4 6
4 140
4 395
4 76
4 270
4 368
4 177
4 242
4 211
4 404
4 341
4 342
4 23
4 313
4 251
4 117
5 188
5 97
5 203
5 132
5 485
5 220
5 11
5 110
5 143
5 144
5 82
5 403
5 121
5 215
5 409
5 380
5 29
5 325
6 160
6 482
6 264
6 297
6 108
6 413
6 433
6 146
6 243
6 329
6 277
6 23
6 88
6 286
6 92
6 94
6 350
7 65
7 484
7 453
7 8
7 108
7 459
7 204
7 444
7 208
7 305
7 339
7 52
7 297
7 155
7 347
7 252
7 165
8 193
8 435
8 299
8 484
8 325
8 17
8 449
8 74
8 45
8 305
8 178
8 403
8 182
8 408
8 114
8 27
8 221
9 160
9 417
9 419
9 453
9 326
9 64
9 96
9 13
9 14
9 15
9 408
9 52
9 302
9 88
9 429
9 319
9 69
10 65
10 162
10 171
10 260
10 165
10 263
10 156
10 139
10 98
10 273
10 498
10 99
10 254
10 121
10 153
10 92
10 286
11 86
11 196
11 296
11 444
11 453
11 331
11 396
11 173
11 270
11 335
11 497
11 242
11 470
11 216
11 156
11 44
11 69
12 192
12 70
12 391
12 298
12 439
12 403
12 493
12 337
12 13
12 440
12 242
12 339
12 340
12 149
12 215
12 472
12 148
12 277
13 416
13 227
13 164
13 165
13 167
13 136
13 457
13 267
13 268
13 110
13 370
13 180
13 181
13 313
13 59
13 101
14 416
14 123
14 196
14 165
14 486
14 204
14 110
14 334
14 67
14 25
14 366
14 215
14 473
14 378
14 187
14 220
14 253
15 193
15 484
15 294
15 305
15 458
15 78
15 111
15 145
15 388
15 85
15 472
15 441
15 186
15 479
15 312
15 62
15 415
16 214
16 258
16 347
16 423
16 134
16 359
16 468
16 327
16 492
16 237
16 434
16 308
16 406
16 56
16 217
16 155
16 476
16 253
17 66
17 291
17 36
17 327
17 169
17 79
17 363
17 141
17 431
17 464
17 340
17 217
17 436
17 250
17 315
17 476
17 127
18 481
18 290
18 227
18 388
18 262
18 385
18 203
18 207
18 176
18 433
18 402
18 285
18 245
18 248
18 152
18 474
18 199
18 191
19 128
19 417
19 37
19 225
19 360
19 80
19 413
19 368
19 209
19 436
19 405
19 72
19 473
19 475
19 28
19 253
19 30
20 322
20 294
20 292
20 134
20 102
20 497
20 232
20 331
20 173
20 464
20 482
20 178
20 243
20 372
20 87
20 58
20 38
20 159
21 65
21 450
21 387
21 452
21 261
21 266
21 395
21 110
21 399
21 208
21 178
21 451
21 54
21 217
21 121
21 475
21 382
21 421
22 416
22 195
22 484
22 294
22 233
22 107
22 396
22 109
22 317
22 496
22 440
22 212
22 374
22 216
22 313
22 29
22 190
22 95
23 425
23 290
23 121
23 198
23 231
23 329
23 258
23 395
23 322
23 499
23 340
23 73
23 343
23 281
23 218
23 191
24 97
24 419
24 278
24 232
24 299
24 140
24 301
24 78
24 336
24 337
24 83
24 180
24 174
24 150
24 247
24 441
24 381
24 159
25 384
25 161
25 164
25 485
25 165
25 263
25 107
25 45
25 206
25 367
25 480
25 183
25 217
25 26
25 255
25 317
25 31
26 176
26 258
26 292
26 421
26 328
26 170
26 158
26 206
26 464
26 49
26 254
26 398
26 121
26 91
26 28
26 285
26 414
27 162
27 163
27 420
27 101
27 433
27 456
27 169
27 394
27 39
27 498
27 270
27 177
27 370
27 404
27 469
27 284
27 255
28 192
28 263
28 363
28 452
28 423
28 275
28 42
28 295
28 333
28 498
28 246
28 249
28 443
28 348
28 349
29 126
29 443
29 292
29 485
29 423
29 424
29 489
29 172
29 306
29 338
29 62
29 56
29 356
29 186
29 140
29 350
30 160
30 482
30 91
30 453
30 465
30 488
30 300
30 236
30 402
30 495
30 113
30 434
30 280
30 218
30 271
30 122
30 382
31 431
31 33
31 258
31 166
31 230
31 136
31 202
31 493
31 272
31 207
31 304
31 306
31 432
31 85
31 335
31 253
31 446
32 417
32 194
32 197
32 73
32 98
32 462
32 431
32 176
32 145
32 152
32 279
32 312
32 89
32 282
32 442
32 190
32 95
33 384
33 64
33 175
33 257
33 392
33 319
33 45
33 494
33 445
33 360
33 179
33 182
33 119
33 410
33 251
33 253
33 415
34 226
34 324
34 325
34 455
34 264
34 137
34 331
34 429
34 398
34 143
34 337
34 41
34 361
34 440
34 284
34 183
34 126
34 63
35 320
35 98
35 50
35 262
35 230
35 231
35 396
35 370
35 338
35 82
35 461
35 466
35 276
35 181
35 374
35 431
35 349
35 229
36 67
36 356
36 70
36 486
36 265
36 388
36 407
36 60
36 75
36 243
36 311
36 153
36 91
36 471
36 446
36 453
37 107
37 192
37 115
37 260
37 165
37 488
37 425
37 363
37 364
37 372
37 413
37 157
37 52
37 201
37 473
37 442
37 349
38 386
38 227
38 118
38 198
38 168
38 393
38 458
38 83
38 76
38 397
38 429
38 208
38 338
38 115
38 438
38 476
38 190
39 130
39 131
39 294
39 405
39 232
39 361
39 482
39 307
39 56
39 467
39 117
39 214
39 489
39 408
39 494
39 126
39 63
40 224
40 97
40 292
40 325
40 298
40 139
40 493
40 399
40 400
40 435
40 405
40 407
40 152
40 346
40 187
40 394
40 69
40 255
41 195
41 228
41 49
41 362
41 306
41 428
41 205
41 209
41 50
41 180
41 373
41 54
41 249
41 90
41 348
41 437
42 256
42 353
42 355
42 389
42 166
42 391
42 223
42 351
42 131
42 468
42 213
42 150
42 119
42 59
42 443
42 287
43 263
43 257
43 483
43 452
43 389
43 455
43 210
43 199
43 269
43 173
43 305
43 402
43 343
43 441
43 75
43 313
43 447
44 256
44 450
44 195
44 454
44 262
44 167
44 74
44 204
44 271
44 80
44 401
44 82
44 131
44 309
44 407
44 472
44 187
45 324
45 485
45 65
45 225
45 79
45 491
45 397
45 333
45 368
45 466
45 307
45 404
45 149
45 315
45 277
46 64
46 355
46 68
46 485
46 412
46 366
46 401
46 370
46 211
46 212
46 437
46 214
46 55
46 420
46 186
46 348
46 61
46 319
47 160
47 417
47 163
47 179
47 390
47 339
47 238
47 335
47 229
47 178
47 115
47 117
47 214
47 407
47 217
47 410
47 207
47 69
48 160
48 161
48 99
48 261
48 359
48 234
48 139
48 430
48 305
48 270
48 302
48 84
48 53
48 86
48 87
48 223
48 93
48 127
49 416
49 100
49 165
49 70
49 267
49 460
49 334
49 463
49 117
49 154
49 57
49 111
49 484
49 250
49 249
49 158
50 256
50 163
50 198
50 264
50 329
50 140
50 269
50 78
50 303
50 496
50 243
50 361
50 216
50 157
50 158
50 69
51 320
51 251
51 261
51 73
51 267
51 142
51 206
51 107
51 149
51 479
51 471
51 440
51 409
51 293
51 123
51 124
51 445
51 341
52 288
52 257
52 315
52 326
52 412
52 459
52 78
52 369
52 403
52 439
52 185
52 283
52 252
52 199
52 425
53 448
53 97
53 164
53 103
53 298
53 208
53 369
53 339
53 372
53 278
53 471
53 56
53 84
53 383
53 60
53 413
53 447
54 97
54 66
54 323
54 357
54 437
54 159
54 142
54 240
54 116
54 470
54 446
54 152
54 187
54 317
54 475
54 453
55 259
55 421
55 422
55 360
55 362
55 268
55 77
55 142
55 367
55 144
55 434
55 227
55 440
55 249
55 346
55 475
55 189
56 384
56 480
56 133
56 268
56 76
56 205
56 463
56 210
56 489
56 249
56 315
56 380
56 382
56 421
57 483
57 209
57 424
57 362
57 199
57 397
57 429
57 317
57 85
57 438
57 119
57 440
57 185
57 383
57 394
57 446
57 319
58 66
58 163
58 452
58 101
58 166
58 236
58 75
58 492
58 110
58 111
58 434
58 259
58 182
58 312
58 123
58 94
58 389
59 420
59 439
59 167
59 210
59 106
59 363
59 142
59 495
59 305
59 178
59 281
59 413
59 68
59 91
59 156
59 447
60 450
60 388
60 198
60 72
60 476
60 460
60 462
60 400
60 276
60 310
60 281
60 409
60 474
60 314
60 92
60 349
61 352
61 130
61 228
61 134
61 104
61 138
61 175
61 369
61 270
61 174
61 278
61 471
61 494
61 207
61 284
61 221
61 287
62 481
62 195
62 391
62 135
62 296
62 76
62 339
62 395
62 172
62 147
62 149
62 311
62 355
62 186
62 442
62 190
63 164
63 228
63 358
63 124
63 235
63 452
63 226
63 79
63 402
63 291
63 260
63 379
63 348
63 255
63 446
63 415
64 151
64 427
64 452
64 423
64 167
64 328
64 71
64 236
64 305
64 302
64 208
64 177
64 403
64 311
64 252
65 122
65 321
65 196
65 76
65 484
65 430
65 399
65 401
65 403
65 179
65 377
65 282
65 445
65 85
66 288
66 481
66 100
66 329
66 106
66 429
66 430
66 399
66 304
66 465
66 338
66 84
66 117
66 219
66 266
67 227
67 71
67 424
67 490
67 241
67 303
67 144
67 369
67 275
67 185
67 344
67 441
67 442
67 251
67 282
67 383
68 320
68 128
68 386
68 131
68 388
68 253
68 106
68 75
68 143
68 110
68 285
68 344
68 83
68 312
68 410
68 477
69 288
69 195
69 138
69 462
69 271
69 209
69 302
69 471
69 249
69 411
69 284
69 253
69 469
70 195
70 168
70 201
70 426
70 459
70 236
70 493
70 78
70 220
70 277
70 471
70 443
70 411
70 245
71 214
71 390
71 357
71 136
71 75
71 154
71 269
71 173
71 112
71 99
71 301
71 406
71 473
71 477
71 285
71 127
72 325
72 454
72 201
72 74
72 301
72 206
72 495
72 496
72 116
72 405
72 393
72 88
72 218
72 442
72 373
73 96
73 115
73 131
73 293
73 230
73 233
73 108
73 466
73 77
73 434
73 301
73 333
73 90
73 190
73 351
74 203
74 484
74 327
74 361
74 490
74 107
74 335
74 433
74 178
74 371
74 204
74 373
74 182
74 152
74 196
75 123
75 450
75 227
75 261
75 329
75 130
75 430
75 401
75 147
75 84
75 247
75 244
75 443
76 450
76 103
76 106
76 268
76 162
76 179
76 150
76 377
76 156
76 445
76 414
76 147
77 448
77 321
77 235
77 200
77 407
77 302
77 335
77 432
77 337
77 139
77 368
77 185
77 122
77 479
77 255
78 353
78 386
78 82
78 102
78 208
78 274
78 435
78 247
78 282
78 219
78 442
78 478
79 450
79 390
79 359
79 330
79 174
79 366
79 499
79 440
79 211
79 149
79 120
79 378
79 219
79 239
80 480
80 416
80 134
80 384
80 457
80 170
80 306
80 397
80 301
80 488
80 434
80 247
80 217
80 271
80 393
80 127
81 475
81 198
81 291
81 361
81 362
81 205
81 334
81 239
81 465
81 147
81 219
81 425
81 473
81 447
81 348
81 350
81 415
82 96
82 98
82 294
82 235
82 240
82 244
82 150
82 183
82 276
82 474
82 379
82 281
82 378
82 95
83 194
83 395
83 229
83 231
83 92
83 459
83 396
83 429
83 496
83 274
83 243
83 248
83 260
83 283
83 188
84 164
84 342
84 341
84 327
84 429
84 206
84 116
84 181
84 118
84 196
84 415
84 413
84 85
84 213
85 384
85 386
85 197
85 294
85 444
85 453
85 364
85 240
85 468
85 89
85 348
85 316
85 150
86 96
86 416
86 324
86 390
86 329
86 128
86 140
86 205
86 335
86 498
86 374
86 393
86 440
86 260
86 91
86 255
87 432
87 194
87 99
87 453
87 326
87 327
87 360
87 137
87 176
87 241
87 402
87 371
87 90
87 284
87 442
87 230
88 424
88 356
88 439
88 106
88 247
88 467
88 495
88 136
88 243
88 375
88 89
88 201
88 219
88 185
88 389
89 336
89 387
89 209
89 169
89 298
89 268
89 397
89 366
89 206
89 113
89 340
89 342
89 219
89 287
90 193
90 195
90 356
90 102
90 391
90 203
90 268
90 462
90 143
90 400
90 432
90 212
90 153
90 284
90 95
91 386
91 389
91 456
91 226
91 138
91 258
91 168
91 303
91 368
91 241
91 253
91 220
91 125
92 326
92 103
92 109
92 494
92 369
92 498
92 435
92 375
92 345
92 122
92 379
92 394
92 478
92 287
93 256
93 320
93 482
93 123
93 102
93 492
93 428
93 275
93 212
93 496
93 118
93 283
93 441
93 379
93 285
93 446
93 223
94 419
94 420
94 486
94 199
94 296
94 343
94 204
94 398
94 367
94 439
94 387
94 375
94 376
94 324
94 381
94 319
95 481
95 484
95 197
95 362
95 141
95 398
95 403
95 276
95 410
95 479
95 284
95 189
95 222
95 383
96 192
96 435
96 451
96 484
96 105
96 203
96 219
96 141
96 398
96 275
96 118
96 439
96 315
96 165
97 257
97 355
97 497
97 329
97 178
97 141
97 305
97 274
97 409
97 376
97 121
97 187
97 373
98 257
98 196
98 134
98 225
98 379
98 427
98 266
98 359
98 205
98 467
98 278
98 312
98 377
98 443
99 483
99 487
99 488
99 204
99 225
99 268
99 430
99 431
99 176
99 341
99 470
99 377
99 367
100 171
100 485
100 486
100 235
100 499
100 461
100 349
100 179
100 244
100 182
100 215
100 377
100 155
100 220
100 317
100 382
101 448
101 162
101 293
101 264
101 266
101 300
101 176
101 222
101 182
101 343
101 185
101 155
101 413
101 382
101 127
102 162
102 419
102 356
102 326
102 135
102 200
102 393
102 364
102 398
102 177
102 178
102 246
102 361
102 286
103 481
103 354
103 132
103 390
103 139
103 204
103 461
103 239
103 400
103 177
103 274
103 116
103 375
103 280
103 255
104 279
104 226
104 459
104 294
104 423
104 264
104 300
104 427
104 204
104 428
104 136
104 268
104 439
104 267
104 473
104 119
104 254
105 161
105 226
105 295
105 380
105 238
105 175
105 272
105 145
105 400
105 115
105 437
105 246
105 473
105 191
105 412
105 221
105 319
106 256
106 228
106 488
106 201
106 151
106 237
106 428
106 205
106 499
106 407
106 452
106 316
106 191
107 317
107 388
107 262
107 135
107 458
107 431
107 336
107 210
107 339
107 341
107 310
107 151
107 447
108 129
108 196
108 233
108 371
108 238
108 143
108 145
108 435
108 310
108 249
108 153
108 282
108 281
108 285
108 318
109 352
109 385
109 389
109 406
109 391
109 392
109 380
109 170
109 264
109 210
109 149
109 343
109 345
109 449
109 458
109 350
110 163
110 231
110 491
110 205
110 301
110 272
110 434
110 211
110 374
110 121
110 413
110 309
111 418
111 451
111 293
111 166
111 135
111 171
111 459
111 140
111 302
111 125
111 477
111 405
111 378
111 350
111 455
112 256
112 291
112 356
112 263
112 424
112 412
112 458
112 206
112 400
112 497
112 498
112 116
112 183
112 250
112 380
112 170
112 319
113 385
113 395
113 262
113 391
113 168
113 135
113 142
113 431
113 208
113 254
113 435
113 436
113 462
113 470
113 494
113 380
114 386
114 356
114 358
114 171
114 428
114 397
114 430
114 238
114 276
114 437
114 345
114 267
114 249
114 347
114 412
114 318
115 384
115 213
115 358
115 325
115 139
115 399
115 432
115 465
115 242
115 372
115 447
115 120
115 378
116 129
116 484
116 329
116 394
116 299
116 269
116 433
116 312
116 279
116 472
116 252
116 234
116 280
117 352
117 226
117 166
117 135
117 138
117 231
117 158
117 400
117 179
117 245
117 126
117 411
117 350
118 227
118 150
118 294
118 422
118 233
118 460
118 465
118 242
118 181
118 310
118 218
118 281
118 378
118 252
119 480
119 130
119 291
119 212
119 372
119 419
119 387
119 333
119 125
119 123
119 155
119 345
119 187
119 298
120 192
120 188
120 227
120 243
120 263
120 291
120 404
120 143
120 141
120 401
120 285
120 153
120 283
120 252
120 317
120 287
121 320
121 266
121 166
121 225
121 268
121 175
121 240
121 472
121 381
121 254
121 223
122 328
122 418
122 228
122 456
122 322
122 482
122 338
122 372
122 405
122 470
122 452
122 218
122 315
122 223
123 384
123 194
123 388
123 360
123 265
123 142
123 336
123 401
123 180
123 184
123 249
124 328
124 149
124 363
124 292
124 263
124 264
124 140
124 327
124 300
124 270
124 496
124 296
124 370
124 206
124 311
124 135
125 483
125 293
125 363
125 138
125 494
125 207
125 432
125 180
125 242
125 308
125 248
125 377
125 202
125 159
126 304
126 390
126 487
126 396
126 323
126 387
126 367
126 240
126 147
126 267
126 283
126 330
126 373
127 180
127 200
127 170
127 427
127 461
127 206
127 243
127 340
127 409
127 159
127 296
127 253
127 133
128 289
128 450
128 356
128 129
128 266
128 247
128 140
128 461
128 462
128 303
128 270
128 375
128 196
128 250
128 257
129 416
129 258
129 171
129 485
129 262
129 353
129 427
129 175
129 349
129 433
129 146
129 147
129 367
129 189
129 287
130 166
130 201
130 491
130 141
130 208
130 401
130 146
130 235
130 149
130 153
130 331
130 445
130 254
130 159
131 419
131 358
131 139
131 460
131 175
131 221
131 333
131 180
131 183
131 148
131 379
131 444
131 189
132 416
132 193
132 450
132 179
132 137
132 170
132 491
132 289
132 271
132 144
132 273
132 243
132 180
132 309
132 279
132 250
133 448
133 259
133 196
133 422
133 260
133 476
133 362
133 332
133 175
133 472
133 438
133 408
133 217
133 239
133 412
133 445
134 194
134 470
134 232
134 265
134 396
134 244
134 309
134 246
134 364
134 280
134 473
134 191
134 182
135 162
135 203
135 261
135 169
135 491
135 206
135 294
135 451
135 148
135 366
135 219
136 161
136 482
136 155
136 226
136 354
136 172
136 141
136 472
136 180
136 409
136 219
136 349
136 231
137 451
137 150
137 198
137 297
137 266
137 235
137 396
137 177
137 498
137 172
137 278
137 313
137 151
137 158
137 406
138 417
138 386
138 483
138 292
138 486
138 167
138 200
138 289
138 236
138 206
138 189
138 286
138 159
139 400
139 162
139 389
139 169
139 395
139 461
139 399
139 241
139 246
139 474
139 319
140 483
140 341
140 177
140 337
140 387
140 357
140 438
140 164
140 382
140 197
141 260
141 449
141 432
141 232
141 498
141 499
141 213
141 441
141 314
141 252
141 221
142 258
142 419
142 455
142 490
142 364
142 237
142 176
142 274
142 323
142 436
142 433
142 319
143 417
143 354
143 282
143 198
143 455
143 355
143 367
143 275
143 340
143 468
143 314
143 415
144 230
144 168
144 492
144 461
144 334
144 463
144 464
144 312
144 402
144 276
144 184
144 397
144 380
144 479
145 289
145 418
145 195
145 385
145 297
145 459
145 482
145 337
145 156
145 275
145 374
145 185
145 348
145 413
146 259
146 268
146 394
146 492
146 274
146 430
146 239
146 362
146 309
146 311
146 184
146 441
146 281
146 426
146 234
147 288
147 166
147 487
147 235
147 242
147 269
147 304
147 337
147 274
147 243
147 320
147 158
148 194
148 390
148 488
148 427
148 236
148 365
148 418
148 208
148 177
148 466
148 468
148 438
148 220
148 433
148 223
149 352
149 193
149 421
149 161
149 330
149 300
149 405
149 246
149 431
149 394
150 480
150 260
150 438
150 406
150 428
150 365
150 463
150 404
150 154
150 460
150 477
151 449
151 451
151 293
151 497
151 425
151 394
151 332
151 312
151 195
151 185
151 280
151 345
151 186
151 255
152 256
152 417
152 355
152 486
152 298
152 176
152 333
152 495
152 400
152 365
152 440
152 155
152 319
153 356
153 214
153 292
153 492
153 494
153 271
153 496
153 438
153 184
153 281
153 378
153 187
154 416
154 278
154 358
154 168
154 332
154 237
154 178
154 243
154 277
154 347
154 191
154 380
154 387
154 287
155 279
155 385
155 354
155 261
155 299
155 192
155 418
155 367
155 277
155 218
156 360
156 483
156 241
156 392
156 425
156 428
156 302
156 338
156 243
156 309
156 313
156 282
156 469
157 448
157 226
157 328
157 393
157 191
157 333
157 173
157 304
157 424
157 244
157 181
157 281
157 186
157 283
157 383
158 288
158 448
158 322
158 243
158 293
158 231
158 462
158 305
158 338
158 436
158 477
158 159
159 225
159 324
159 342
159 166
159 449
159 395
159 433
159 463
159 369
159 283
160 322
160 324
160 262
160 391
160 360
160 426
160 439
160 240
160 309
160 214
160 375
160 376
160 233
161 385
161 290
161 292
161 229
161 422
161 297
161 174
161 464
161 456
161 306
161 276
161 408
162 353
162 354
162 321
162 322
162 366
162 244
162 341
162 376
162 190
162 421
163 412
163 485
163 262
163 308
163 458
163 365
163 397
163 468
163 437
163 217
163 220
163 254
163 383
164 192
164 451
164 388
164 172
164 426
164 301
164 222
164 241
164 466
164 376
164 379
164 350
165 264
165 491
165 240
165 403
165 341
165 374
165 248
165 444
165 232
165 478
166 225
166 322
166 209
166 174
166 337
166 365
166 410
166 379
166 190
167 416
167 324
167 485
167 230
167 391
167 440
167 341
167 471
167 184
167 218
167 318
167 245
168 400
168 473
168 452
168 391
168 331
168 206
168 463
168 240
168 241
168 375
168 388
168 186
169 324
169 421
169 455
169 233
169 361
169 430
169 207
169 466
169 329
169 217
169 317
169 318
169 415
170 224
170 321
170 354
170 291
170 388
170 194
170 267
170 332
170 404
170 319
170 346
170 446
171 355
171 308
171 426
171 247
171 451
171 483
171 436
171 238
171 439
171 248
171 185
171 347
171 415
172 256
172 192
172 263
172 232
172 233
172 234
172 492
172 493
172 497
172 371
172 332
172 188
172 255
173 327
173 391
173 326
173 296
173 306
173 370
173 437
173 479
173 314
173 363
173 349
173 199
173 383
174 289
174 422
174 229
174 456
174 457
174 202
174 396
174 200
174 188
174 213
174 248
174 207
174 444
175 449
175 390
175 330
175 427
175 236
175 461
175 399
175 337
175 293
175 444
175 389
176 472
176 295
176 490
176 427
176 301
176 341
176 248
176 377
176 183
176 383
177 288
177 251
177 453
177 481
177 199
177 178
177 487
177 182
177 311
177 180
178 385
178 259
178 364
178 483
178 247
178 376
178 443
178 222
179 417
179 298
179 459
179 289
179 494
179 253
179 193
179 399
179 285
179 254
179 373
180 288
180 389
180 259
180 239
180 368
180 309
180 406
180 287
181 449
181 290
181 197
181 225
181 364
181 234
181 492
181 304
181 371
181 213
181 471
181 186
181 254
182 290
182 291
182 420
182 397
182 467
182 391
182 281
182 317
182 261
183 192
183 194
183 195
183 211
183 435
183 434
183 446
183 215
183 474
183 380
183 413
183 350
184 291
184 357
184 360
184 457
184 298
184 395
184 428
184 306
184 251
184 314
184 426
184 478
184 223
185 289
185 357
185 457
185 240
185 209
185 485
185 442
185 443
185 229
186 411
186 292
186 262
186 263
186 424
186 396
186 494
186 200
186 276
186 247
187 438
187 273
187 456
187 471
187 239
187 272
187 392
187 466
187 464
187 284
187 351
188 353
188 292
188 423
188 424
188 364
188 395
188 289
188 499
188 368
188 245
188 281
188 474
188 316
189 226
189 227
189 196
189 262
189 454
189 199
189 488
189 235
189 277
189 246
189 409
189 374
189 471
190 373
190 357
190 385
190 470
190 352
190 273
190 217
190 314
190 413
190 414
191 291
191 324
191 325
191 369
191 296
191 459
191 305
191 267
191 348
191 234
191 350
192 480
192 470
192 405
192 348
192 490
192 303
192 213
192 278
192 361
193 311
193 295
193 200
193 469
193 331
193 238
193 497
193 404
193 343
193 217
193 380
193 383
194 384
194 235
194 389
194 363
194 336
194 210
194 203
194 355
194 279
194 247
195 209
195 461
195 270
195 432
195 497
195 332
195 281
195 254
196 321
196 236
196 226
196 303
196 403
196 436
196 347
196 318
197 320
197 227
197 293
197 422
197 423
197 332
197 362
197 476
197 256
197 436
197 343
197 284
197 329
198 417
198 388
198 495
198 401
198 233
198 333
198 404
198 441
198 282
198 411
199 352
199 481
199 228
199 209
199 328
199 329
199 434
199 208
199 382
199 315
200 470
200 300
200 236
200 397
200 496
200 274
200 371
200 342
200 375
200 223
200 446
201 480
201 257
201 322
201 358
201 332
201 364
201 418
201 216
201 468
201 278
201 404
201 447
202 420
202 293
202 231
202 489
202 301
202 491
202 365
202 237
202 372
202 447
202 214
202 361
202 282
202 347
202 319
203 320
203 387
203 324
203 331
203 306
203 336
203 339
203 340
203 310
203 440
203 444
204 384
204 448
204 323
204 427
204 289
204 238
204 432
204 286
204 244
204 314
205 450
205 228
205 223
205 487
205 492
205 386
205 333
205 270
205 461
205 335
205 373
206 320
206 493
206 366
206 498
206 238
206 472
207 370
207 215
207 332
207 269
207 243
207 437
207 374
207 247
207 376
207 475
207 286
208 352
208 453
208 490
208 301
208 307
208 374
208 344
208 223
209 320
209 225
209 215
209 494
209 439
209 241
209 270
209 250
209 414
210 231
210 360
210 499
210 431
210 274
210 275
210 343
210 267
210 314
210 412
210 318
211 289
211 451
211 272
211 488
211 215
211 301
211 400
211 497
211 371
211 472
211 444
211 341
212 448
212 325
212 392
212 252
212 460
212 237
212 303
212 465
212 370
212 216
212 316
212 318
212 223
213 352
213 277
213 456
213 489
213 236
213 301
213 240
213 339
213 372
213 414
213 255
214 386
214 294
214 300
214 482
214 273
214 278
214 378
214 443
214 346
214 442
215 353
215 454
215 272
215 242
215 494
215 216
215 441
215 270
215 412
215 286
216 449
216 331
216 376
216 490
216 364
216 269
216 495
216 401
216 249
216 248
216 473
216 445
217 363
217 274
217 466
217 311
217 280
217 349
217 254
218 481
218 267
218 422
218 453
218 454
218 297
218 495
218 497
218 235
218 342
218 343
219 416
219 420
219 325
219 233
219 494
219 310
219 248
219 479
219 447
220 288
220 386
220 294
220 362
220 431
220 338
220 341
220 345
220 244
220 394
220 415
221 272
221 450
221 324
221 290
221 236
221 301
221 401
221 245
221 471
221 345
221 232
221 361
222 224
222 451
222 424
222 362
222 430
222 335
222 296
222 435
222 310
222 279
222 319
222 444
222 285
223 290
223 307
223 490
223 334
223 398
223 475
223 350
224 226
224 419
224 459
224 300
224 237
224 398
224 483
224 467
224 245
224 374
224 251
224 474
224 315
224 412
224 445
225 323
225 292
225 294
225 426
225 240
225 468
225 438
225 340
225 271
226 359
226 489
226 234
226 264
226 253
226 303
226 441
227 257
227 235
227 365
227 369
227 383
227 280
227 491
228 388
228 389
228 326
228 425
228 459
228 333
228 237
228 399
228 347
228 247
228 329
229 302
229 449
229 452
229 307
229 339
229 268
229 430
229 303
229 241
229 309
229 313
229 346
230 290
230 407
230 295
230 456
230 477
230 433
230 340
230 408
230 377
230 285
230 241
230 383
231 385
231 338
231 271
231 496
231 362
231 436
231 344
231 315
231 317
232 321
232 484
232 394
232 487
232 306
232 307
232 292
232 474
232 442
233 323
233 363
233 234
233 459
233 268
233 344
233 332
233 446
234 480
234 245
234 292
234 427
234 333
234 494
234 436
234 297
234 313
234 283
235 352
235 487
235 490
235 364
235 307
235 410
235 446
236 269
236 466
236 342
236 280
236 436
236 475
236 477
237 390
237 489
237 397
237 240
237 466
237 345
237 348
237 410
237 351
238 304
238 450
238 259
238 305
238 328
238 368
238 465
238 451
238 372
238 265
239 320
239 449
239 451
239 264
239 300
239 365
239 335
239 369
239 345
239 381
239 383
240 483
240 329
240 491
240 432
240 473
240 478
241 465
241 424
241 430
241 464
241 468
241 433
241 375
241 260
242 323
242 293
242 359
242 380
242 397
242 467
242 469
242 377
242 411
242 316
243 464
243 358
243 336
243 468
244 256
244 289
244 425
244 398
244 272
244 337
244 334
244 366
244 410
244 414
245 289
245 358
245 385
245 300
245 334
245 446
245 280
245 250
245 286
245 318
246 418
246 331
246 486
246 455
246 336
246 434
246 340
246 406
246 379
246 253
246 478
247 328
247 333
247 496
247 339
247 310
247 447
248 416
248 379
248 296
248 265
248 339
248 434
248 349
248 278
248 393
249 326
249 264
249 281
249 462
249 303
249 437
249 409
249 414
250 467
250 274
250 422
250 395
250 306
250 402
250 434
250 499
250 494
250 252
250 287
251 384
251 357
251 328
251 266
251 355
251 463
251 296
251 468
251 343
251 441
251 389
252 484
252 455
252 328
252 437
252 301
252 491
252 494
252 367
252 309
253 288
253 265
253 492
253 399
253 303
253 286
254 356
254 263
254 463
254 371
254 379
254 346
254 458
255 288
255 384
255 322
255 486
255 395
255 418
255 436
255 410
256 368
256 356
256 295
256 348
256 469
256 300
256 412
256 437
257 485
257 486
257 332
257 258
257 494
257 303
257 273
257 436
257 347
257 353
258 263
258 259
258 330
258 407
258 304
258 371
258 431
258 351
258 316
258 414
259 480
259 418
259 358
259 327
259 454
259 465
259 420
259 283
259 348
259 319
260 393
260 327
260 265
260 491
260 349
260 498
260 329
260 367
260 285
261 290
261 393
261 317
261 493
261 433
261 432
261 408
261 307
261 472
261 445
261 478
262 389
262 456
262 426
262 429
262 431
262 416
262 313
262 317
263 368
263 387
263 325
263 296
263 399
263 342
263 459
264 356
264 295
264 394
264 403
264 333
264 283
264 362
265 353
265 451
265 453
265 424
265 458
265 430
265 413
265 370
265 441
265 345
265 446
266 448
266 352
266 291
266 353
266 365
266 398
266 495
266 433
266 497
266 477
267 417
267 354
267 490
267 427
267 269
267 438
267 279
267 446
268 360
268 427
268 334
268 451
268 276
268 476
269 324
269 423
269 493
269 496
269 310
269 461
269 285
270 424
270 460
270 488
270 419
270 281
270 473
270 314
271 357
271 327
271 333
271 497
271 306
271 499
271 318
271 310
271 314
271 287
272 480
272 355
272 421
272 391
272 431
272 368
272 273
272 437
272 310
272 479
273 324
273 421
273 326
273 356
273 399
273 466
273 308
273 469
273 361
273 411
273 298
274 387
274 458
274 363
274 401
274 471
274 484
275 449
275 419
275 456
275 453
275 379
275 307
275 365
275 381
275 475
275 413
275 447
276 480
276 385
276 388
276 289
276 426
276 431
276 434
276 468
276 407
277 455
277 330
277 395
277 464
277 339
277 350
277 446
277 343
277 477
277 394
278 325
278 366
278 299
278 398
278 463
278 498
278 284
279 421
279 454
279 494
279 309
279 452
279 410
279 347
279 316
279 378
279 351
280 418
280 310
280 486
280 456
280 336
280 392
280 470
280 345
280 283
281 293
281 476
281 299
281 307
282 422
282 429
282 466
282 499
282 374
282 376
282 442
282 445
282 447
283 416
283 321
283 386
283 429
283 462
283 370
283 412
284 488
284 397
284 495
284 355
284 429
284 301
284 413
284 409
285 453
285 460
285 366
285 369
285 314
285 286
286 417
286 355
286 420
286 331
286 469
286 410
286 394
286 351
287 458
287 483
287 392
287 340
287 492
287 339
287 441
287 479
288 353
288 322
288 390
288 487
288 360
288 425
288 426
288 403
289 386
289 491
289 374
289 312
289 408
290 417
290 425
290 490
290 439
290 364
290 462
290 466
290 314
290 449
291 449
291 482
291 483
291 498
291 307
291 409
291 426
292 425
292 332
292 498
292 316
293 358
293 455
293 336
293 479
293 347
294 454
294 460
294 466
294 349
294 351
295 419
295 324
295 326
295 298
295 476
295 334
295 497
295 341
295 312
295 346
295 475
296 392
296 457
296 330
296 359
296 375
296 410
296 445
297 418
297 325
297 495
297 434
297 372
297 471
297 376
297 298
297 381
297 329
297 390
298 384
298 482
298 373
298 459
298 340
298 341
298 347
299 448
299 480
299 386
299 387
299 470
299 486
299 336
299 402
299 437
299 474
299 412
299 383
300 304
300 402
300 467
300 374
300 408
300 414
300 383
301 368
301 376
301 344
302 463
302 369
302 308
302 405
302 409
302 377
302 461
302 411
302 317
302 361
303 418
303 338
303 400
303 346
303 379
303 414
304 417
304 309
304 330
304 365
304 413
304 372
304 381
304 461
304 350
305 419
305 422
305 326
305 393
305 443
305 405
305 445
306 354
306 359
306 322
306 398
306 312
306 406
306 350
307 384
307 322
307 388
307 460
307 441
307 378
307 381
308 320
308 387
308 451
308 486
308 467
308 328
308 402
308 323
308 373
308 342
308 407
308 376
309 481
309 334
309 337
309 338
309 408
309 313
310 481
310 326
310 359
310 424
310 381
310 455
311 482
311 357
311 488
311 490
311 337
311 498
311 341
311 312
311 411
311 447
312 426
312 492
312 398
312 369
312 388
312 380
313 352
313 385
313 492
313 336
313 404
313 438
313 484
313 350
314 440
314 331
314 460
314 413
314 411
314 380
315 386
315 390
315 424
315 499
315 382
315 412
315 478
315 319
316 325
316 359
316 360
316 456
316 439
316 404
316 362
316 349
316 382
316 469
317 330
317 499
317 375
317 444
317 348
318 322
318 387
318 426
318 401
318 465
318 407
318 444
318 362
318 478
319 450
319 421
319 435
320 416
320 339
320 392
320 366
320 469
320 475
321 384
321 418
321 390
321 369
321 456
321 467
321 469
321 378
321 479
321 481
321 437
322 391
322 493
322 406
322 440
322 340
323 334
323 358
323 456
323 458
323 461
323 431
323 339
323 372
323 382
323 415
324 356
324 328
324 381
324 350
325 385
325 355
325 336
325 407
326 402
326 458
326 462
326 338
326 412
326 351
327 352
327 358
327 359
327 489
327 471
327 434
327 339
327 408
328 490
328 332
328 469
328 472
328 443
328 437
329 352
329 344
329 351
330 483
330 382
330 397
330 488
330 439
330 376
330 441
330 442
330 495
331 422
331 490
331 401
331 362
331 340
331 408
331 477
332 448
332 450
332 423
332 354
332 400
333 450
333 421
333 465
333 343
334 391
334 390
334 423
334 399
334 432
334 375
334 405
335 353
335 498
335 402
335 403
335 409
335 346
335 411
336 449
336 461
336 429
336 346
336 397
337 418
337 363
337 455
337 424
337 371
337 469
338 423
338 360
338 339
338 398
338 451
338 380
339 433
340 353
340 465
340 440
341 358
341 428
341 382
342 422
342 364
342 493
342 497
342 434
342 406
342 347
342 381
342 414
343 427
343 453
343 390
343 423
343 405
343 401
344 352
344 390
344 488
344 496
344 370
344 355
344 468
344 408
344 420
344 443
344 411
345 480
345 448
345 457
345 495
345 368
345 463
345 479
346 480
346 386
346 392
346 361
346 491
346 430
346 412
346 453
347 361
347 428
347 403
347 441
347 410
348 432
348 392
348 457
348 496
348 452
349 426
349 428
349 438
349 446
349 357
350 354
350 473
350 447
351 455
351 427
351 429
351 369
351 382
351 457
351 493
351 381
352 448
352 490
352 420
352 493
353 355
353 464
353 369
353 436
353 442
353 475
354 495
354 393
354 370
354 404
354 414
354 361
354 440
354 409
355 464
355 435
355 490
356 386
356 483
356 394
356 377
357 481
357 388
357 360
357 457
357 499
357 431
357 478
357 445
358 373
358 493
358 464
358 465
358 476
359 392
359 426
359 374
359 474
359 410
359 414
360 411
360 392
360 463
360 471
361 379
361 428
361 418
362 481
362 487
362 491
363 379
363 395
363 365
363 405
363 378
363 382
364 486
364 495
364 370
364 499
364 478
365 419
365 453
365 387
365 410
365 411
365 389
366 482
366 483
366 486
366 488
366 491
366 402
366 419
367 392
367 444
367 407
367 460
367 462
367 446
367 470
367 409
368 411
368 428
368 492
368 399
368 476
369 422
369 396
369 462
370 482
370 452
370 479
370 407
370 415
371 421
371 416
371 391
371 485
371 477
371 383
372 480
372 481
372 484
372 454
372 492
372 465
373 489
373 398
373 477
373 456
373 404
373 436
373 473
374 480
374 459
374 375
374 475
375 417
375 423
375 376
375 477
376 395
376 467
376 404
376 476
377 496
377 438
377 462
377 406
377 474
377 411
377 380
378 419
378 452
378 458
378 401
378 431
378 426
379 384
379 485
379 430
380 489
380 454
380 435
381 422
381 454
381 499
381 409
381 408
381 383
382 455
382 489
382 440
382 443
383 489
383 493
384 385
384 405
384 479
385 417
385 439
385 478
385 436
386 470
386 430
387 454
387 487
387 469
387 438
388 427
388 457
389 396
389 464
389 403
389 484
390 402
390 437
391 423
391 399
391 472
392 488
392 435
392 405
392 412
393 394
393 395
393 445
393 424
393 405
393 473
393 476
394 450
394 429
394 415
395 423
395 403
396 456
396 496
396 469
396 485
396 409
396 445
396 415
397 470
397 398
397 473
398 481
398 488
399 452
399 465
399 484
400 488
400 433
400 406
400 473
400 475
401 420
401 440
401 462
402 430
402 464
402 475
402 476
403 487
403 472
403 474
404 453
404 465
404 414
404 421
405 425
405 499
406 452
406 428
406 429
406 450
406 472
407 471
407 420
407 475
408 454
408 426
408 439
408 447
409 419
409 410
410 492
410 498
411 439
411 415
412 491
413 460
413 466
414 438
414 429
414 444
414 490
415 420
415 428
416 418
416 437
417 420
417 493
417 434
418 493
419 481
419 436
420 485
420 427
420 458
421 448
421 472
421 487
421 424
422 456
422 464
422 444
423 439
423 460
423 468
424 433
425 454
425 490
425 498
425 467
425 478
425 485
426 497
427 481
427 435
428 457
428 477
429 489
429 442
430 442
430 446
431 487
432 487
432 444
432 467
432 463
432 469
433 448
434 463
435 454
435 455
435 459
435 441
436 487
437 462
438 481
438 496
439 469
440 477
441 489
442 478
442 445
442 479
443 449
443 459
443 462
443 495
443 467
444 454
444 471
445 458
445 478
447 451
447 472
447 483
448 484
448 455
448 477
449 450
449 495
450 487
451 482
452 458
452 468
454 474
454 479
455 486
456 491
457 458
457 499
457 468
457 471
457 474
457 477
458 467
460 497
460 463
460 466
461 486
461 497
462 470
463 475
463 467
463 476
464 480
464 489
464 468
465 470
465 489
466 469
466 474
467 476
467 479
468 480
470 478
470 473
474 482
474 496
474 478
476 489
476 478
477 494
479 489
482 493
482 499
483 496
485 487
485 498
487 493
488 491
492 495
492 497
0 500
0 501
1 502
1 503
2 504
2 505
3 506
3 507
4 508
4 509
5 510
5 511
6 512
6 513
7 514
7 515
8 516
8 517
9 518
9 519
10 520
10 521
11 522
11 523
12 524
12 525
13 526
13 527
14 528
14 529
15 530
15 531
16 532
16 533
17 534
17 535
18 536
18 537
19 538
19 539
20 540
20 541
21 542
21 543
22 544
22 545
23 546
23 547
24 548
24 549
25 550
25 551
26 552
26 553
27 554
27 555
28 556
28 557
29 558
29 559
30 560
30 561
31 562
31 563
32 564
32 565
33 566
33 567
34 568
34 569
35 570
35 571
36 572
36 573
37 574
37 575
38 576
38 577
39 578
39 579
40 580
40 581
41 582
41 583
42 584
42 585
43 586
43 587
44 588
44 589
45 590
45 591
46 592
46 593
47 594
47 595
48 596
48 597
49 598
49 599
50 600
50 601
51 602
51 603
52 604
52 605
53 606
53 607
54 608
54 609
55 610
55 611
56 612
56 613
57 614
57 615
58 616
58 617
59 618
59 619
60 620
60 621
61 622
61 623
62 624
62 625
63 626
63 627
64 628
64 629
65 630
65 631
66 632
66 633
67 634
67 635
68 636
68 637
69 638
69 639
70 640
70 641
71 642
71 643
72 644
72 645
73 646
73 647
74 648
74 649
75 650
75 651
76 652
76 653
77 654
77 655
78 656
78 657
79 658
79 659
80 660
80 661
81 662
81 663
82 664
82 665
83 666
83 667
84 668
84 669
85 670
85 671
86 672
86 673
87 674
87 675
88 676
88 677
89 678
89 679
90 680
90 681
91 682
91 683
92 684
92 685
93 686
93 687
94 688
94 689
95 690
95 691
96 692
96 693
97 694
97 695
98 696
98 697
99 698
99 699
100 700
100 701
101 702
101 703
102 704
102 705
103 706
103 707
104 708
104 709
105 710
105 711
106 712
106 713
107 714
107 715
108 716
108 717
109 718
109 719
110 720
110 721
111 722
111 723
112 724
112 725
113 726
113 727
114 728
114 729
115 730
115 731
116 732
116 733
117 734
117 735
118 736
118 737
119 738
119 739
120 740
120 741
121 742
121 743
122 744
122 745
123 746
123 747
124 748
124 749
125 750
125 751
126 752
126 753
127 754
127 755
128 756
128 757
129 758
129 759
130 760
130 761
131 762
131 763
132 764
132 765
133 766
133 767
134 768
134 769
135 770
135 771
136 772
136 773
137 774
137 775
138 776
138 777
139 778
139 779
140 780
140 781
141 782
141 783
142 784
142 785
143 786
143 787
144 788
144 789
145 790
145 791
146 792
146 793
147 794
147 795
148 796
148 797
149 798
149 799
150 800
150 801
151 802
151 803
152 804
152 805
153 806
153 807
154 808
154 809
155 810
155 811
156 812
156 813
157 814
157 815
158 816
158 817
159 818
159 819
160 820
160 821
161 822
161 823
162 824
162 825
163 826
163 827
164 828
164 829
165 830
165 831
166 832
166 833
167 834
167 835
168 836
168 837
169 838
169 839
170 840
170 841
171 842
171 843
172 844
172 845
173 846
173 847
174 848
174 849
175 850
175 851
176 852
176 853
177 854
177 855
178 856
178 857
179 858
179 859
180 860
180 861
181 862
181 863
182 864
182 865
183 866
183 867
184 868
184 869
185 870
185 871
186 872
186 873
187 874
187 875
188 876
188 877
189 878
189 879
190 880
190 881
191 882
191 883
192 884
192 885
193 886
193 887
194 888
194 889
195 890
195 891
196 892
196 893
197 894
197 895
198 896
198 897
199 898
199 899
200 900
200 901
201 902
201 903
202 904
202 905
203 906
203 907
204 908
204 909
205 910
205 911
206 912
206 913
207 914
207 915
208 916
208 917
209 918
209 919
210 920
210 921
211 922
211 923
212 924
212 925
213 926
213 927
214 928
214 929
215 930
215 931
216 932
216 933
217 934
217 935
218 936
218 937
219 938
219 939
220 940
220 941
221 942
221 943
222 944
222 945
223 946
223 947
224 948
224 949
225 950
225 951
226 952
226 953
227 954
227 955
228 956
228 957
229 958
229 959
230 960
230 961
231 962
231 963
232 964
232 965
233 966
233 967
234 968
234 969
235 970
235 971
236 972
236 973
237 974
237 975
238 976
238 977
239 978
239 979
240 980
240 981
241 982
241 983
242 984
242 985
243 986
243 987
244 988
244 989
245 990
245 991
246 992
246 993
247 994
247 995
248 996
248 997
249 998
249 999
250 1000
250 1001
251 1002
251 1003
252 1004
252 1005
253 1006
253 1007
254 1008
254 1009
255 1010
255 1011
256 1012
256 1013
257 1014
257 1015
258 1016
258 1017
259 1018
259 1019
260 1020
260 1021
261 1022
261 1023
262 1024
262 1025
263 1026
263 1027
264 1028
264 1029
265 1030
265 1031
266 1032
266 1033
267 1034
267 1035
268 1036
268 1037
269 1038
269 1039
270 1040
270 1041
271 1042
271 1043
272 1044
272 1045
273 1046
273 1047
274 1048
274 1049
275 1050
275 1051
276 1052
276 1053
277 1054
277 1055
278 1056
278 1057
279 1058
279 1059
280 1060
280 1061
281 1062
281 1063
282 1064
282 1065
283 1066
283 1067
284 1068
284 1069
285 1070
285 1071
286 1072
286 1073
287 1074
287 1075
288 1076
288 1077
289 1078
289 1079
290 1080
290 1081
291 1082
291 1083
292 1084
292 1085
293 1086
293 1087
294 1088
294 1089
295 1090
295 1091
296 1092
296 1093
297 1094
297 1095
298 1096
298 1097
299 1098
299 1099
300 1100
300 1101
301 1102
301 1103
302 1104
302 1105
303 1106
303 1107
304 1108
304 1109
305 1110
305 1111
306 1112
306 1113
307 1114
307 1115
308 1116
308 1117
309 1118
309 1119
310 1120
310 1121
311 1122
311 1123
312 1124
312 1125
313 1126
313 1127
314 1128
314 1129
315 1130
315 1131
316 1132
316 1133
317 1134
317 1135
318 1136
318 1137
319 1138
319 1139
320 1140
320 1141
321 1142
321 1143
322 1144
322 1145
323 1146
323 1147
324 1148
324 1149
325 1150
325 1151
326 1152
326 1153
327 1154
327 1155
328 1156
328 1157
329 1158
329 1159
330 1160
330 1161
331 1162
331 1163
332 1164
332 1165
333 1166
333 1167
334 1168
334 1169
335 1170
335 1171
336 1172
336 1173
337 1174
337 1175
338 1176
338 1177
339 1178
339 1179
340 1180
340 1181
341 1182
341 1183
342 1184
342 1185
343 1186
343 1187
344 1188
344 1189
345 1190
345 1191
346 1192
346 1193
347 1194
347 1195
348 1196
348 1197
349 1198
349 1199
350 1200
350 1201
351 1202
351 1203
352 1204
352 1205
353 1206
353 1207
354 1208
354 1209
355 1210
355 1211
356 1212
356 1213
357 1214
357 1215
358 1216
358 1217
359 1218
359 1219
360 1220
360 1221
361 1222
361 1223
362 1224
362 1225
363 1226
363 1227
364 1228
364 1229
365 1230
365 1231
366 1232
366 1233
367 1234
367 1235
368 1236
368 1237
369 1238
369 1239
370 1240
370 1241
371 1242
371 1243
372 1244
372 1245
373 1246
373 1247
374 1248
374 1249
375 1250
375 1251
376 1252
376 1253
377 1254
377 1255
378 1256
378 1257
379 1258
379 1259
380 1260
380 1261
381 1262
381 1263
382 1264
382 1265
383 1266
383 1267
384 1268
384 1269
385 1270
385 1271
386 1272
386 1273
387 1274
387 1275
388 1276
388 1277
389 1278
389 1279
390 1280
390 1281
391 1282
391 1283
392 1284
392 1285
393 1286
393 1287
394 1288
394 1289
395 1290
395 1291
396 1292
396 1293
397 1294
397 1295
398 1296
398 1297
399 1298
399 1299
400 1300
400 1301
401 1302
401 1303
402 1304
402 1305
403 1306
403 1307
404 1308
404 1309
405 1310
405 1311
406 1312
406 1313
407 1314
407 1315
408 1316
408 1317
409 1318
409 1319
410 1320
410 1321
411 1322
411 1323
412 1324
412 1325
413 1326
413 1327
414 1328
414 1329
415 1330
415 1331
416 1332
416 1333
417 1334
417 1335
418 1336
418 1337
419 1338
419 1339
420 1340
420 1341
421 1342
421 1343
422 1344
422 1345
423 1346
423 1347
424 1348
424 1349
425 1350
425 1351
426 1352
426 1353
427 1354
427 1355
428 1356
428 1357
429 1358
429 1359
430 1360
430 1361
431 1362
431 1363
432 1364
432 1365
433 1366
433 1367
434 1368
434 1369
435 1370
435 1371
436 1372
436 1373
437 1374
437 1375
438 1376
438 1377
439 1378
439 1379
440 1380
440 1381
441 1382
441 1383
442 1384
442 1385
443 1386
443 1387
444 1388
444 1389
445 1390
445 1391
446 1392
446 1393
447 1394
447 1395
448 1396
448 1397
449 1398
449 1399
450 1400
450 1401
451 1402
451 1403
452 1404
452 1405
453 1406
453 1407
454 1408
454 1409
455 1410
455 1411
456 1412
456 1413
457 1414
457 1415
458 1416
458 1417
459 1418
459 1419
460 1420
460 1421
461 1422
461 1423
462 1424
462 1425
463 1426
463 1427
464 1428
464 1429
465 1430
465 1431
466 1432
466 1433
467 1434
467 1435
468 1436
468 1437
469 1438
469 1439
470 1440
470 1441
471 1442
471 1443
472 1444
472 1445
473 1446
473 1447
474 1448
474 1449
475 1450
475 1451
476 1452
476 1453
477 1454
477 1455
478 1456
478 1457
479 1458
479 1459
480 1460
480 1461
481 1462
481 1463
482 1464
482 1465
483 1466
483 1467
484 1468
484 1469
485 1470
485 1471
486 1472
486 1473
487 1474
487 1475
488 1476
488 1477
489 1478
489 1479
490 1480
490 1481
491 1482
491 1483
492 1484
492 1485
493 1486
493 1487
494 1488
494 1489
495 1490
495 1491
496 1492
496 1493
497 1494
497 1495
498 1496
498 1497
499 1498
499 1499
