0 160
0 50
0 100
0 149
0 30
0 174
1 198
1 86
1 25
1 5
1 13
1 143
2 112
2 21
2 201
2 15
2 124
2 159
3 48
3 17
3 210
3 57
3 25
3 47
4 33
4 53
4 158
4 105
4 107
4 62
5 51
5 100
5 101
5 209
5 90
6 192
6 165
6 22
6 7
6 57
6 122
7 22
7 40
7 207
7 76
7 63
8 53
8 22
8 202
8 28
8 106
8 154
9 144
9 50
9 85
9 119
9 184
9 185
10 96
10 82
10 35
10 37
10 174
10 101
11 161
11 19
11 182
11 195
11 209
11 89
12 192
12 112
12 115
12 118
12 38
12 183
13 208
13 103
13 202
13 204
13 138
14 129
14 116
14 181
14 204
14 94
14 37
15 35
15 148
15 41
15 124
15 159
16 50
16 167
16 57
16 42
16 205
16 47
17 134
17 38
17 119
17 60
17 61
18 209
18 113
18 201
18 151
18 110
18 159
19 51
19 179
19 171
19 153
19 111
20 115
20 100
20 71
20 42
20 107
20 126
21 161
21 195
21 197
21 87
21 34
22 57
22 26
22 187
23 128
23 129
23 100
23 149
23 45
23 95
24 145
24 131
24 133
24 107
24 29
24 46
25 32
25 130
25 170
25 173
26 89
26 60
26 157
26 142
26 175
27 66
27 35
27 133
27 89
27 201
27 101
28 66
28 196
28 121
28 108
28 52
29 49
29 130
29 39
29 137
29 172
30 147
30 119
30 91
30 60
30 191
31 133
31 199
31 58
31 43
31 156
31 93
32 208
32 163
32 181
32 120
32 41
33 195
33 138
33 44
33 126
33 95
34 65
34 66
34 150
34 151
34 74
35 153
35 124
35 189
36 64
36 51
36 37
36 42
36 140
36 109
37 81
37 116
37 110
38 85
38 40
38 109
38 79
39 129
39 146
39 198
39 200
39 173
40 84
40 148
40 185
40 95
41 176
41 105
41 204
41 143
42 112
42 102
42 109
43 162
43 102
43 153
43 90
43 77
44 115
44 181
44 89
44 156
44 133
45 82
45 68
45 169
45 74
45 110
46 96
46 136
46 73
46 173
46 127
47 136
47 164
47 104
47 94
48 99
48 179
48 198
48 78
48 181
49 66
49 100
49 69
49 103
49 124
50 96
50 145
50 193
51 182
51 74
51 58
52 128
52 208
52 116
52 125
52 111
53 198
53 199
53 61
53 143
54 178
54 135
54 104
54 151
54 60
54 93
55 96
55 194
55 115
55 163
55 107
55 210
56 162
56 57
56 186
56 93
56 62
56 189
57 129
58 99
58 131
58 105
58 123
59 193
59 132
59 197
59 100
59 84
59 77
60 65
60 169
61 178
61 150
61 201
61 206
62 97
62 86
62 140
62 173
63 147
63 186
63 74
63 119
63 157
64 113
64 164
64 196
64 87
64 191
65 155
65 68
65 133
65 187
66 144
66 98
67 208
67 177
67 197
67 128
67 142
67 79
68 96
68 209
68 122
68 176
69 112
69 130
69 117
69 165
69 85
70 149
70 134
70 183
70 152
70 123
70 142
71 80
71 179
71 180
71 196
71 187
72 208
72 161
72 85
72 88
72 188
72 111
73 128
73 98
73 131
73 166
73 119
74 163
74 191
75 185
75 174
75 151
75 137
75 206
75 127
76 129
76 83
76 197
76 152
76 172
77 193
77 202
77 106
77 174
78 148
78 118
78 202
78 172
78 110
79 99
79 150
79 111
79 127
80 84
80 199
80 140
80 141
80 127
81 146
81 84
81 183
81 155
81 210
82 83
82 133
82 205
82 93
83 146
83 102
83 92
83 138
84 194
84 171
85 208
85 161
86 104
86 168
86 90
86 171
87 102
87 120
87 187
87 93
88 193
88 98
88 196
88 167
88 90
89 164
89 105
90 126
90 207
91 115
91 165
91 185
91 171
91 141
92 101
92 183
92 104
92 111
92 149
93 160
94 168
94 137
94 155
94 175
95 154
95 108
95 175
96 170
97 162
97 164
97 197
97 137
97 140
98 200
98 152
98 124
99 182
99 167
99 158
101 210
101 166
102 161
102 135
103 178
103 180
103 196
103 108
104 204
104 155
105 171
105 108
106 145
106 186
106 122
106 125
107 155
107 156
108 164
108 207
109 134
109 184
109 165
110 182
110 139
111 114
112 194
112 205
113 114
113 131
113 166
113 203
114 131
114 180
114 122
114 143
115 189
116 166
116 135
116 186
117 144
117 178
117 154
117 172
117 157
118 193
118 135
118 153
118 123
119 140
120 130
120 121
120 170
120 141
121 144
121 200
121 172
121 126
122 176
122 123
123 198
123 175
124 190
125 147
125 136
125 189
125 205
126 148
126 138
127 194
127 148
128 160
128 130
129 135
130 156
131 190
132 145
132 179
132 168
132 139
132 173
134 195
134 203
134 172
135 139
136 166
136 156
136 190
137 179
137 207
138 176
138 168
139 162
139 168
139 171
140 178
141 190
141 200
141 142
142 192
142 188
143 192
143 165
144 174
144 206
145 153
145 206
146 179
146 150
146 158
147 186
147 188
147 205
148 167
149 177
149 163
150 185
150 204
151 154
151 190
152 160
152 180
152 170
153 175
154 210
154 186
155 163
156 182
157 177
157 166
157 167
158 193
158 200
158 187
159 160
159 195
159 167
160 169
161 180
162 197
162 204
163 170
164 192
165 203
168 175
169 196
169 184
169 205
170 209
173 177
174 203
176 192
176 183
177 200
177 191
178 202
180 184
181 188
181 189
182 209
183 199
184 195
184 191
185 190
187 201
188 201
188 206
189 194
191 203
194 206
198 210
199 202
199 207
203 207
0 211
0 212
0 213
0 214
0 215
0 216
0 217
1 218
1 219
1 220
1 221
1 222
1 223
1 224
2 225
2 226
2 227
2 228
2 229
2 230
2 231
3 232
3 233
3 234
3 235
3 236
3 237
3 238
4 239
4 240
4 241
4 242
4 243
4 244
4 245
5 246
5 247
5 248
5 249
5 250
5 251
5 252
6 253
6 254
6 255
6 256
6 257
6 258
6 259
7 260
7 261
7 262
7 263
7 264
7 265
7 266
8 267
8 268
8 269
8 270
8 271
8 272
8 273
9 274
9 275
9 276
9 277
9 278
9 279
9 280
10 281
10 282
10 283
10 284
10 285
10 286
10 287
11 288
11 289
11 290
11 291
11 292
11 293
11 294
12 295
12 296
12 297
12 298
12 299
12 300
12 301
13 302
13 303
13 304
13 305
13 306
13 307
13 308
14 309
14 310
14 311
14 312
14 313
14 314
14 315
15 316
15 317
15 318
15 319
15 320
15 321
15 322
16 323
16 324
16 325
16 326
16 327
16 328
16 329
17 330
17 331
17 332
17 333
17 334
17 335
17 336
18 337
18 338
18 339
18 340
18 341
18 342
18 343
19 344
19 345
19 346
19 347
19 348
19 349
19 350
20 351
20 352
20 353
20 354
20 355
20 356
20 357
21 358
21 359
21 360
21 361
21 362
21 363
21 364
22 365
22 366
22 367
22 368
22 369
22 370
22 371
23 372
23 373
23 374
23 375
23 376
23 377
23 378
24 379
24 380
24 381
24 382
24 383
24 384
24 385
25 386
25 387
25 388
25 389
25 390
25 391
25 392
26 393
26 394
26 395
26 396
26 397
26 398
26 399
27 400
27 401
27 402
27 403
27 404
27 405
27 406
28 407
28 408
28 409
28 410
28 411
28 412
28 413
29 414
29 415
29 416
29 417
29 418
29 419
29 420
30 421
30 422
30 423
30 424
30 425
30 426
30 427
31 428
31 429
31 430
31 431
31 432
31 433
31 434
32 435
32 436
32 437
32 438
32 439
32 440
32 441
33 442
33 443
33 444
33 445
33 446
33 447
33 448
34 449
34 450
34 451
34 452
34 453
34 454
34 455
35 456
35 457
35 458
35 459
35 460
35 461
35 462
36 463
36 464
36 465
36 466
36 467
36 468
36 469
37 470
37 471
37 472
37 473
37 474
37 475
37 476
38 477
38 478
38 479
38 480
38 481
38 482
38 483
39 484
39 485
39 486
39 487
39 488
39 489
39 490
40 491
40 492
40 493
40 494
40 495
40 496
40 497
41 498
41 499
41 500
41 501
41 502
41 503
41 504
42 505
42 506
42 507
42 508
42 509
42 510
42 511
43 512
43 513
43 514
43 515
43 516
43 517
43 518
44 519
44 520
44 521
44 522
44 523
44 524
44 525
45 526
45 527
45 528
45 529
45 530
45 531
45 532
46 533
46 534
46 535
46 536
46 537
46 538
46 539
47 540
47 541
47 542
47 543
47 544
47 545
47 546
48 547
48 548
48 549
48 550
48 551
48 552
48 553
49 554
49 555
49 556
49 557
49 558
49 559
49 560
50 561
50 562
50 563
50 564
50 565
50 566
50 567
51 568
51 569
51 570
51 571
51 572
51 573
51 574
52 575
52 576
52 577
52 578
52 579
52 580
52 581
53 582
53 583
53 584
53 585
53 586
53 587
53 588
54 589
54 590
54 591
54 592
54 593
54 594
54 595
55 596
55 597
55 598
55 599
55 600
55 601
55 602
56 603
56 604
56 605
56 606
56 607
56 608
56 609
57 610
57 611
57 612
57 613
57 614
57 615
57 616
58 617
58 618
58 619
58 620
58 621
58 622
58 623
59 624
59 625
59 626
59 627
59 628
59 629
59 630
60 631
60 632
60 633
60 634
60 635
60 636
60 637
61 638
61 639
61 640
61 641
61 642
61 643
61 644
62 645
62 646
62 647
62 648
62 649
62 650
62 651
63 652
63 653
63 654
63 655
63 656
63 657
63 658
64 659
64 660
64 661
64 662
64 663
64 664
64 665
65 666
65 667
65 668
65 669
65 670
65 671
65 672
66 673
66 674
66 675
66 676
66 677
66 678
66 679
67 680
67 681
67 682
67 683
67 684
67 685
67 686
68 687
68 688
68 689
68 690
68 691
68 692
68 693
69 694
69 695
69 696
69 697
69 698
69 699
69 700
70 701
70 702
70 703
70 704
70 705
70 706
70 707
71 708
71 709
71 710
71 711
71 712
71 713
71 714
72 715
72 716
72 717
72 718
72 719
72 720
72 721
73 722
73 723
73 724
73 725
73 726
73 727
73 728
74 729
74 730
74 731
74 732
74 733
74 734
74 735
75 736
75 737
75 738
75 739
75 740
75 741
75 742
76 743
76 744
76 745
76 746
76 747
76 748
76 749
77 750
77 751
77 752
77 753
77 754
77 755
77 756
78 757
78 758
78 759
78 760
78 761
78 762
78 763
79 764
79 765
79 766
79 767
79 768
79 769
79 770
80 771
80 772
80 773
80 774
80 775
80 776
80 777
81 778
81 779
81 780
81 781
81 782
81 783
81 784
82 785
82 786
82 787
82 788
82 789
82 790
82 791
83 792
83 793
83 794
83 795
83 796
83 797
83 798
84 799
84 800
84 801
84 802
84 803
84 804
84 805
85 806
85 807
85 808
85 809
85 810
85 811
85 812
86 813
86 814
86 815
86 816
86 817
86 818
86 819
87 820
87 821
87 822
87 823
87 824
87 825
87 826
88 827
88 828
88 829
88 830
88 831
88 832
88 833
89 834
89 835
89 836
89 837
89 838
89 839
89 840
90 841
90 842
90 843
90 844
90 845
90 846
90 847
91 848
91 849
91 850
91 851
91 852
91 853
91 854
92 855
92 856
92 857
92 858
92 859
92 860
92 861
93 862
93 863
93 864
93 865
93 866
93 867
93 868
94 869
94 870
94 871
94 872
94 873
94 874
94 875
95 876
95 877
95 878
95 879
95 880
95 881
95 882
96 883
96 884
96 885
96 886
96 887
96 888
96 889
97 890
97 891
97 892
97 893
97 894
97 895
97 896
98 897
98 898
98 899
98 900
98 901
98 902
98 903
99 904
99 905
99 906
99 907
99 908
99 909
99 910
100 911
100 912
100 913
100 914
100 915
100 916
100 917
101 918
101 919
101 920
101 921
101 922
101 923
101 924
102 925
102 926
102 927
102 928
102 929
102 930
102 931
103 932
103 933
103 934
103 935
103 936
103 937
103 938
104 939
104 940
104 941
104 942
104 943
104 944
104 945
105 946
105 947
105 948
105 949
105 950
105 951
105 952
106 953
106 954
106 955
106 956
106 957
106 958
106 959
107 960
107 961
107 962
107 963
107 964
107 965
107 966
108 967
108 968
108 969
108 970
108 971
108 972
108 973
109 974
109 975
109 976
109 977
109 978
109 979
109 980
110 981
110 982
110 983
110 984
110 985
110 986
110 987
111 988
111 989
111 990
111 991
111 992
111 993
111 994
112 995
112 996
112 997
112 998
112 999
112 1000
112 1001
113 1002
113 1003
113 1004
113 1005
113 1006
113 1007
113 1008
114 1009
114 1010
114 1011
114 1012
114 1013
114 1014
114 1015
115 1016
115 1017
115 1018
115 1019
115 1020
115 1021
115 1022
116 1023
116 1024
116 1025
116 1026
116 1027
116 1028
116 1029
117 1030
117 1031
117 1032
117 1033
117 1034
117 1035
117 1036
118 1037
118 1038
118 1039
118 1040
118 1041
118 1042
118 1043
119 1044
119 1045
119 1046
119 1047
119 1048
119 1049
119 1050
120 1051
120 1052
120 1053
120 1054
120 1055
120 1056
120 1057
121 1058
121 1059
121 1060
121 1061
121 1062
121 1063
121 1064
122 1065
122 1066
122 1067
122 1068
122 1069
122 1070
122 1071
123 1072
123 1073
123 1074
123 1075
123 1076
123 1077
123 1078
124 1079
124 1080
124 1081
124 1082
124 1083
124 1084
124 1085
125 1086
125 1087
125 1088
125 1089
125 1090
125 1091
125 1092
126 1093
126 1094
126 1095
126 1096
126 1097
126 1098
126 1099
127 1100
127 1101
127 1102
127 1103
127 1104
127 1105
127 1106
128 1107
128 1108
128 1109
128 1110
128 1111
128 1112
128 1113
129 1114
129 1115
129 1116
129 1117
129 1118
129 1119
129 1120
130 1121
130 1122
130 1123
130 1124
130 1125
130 1126
130 1127
131 1128
131 1129
131 1130
131 1131
131 1132
131 1133
131 1134
132 1135
132 1136
132 1137
132 1138
132 1139
132 1140
132 1141
133 1142
133 1143
133 1144
133 1145
133 1146
133 1147
133 1148
134 1149
134 1150
134 1151
134 1152
134 1153
134 1154
134 1155
135 1156
135 1157
135 1158
135 1159
135 1160
135 1161
135 1162
136 1163
136 1164
136 1165
136 1166
136 1167
136 1168
136 1169
137 1170
137 1171
137 1172
137 1173
137 1174
137 1175
137 1176
138 1177
138 1178
138 1179
138 1180
138 1181
138 1182
138 1183
139 1184
139 1185
139 1186
139 1187
139 1188
139 1189
139 1190
140 1191
140 1192
140 1193
140 1194
140 1195
140 1196
140 1197
141 1198
141 1199
141 1200
141 1201
141 1202
141 1203
141 1204
142 1205
142 1206
142 1207
142 1208
142 1209
142 1210
142 1211
143 1212
143 1213
143 1214
143 1215
143 1216
143 1217
143 1218
144 1219
144 1220
144 1221
144 1222
144 1223
144 1224
144 1225
145 1226
145 1227
145 1228
145 1229
145 1230
145 1231
145 1232
146 1233
146 1234
146 1235
146 1236
146 1237
146 1238
146 1239
147 1240
147 1241
147 1242
147 1243
147 1244
147 1245
147 1246
148 1247
148 1248
148 1249
148 1250
148 1251
148 1252
148 1253
149 1254
149 1255
149 1256
149 1257
149 1258
149 1259
149 1260
150 1261
150 1262
150 1263
150 1264
150 1265
150 1266
150 1267
151 1268
151 1269
151 1270
151 1271
151 1272
151 1273
151 1274
152 1275
152 1276
152 1277
152 1278
152 1279
152 1280
152 1281
153 1282
153 1283
153 1284
153 1285
153 1286
153 1287
153 1288
154 1289
154 1290
154 1291
154 1292
154 1293
154 1294
154 1295
155 1296
155 1297
155 1298
155 1299
155 1300
155 1301
155 1302
156 1303
156 1304
156 1305
156 1306
156 1307
156 1308
156 1309
157 1310
157 1311
157 1312
157 1313
157 1314
157 1315
157 1316
158 1317
158 1318
158 1319
158 1320
158 1321
158 1322
158 1323
159 1324
159 1325
159 1326
159 1327
159 1328
159 1329
159 1330
160 1331
160 1332
160 1333
160 1334
160 1335
160 1336
160 1337
161 1338
161 1339
161 1340
161 1341
161 1342
161 1343
161 1344
162 1345
162 1346
162 1347
162 1348
162 1349
162 1350
162 1351
163 1352
163 1353
163 1354
163 1355
163 1356
163 1357
163 1358
164 1359
164 1360
164 1361
164 1362
164 1363
164 1364
164 1365
165 1366
165 1367
165 1368
165 1369
165 1370
165 1371
165 1372
166 1373
166 1374
166 1375
166 1376
166 1377
166 1378
166 1379
167 1380
167 1381
167 1382
167 1383
167 1384
167 1385
167 1386
168 1387
168 1388
168 1389
168 1390
168 1391
168 1392
168 1393
169 1394
169 1395
169 1396
169 1397
169 1398
169 1399
169 1400
170 1401
170 1402
170 1403
170 1404
170 1405
170 1406
170 1407
171 1408
171 1409
171 1410
171 1411
171 1412
171 1413
171 1414
172 1415
172 1416
172 1417
172 1418
172 1419
172 1420
172 1421
173 1422
173 1423
173 1424
173 1425
173 1426
173 1427
173 1428
174 1429
174 1430
174 1431
174 1432
174 1433
174 1434
174 1435
175 1436
175 1437
175 1438
175 1439
175 1440
175 1441
175 1442
176 1443
176 1444
176 1445
176 1446
176 1447
176 1448
176 1449
177 1450
177 1451
177 1452
177 1453
177 1454
177 1455
177 1456
178 1457
178 1458
178 1459
178 1460
178 1461
178 1462
178 1463
179 1464
179 1465
179 1466
179 1467
179 1468
179 1469
179 1470
180 1471
180 1472
180 1473
180 1474
180 1475
180 1476
180 1477
181 1478
181 1479
181 1480
181 1481
181 1482
181 1483
181 1484
182 1485
182 1486
182 1487
182 1488
182 1489
182 1490
182 1491
183 1492
183 1493
183 1494
183 1495
183 1496
183 1497
183 1498
184 1499
184 1500
184 1501
184 1502
184 1503
184 1504
184 1505
185 1506
185 1507
185 1508
185 1509
185 1510
185 1511
185 1512
186 1513
186 1514
186 1515
186 1516
186 1517
186 1518
186 1519
187 1520
187 1521
187 1522
187 1523
187 1524
187 1525
187 1526
188 1527
188 1528
188 1529
188 1530
188 1531
188 1532
188 1533
189 1534
189 1535
189 1536
189 1537
189 1538
189 1539
189 1540
190 1541
190 1542
190 1543
190 1544
190 1545
190 1546
190 1547
191 1548
191 1549
191 1550
191 1551
191 1552
191 1553
191 1554
192 1555
192 1556
192 1557
192 1558
192 1559
192 1560
192 1561
193 1562
193 1563
193 1564
193 1565
193 1566
193 1567
193 1568
194 1569
194 1570
194 1571
194 1572
194 1573
194 1574
194 1575
195 1576
195 1577
195 1578
195 1579
195 1580
195 1581
195 1582
196 1583
196 1584
196 1585
196 1586
196 1587
196 1588
196 1589
197 1590
197 1591
197 1592
197 1593
197 1594
197 1595
197 1596
198 1597
198 1598
198 1599
198 1600
198 1601
198 1602
198 1603
199 1604
199 1605
199 1606
199 1607
199 1608
199 1609
199 1610
200 1611
200 1612
200 1613
200 1614
200 1615
200 1616
200 1617
201 1618
201 1619
201 1620
201 1621
201 1622
201 1623
201 1624
202 1625
202 1626
202 1627
202 1628
202 1629
202 1630
202 1631
203 1632
203 1633
203 1634
203 1635
203 1636
203 1637
203 1638
204 1639
204 1640
204 1641
204 1642
204 1643
204 1644
204 1645
205 1646
205 1647
205 1648
205 1649
205 1650
205 1651
205 1652
206 1653
206 1654
206 1655
206 1656
206 1657
206 1658
206 1659
207 1660
207 1661
207 1662
207 1663
207 1664
207 1665
207 1666
208 1667
208 1668
208 1669
208 1670
208 1671
208 1672
208 1673
209 1674
209 1675
209 1676
209 1677
209 1678
209 1679
209 1680
210 1681
210 1682
210 1683
210 1684
210 1685
210 1686
210 1687
