0 338
0 356
0 82
0 182
0 313
0 317
1 353
1 21
1 310
1 145
1 72
1 41
2 177
2 100
2 39
2 200
2 292
2 63
3 352
3 305
3 24
3 154
3 125
3 269
4 304
4 337
4 322
4 233
4 220
4 288
5 257
5 243
5 150
5 137
5 91
5 140
6 260
6 70
6 73
6 218
6 13
6 77
7 18
7 84
7 313
7 180
7 29
7 13
8 16
8 72
8 243
8 152
8 332
8 280
9 115
9 22
9 108
9 234
9 172
9 307
10 240
10 353
10 69
10 102
10 26
10 341
11 290
11 168
11 154
11 268
11 237
11 142
12 145
12 21
12 166
12 42
12 301
12 341
13 147
13 136
13 63
13 95
14 339
14 307
14 218
14 315
14 186
14 271
15 161
15 66
15 115
15 325
15 235
15 101
16 227
16 232
16 172
16 268
16 126
17 99
17 338
17 83
17 278
17 71
17 233
18 200
18 25
18 219
18 141
18 335
19 177
19 163
19 350
19 119
19 28
19 286
20 161
20 198
20 295
20 330
20 314
20 93
21 256
21 145
21 138
21 111
22 306
22 180
22 262
22 152
22 260
23 97
23 325
23 72
23 105
23 27
23 175
24 97
24 265
24 328
24 73
24 138
25 155
25 131
25 199
25 119
25 139
26 336
26 104
26 136
26 74
26 253
27 37
27 168
27 58
27 142
27 69
28 274
28 219
28 90
28 91
28 141
29 285
29 167
29 188
29 301
29 351
30 243
30 164
30 229
30 103
30 92
30 191
31 107
31 57
31 312
31 201
31 139
31 270
32 225
32 259
32 167
32 169
32 330
32 347
33 272
33 35
33 345
33 216
33 105
33 127
34 304
34 149
34 230
34 250
34 270
34 341
35 240
35 82
35 51
35 54
35 225
36 339
36 53
36 134
36 173
36 302
36 271
37 65
37 307
37 196
37 235
37 170
38 337
38 115
38 101
38 54
38 145
38 108
39 113
39 117
39 120
39 93
39 318
40 288
40 134
40 183
40 268
40 316
40 238
41 129
41 179
41 86
41 297
41 199
42 256
42 210
42 84
42 197
42 130
43 358
43 359
43 57
43 186
43 298
43 205
44 176
44 326
44 280
44 106
44 267
44 223
45 354
45 277
45 202
45 284
45 98
45 207
46 195
46 245
46 86
46 57
46 185
46 111
47 324
47 244
47 308
47 168
47 313
47 303
48 115
48 276
48 231
48 269
48 94
48 317
49 64
49 211
49 174
49 155
49 110
49 319
50 112
50 129
50 359
50 205
50 350
50 95
51 352
51 177
51 294
51 73
51 223
52 258
52 83
52 212
52 296
52 108
52 350
53 289
53 244
53 245
53 284
53 239
54 352
54 246
54 103
54 90
55 338
55 99
55 227
55 200
55 343
55 303
56 163
56 357
56 73
56 106
56 349
56 255
57 194
57 340
57 143
58 288
58 210
58 229
58 72
58 267
59 130
59 355
59 165
59 166
59 88
59 331
60 243
60 133
60 198
60 343
60 218
60 110
61 97
61 131
61 68
61 149
61 230
61 108
62 198
62 359
62 184
62 74
62 187
62 220
63 273
63 246
63 306
63 333
64 144
64 150
64 251
64 157
64 270
65 75
65 324
65 266
65 299
65 172
66 289
66 86
66 70
66 249
66 303
67 160
67 128
67 114
67 249
67 219
67 236
68 320
68 224
68 84
68 285
68 206
69 192
69 225
69 209
69 331
70 118
70 135
70 88
70 127
71 112
71 327
71 344
71 315
71 321
72 96
72 174
73 148
73 186
74 257
74 98
74 86
74 172
75 226
75 134
75 106
75 171
75 207
76 306
76 151
76 346
76 267
76 108
76 286
77 224
77 199
77 265
77 123
77 157
78 146
78 211
78 196
78 216
78 157
78 254
79 131
79 133
79 327
79 153
79 250
79 311
80 241
80 179
80 234
80 92
80 110
80 175
81 128
81 276
81 85
81 214
81 314
81 254
82 130
82 309
82 259
82 159
83 337
83 248
83 297
83 331
84 148
84 184
84 276
85 289
85 98
85 228
85 156
85 302
86 139
86 252
87 144
87 146
87 291
87 263
87 200
87 333
88 321
88 357
88 278
88 345
89 354
89 150
89 217
89 344
89 281
89 274
90 321
90 179
90 177
90 329
91 144
91 121
91 141
91 149
92 273
92 178
92 215
92 316
93 113
93 150
93 250
93 238
94 278
94 149
94 358
94 299
94 143
95 340
95 198
95 119
95 126
96 259
96 133
96 328
96 154
96 355
97 156
97 217
97 332
98 178
98 292
98 172
99 339
99 102
99 195
99 170
100 148
100 101
100 103
100 121
100 217
101 136
101 356
101 152
102 356
102 229
102 168
102 127
103 346
103 187
103 109
104 176
104 293
104 201
104 171
104 189
105 130
105 310
105 264
105 159
106 256
106 172
106 249
107 130
107 213
107 360
107 274
107 270
108 204
109 274
109 227
109 325
109 312
109 345
110 261
110 124
110 269
111 176
111 214
111 184
111 235
112 144
112 340
112 134
112 292
113 227
113 326
113 232
113 299
114 334
114 229
114 300
114 126
114 213
115 263
115 297
116 316
116 137
116 187
116 300
116 159
116 175
117 193
117 323
117 294
117 291
117 151
118 245
118 358
118 281
118 331
118 175
119 226
119 230
119 231
120 144
120 306
120 174
120 140
120 206
121 225
121 247
121 237
121 207
122 128
122 162
122 342
122 235
122 189
122 221
123 179
123 358
123 330
123 190
123 173
124 194
124 260
124 326
124 292
124 164
125 274
125 180
125 261
125 282
125 174
126 168
126 283
126 333
127 148
127 311
127 265
128 131
128 344
128 253
129 322
129 236
129 135
129 332
130 344
131 323
131 262
132 256
132 353
132 242
132 263
132 280
132 156
133 228
133 348
133 142
134 323
134 318
135 249
135 328
135 281
135 334
136 192
136 259
136 326
137 257
137 258
137 339
137 329
138 209
138 290
138 170
138 143
139 187
139 348
139 158
140 352
140 323
140 244
140 182
141 275
141 232
141 300
142 260
142 345
142 205
143 323
143 299
143 316
144 332
145 252
145 181
146 318
146 203
146 229
146 251
147 289
147 162
147 249
147 284
147 237
148 192
148 228
149 298
149 303
150 153
150 223
151 274
151 355
151 298
151 171
152 297
152 346
152 221
153 355
153 229
153 239
153 341
154 196
154 155
154 191
155 226
155 225
155 285
156 277
156 204
156 223
157 181
157 346
157 349
158 194
158 307
158 294
158 349
158 319
159 170
159 251
159 350
160 195
160 312
160 330
160 299
160 284
161 336
161 195
161 166
161 216
162 305
162 341
162 183
162 171
163 320
163 166
163 219
163 252
164 242
164 211
164 357
164 343
165 277
165 309
165 218
165 267
165 239
166 264
166 314
167 304
167 278
167 246
167 315
168 275
169 193
169 242
169 320
169 200
169 252
170 180
170 201
171 262
171 280
173 336
173 257
173 340
173 353
174 180
174 345
175 346
175 268
176 209
176 329
176 283
177 343
177 285
178 240
178 331
178 181
178 315
179 347
179 351
180 271
181 192
181 188
181 205
182 336
182 245
182 295
182 343
183 277
183 242
183 237
183 191
184 305
184 220
184 348
185 305
185 212
185 197
185 328
185 308
186 323
186 310
186 248
187 215
187 266
188 213
188 227
188 311
188 351
189 325
189 233
189 219
189 190
190 321
190 200
190 201
190 303
191 265
191 222
191 207
192 198
192 230
193 337
193 217
193 327
193 238
194 337
194 327
194 203
195 240
195 351
196 305
196 283
196 301
197 260
197 312
197 283
197 348
198 318
199 304
199 356
199 298
201 350
201 319
202 306
202 355
202 212
202 334
202 317
203 261
203 295
203 296
203 314
204 226
204 261
204 314
204 207
205 208
205 290
206 241
206 245
206 263
206 340
207 264
208 241
208 293
208 231
208 217
208 341
209 228
209 250
209 357
210 320
210 230
210 265
210 237
211 310
211 263
211 233
212 354
212 279
212 287
213 354
213 227
213 357
214 275
214 244
214 318
214 286
215 247
215 296
215 265
215 231
216 332
216 221
216 285
217 269
218 242
218 355
219 330
220 240
220 307
220 287
221 337
221 311
221 250
222 257
222 306
222 308
222 281
222 335
223 224
223 294
224 293
224 346
224 301
225 243
226 272
226 276
228 344
228 251
230 243
231 258
231 253
232 352
232 360
232 234
233 244
233 321
234 324
234 296
234 303
235 258
235 248
236 272
236 357
236 246
236 302
237 284
238 258
238 247
238 314
239 356
239 329
239 283
240 360
241 320
241 347
241 268
242 275
244 360
245 255
246 247
246 348
247 356
247 315
248 307
248 282
248 319
249 254
250 266
251 292
251 293
252 330
252 271
253 273
253 338
253 289
254 322
254 277
254 329
255 272
255 344
255 313
255 316
256 308
256 287
257 264
258 300
259 301
259 269
260 325
261 359
261 287
262 353
262 311
262 349
263 360
264 276
264 319
266 291
266 342
266 282
267 273
267 339
268 293
269 279
270 328
270 298
271 290
271 309
272 291
272 309
273 342
273 316
275 322
275 347
276 360
277 293
278 291
278 296
279 289
279 280
279 335
279 349
280 301
281 308
281 347
282 318
282 294
282 286
283 334
284 339
285 302
286 292
286 315
287 342
287 327
288 304
288 354
288 348
290 340
290 309
291 319
294 313
295 352
295 310
295 359
296 329
297 309
297 342
298 322
299 354
300 320
300 335
302 358
302 312
304 338
305 322
308 324
310 351
311 334
312 321
313 336
317 327
317 332
317 350
324 351
324 334
325 349
326 342
326 331
328 333
333 345
333 335
335 338
336 358
343 359
347 353
0 361
0 362
0 363
0 364
0 365
0 366
0 367
0 368
0 369
0 370
0 371
1 372
1 373
1 374
1 375
1 376
1 377
1 378
1 379
1 380
1 381
1 382
2 383
2 384
2 385
2 386
2 387
2 388
2 389
2 390
2 391
2 392
2 393
3 394
3 395
3 396
3 397
3 398
3 399
3 400
3 401
3 402
3 403
3 404
4 405
4 406
4 407
4 408
4 409
4 410
4 411
4 412
4 413
4 414
4 415
5 416
5 417
5 418
5 419
5 420
5 421
5 422
5 423
5 424
5 425
5 426
6 427
6 428
6 429
6 430
6 431
6 432
6 433
6 434
6 435
6 436
6 437
7 438
7 439
7 440
7 441
7 442
7 443
7 444
7 445
7 446
7 447
7 448
8 449
8 450
8 451
8 452
8 453
8 454
8 455
8 456
8 457
8 458
8 459
9 460
9 461
9 462
9 463
9 464
9 465
9 466
9 467
9 468
9 469
9 470
10 471
10 472
10 473
10 474
10 475
10 476
10 477
10 478
10 479
10 480
10 481
11 482
11 483
11 484
11 485
11 486
11 487
11 488
11 489
11 490
11 491
11 492
12 493
12 494
12 495
12 496
12 497
12 498
12 499
12 500
12 501
12 502
12 503
13 504
13 505
13 506
13 507
13 508
13 509
13 510
13 511
13 512
13 513
13 514
14 515
14 516
14 517
14 518
14 519
14 520
14 521
14 522
14 523
14 524
14 525
15 526
15 527
15 528
15 529
15 530
15 531
15 532
15 533
15 534
15 535
15 536
16 537
16 538
16 539
16 540
16 541
16 542
16 543
16 544
16 545
16 546
16 547
17 548
17 549
17 550
17 551
17 552
17 553
17 554
17 555
17 556
17 557
17 558
18 559
18 560
18 561
18 562
18 563
18 564
18 565
18 566
18 567
18 568
18 569
19 570
19 571
19 572
19 573
19 574
19 575
19 576
19 577
19 578
19 579
19 580
20 581
20 582
20 583
20 584
20 585
20 586
20 587
20 588
20 589
20 590
20 591
21 592
21 593
21 594
21 595
21 596
21 597
21 598
21 599
21 600
21 601
21 602
22 603
22 604
22 605
22 606
22 607
22 608
22 609
22 610
22 611
22 612
22 613
23 614
23 615
23 616
23 617
23 618
23 619
23 620
23 621
23 622
23 623
23 624
24 625
24 626
24 627
24 628
24 629
24 630
24 631
24 632
24 633
24 634
24 635
25 636
25 637
25 638
25 639
25 640
25 641
25 642
25 643
25 644
25 645
25 646
26 647
26 648
26 649
26 650
26 651
26 652
26 653
26 654
26 655
26 656
26 657
27 658
27 659
27 660
27 661
27 662
27 663
27 664
27 665
27 666
27 667
27 668
28 669
28 670
28 671
28 672
28 673
28 674
28 675
28 676
28 677
28 678
28 679
29 680
29 681
29 682
29 683
29 684
29 685
29 686
29 687
29 688
29 689
29 690
30 691
30 692
30 693
30 694
30 695
30 696
30 697
30 698
30 699
30 700
30 701
31 702
31 703
31 704
31 705
31 706
31 707
31 708
31 709
31 710
31 711
31 712
32 713
32 714
32 715
32 716
32 717
32 718
32 719
32 720
32 721
32 722
32 723
33 724
33 725
33 726
33 727
33 728
33 729
33 730
33 731
33 732
33 733
33 734
34 735
34 736
34 737
34 738
34 739
34 740
34 741
34 742
34 743
34 744
34 745
35 746
35 747
35 748
35 749
35 750
35 751
35 752
35 753
35 754
35 755
35 756
36 757
36 758
36 759
36 760
36 761
36 762
36 763
36 764
36 765
36 766
36 767
37 768
37 769
37 770
37 771
37 772
37 773
37 774
37 775
37 776
37 777
37 778
38 779
38 780
38 781
38 782
38 783
38 784
38 785
38 786
38 787
38 788
38 789
39 790
39 791
39 792
39 793
39 794
39 795
39 796
39 797
39 798
39 799
39 800
40 801
40 802
40 803
40 804
40 805
40 806
40 807
40 808
40 809
40 810
40 811
41 812
41 813
41 814
41 815
41 816
41 817
41 818
41 819
41 820
41 821
41 822
42 823
42 824
42 825
42 826
42 827
42 828
42 829
42 830
42 831
42 832
42 833
43 834
43 835
43 836
43 837
43 838
43 839
43 840
43 841
43 842
43 843
43 844
44 845
44 846
44 847
44 848
44 849
44 850
44 851
44 852
44 853
44 854
44 855
45 856
45 857
45 858
45 859
45 860
45 861
45 862
45 863
45 864
45 865
45 866
46 867
46 868
46 869
46 870
46 871
46 872
46 873
46 874
46 875
46 876
46 877
47 878
47 879
47 880
47 881
47 882
47 883
47 884
47 885
47 886
47 887
47 888
48 889
48 890
48 891
48 892
48 893
48 894
48 895
48 896
48 897
48 898
48 899
49 900
49 901
49 902
49 903
49 904
49 905
49 906
49 907
49 908
49 909
49 910
50 911
50 912
50 913
50 914
50 915
50 916
50 917
50 918
50 919
50 920
50 921
51 922
51 923
51 924
51 925
51 926
51 927
51 928
51 929
51 930
51 931
51 932
52 933
52 934
52 935
52 936
52 937
52 938
52 939
52 940
52 941
52 942
52 943
53 944
53 945
53 946
53 947
53 948
53 949
53 950
53 951
53 952
53 953
53 954
54 955
54 956
54 957
54 958
54 959
54 960
54 961
54 962
54 963
54 964
54 965
55 966
55 967
55 968
55 969
55 970
55 971
55 972
55 973
55 974
55 975
55 976
56 977
56 978
56 979
56 980
56 981
56 982
56 983
56 984
56 985
56 986
56 987
57 988
57 989
57 990
57 991
57 992
57 993
57 994
57 995
57 996
57 997
57 998
58 999
58 1000
58 1001
58 1002
58 1003
58 1004
58 1005
58 1006
58 1007
58 1008
58 1009
59 1010
59 1011
59 1012
59 1013
59 1014
59 1015
59 1016
59 1017
59 1018
59 1019
59 1020
60 1021
60 1022
60 1023
60 1024
60 1025
60 1026
60 1027
60 1028
60 1029
60 1030
60 1031
61 1032
61 1033
61 1034
61 1035
61 1036
61 1037
61 1038
61 1039
61 1040
61 1041
61 1042
62 1043
62 1044
62 1045
62 1046
62 1047
62 1048
62 1049
62 1050
62 1051
62 1052
62 1053
63 1054
63 1055
63 1056
63 1057
63 1058
63 1059
63 1060
63 1061
63 1062
63 1063
63 1064
64 1065
64 1066
64 1067
64 1068
64 1069
64 1070
64 1071
64 1072
64 1073
64 1074
64 1075
65 1076
65 1077
65 1078
65 1079
65 1080
65 1081
65 1082
65 1083
65 1084
65 1085
65 1086
66 1087
66 1088
66 1089
66 1090
66 1091
66 1092
66 1093
66 1094
66 1095
66 1096
66 1097
67 1098
67 1099
67 1100
67 1101
67 1102
67 1103
67 1104
67 1105
67 1106
67 1107
67 1108
68 1109
68 1110
68 1111
68 1112
68 1113
68 1114
68 1115
68 1116
68 1117
68 1118
68 1119
69 1120
69 1121
69 1122
69 1123
69 1124
69 1125
69 1126
69 1127
69 1128
69 1129
69 1130
70 1131
70 1132
70 1133
70 1134
70 1135
70 1136
70 1137
70 1138
70 1139
70 1140
70 1141
71 1142
71 1143
71 1144
71 1145
71 1146
71 1147
71 1148
71 1149
71 1150
71 1151
71 1152
72 1153
72 1154
72 1155
72 1156
72 1157
72 1158
72 1159
72 1160
72 1161
72 1162
72 1163
73 1164
73 1165
73 1166
73 1167
73 1168
73 1169
73 1170
73 1171
73 1172
73 1173
73 1174
74 1175
74 1176
74 1177
74 1178
74 1179
74 1180
74 1181
74 1182
74 1183
74 1184
74 1185
75 1186
75 1187
75 1188
75 1189
75 1190
75 1191
75 1192
75 1193
75 1194
75 1195
75 1196
76 1197
76 1198
76 1199
76 1200
76 1201
76 1202
76 1203
76 1204
76 1205
76 1206
76 1207
77 1208
77 1209
77 1210
77 1211
77 1212
77 1213
77 1214
77 1215
77 1216
77 1217
77 1218
78 1219
78 1220
78 1221
78 1222
78 1223
78 1224
78 1225
78 1226
78 1227
78 1228
78 1229
79 1230
79 1231
79 1232
79 1233
79 1234
79 1235
79 1236
79 1237
79 1238
79 1239
79 1240
80 1241
80 1242
80 1243
80 1244
80 1245
80 1246
80 1247
80 1248
80 1249
80 1250
80 1251
81 1252
81 1253
81 1254
81 1255
81 1256
81 1257
81 1258
81 1259
81 1260
81 1261
81 1262
82 1263
82 1264
82 1265
82 1266
82 1267
82 1268
82 1269
82 1270
82 1271
82 1272
82 1273
83 1274
83 1275
83 1276
83 1277
83 1278
83 1279
83 1280
83 1281
83 1282
83 1283
83 1284
84 1285
84 1286
84 1287
84 1288
84 1289
84 1290
84 1291
84 1292
84 1293
84 1294
84 1295
85 1296
85 1297
85 1298
85 1299
85 1300
85 1301
85 1302
85 1303
85 1304
85 1305
85 1306
86 1307
86 1308
86 1309
86 1310
86 1311
86 1312
86 1313
86 1314
86 1315
86 1316
86 1317
87 1318
87 1319
87 1320
87 1321
87 1322
87 1323
87 1324
87 1325
87 1326
87 1327
87 1328
88 1329
88 1330
88 1331
88 1332
88 1333
88 1334
88 1335
88 1336
88 1337
88 1338
88 1339
89 1340
89 1341
89 1342
89 1343
89 1344
89 1345
89 1346
89 1347
89 1348
89 1349
89 1350
90 1351
90 1352
90 1353
90 1354
90 1355
90 1356
90 1357
90 1358
90 1359
90 1360
90 1361
91 1362
91 1363
91 1364
91 1365
91 1366
91 1367
91 1368
91 1369
91 1370
91 1371
91 1372
92 1373
92 1374
92 1375
92 1376
92 1377
92 1378
92 1379
92 1380
92 1381
92 1382
92 1383
93 1384
93 1385
93 1386
93 1387
93 1388
93 1389
93 1390
93 1391
93 1392
93 1393
93 1394
94 1395
94 1396
94 1397
94 1398
94 1399
94 1400
94 1401
94 1402
94 1403
94 1404
94 1405
95 1406
95 1407
95 1408
95 1409
95 1410
95 1411
95 1412
95 1413
95 1414
95 1415
95 1416
96 1417
96 1418
96 1419
96 1420
96 1421
96 1422
96 1423
96 1424
96 1425
96 1426
96 1427
97 1428
97 1429
97 1430
97 1431
97 1432
97 1433
97 1434
97 1435
97 1436
97 1437
97 1438
98 1439
98 1440
98 1441
98 1442
98 1443
98 1444
98 1445
98 1446
98 1447
98 1448
98 1449
99 1450
99 1451
99 1452
99 1453
99 1454
99 1455
99 1456
99 1457
99 1458
99 1459
99 1460
100 1461
100 1462
100 1463
100 1464
100 1465
100 1466
100 1467
100 1468
100 1469
100 1470
100 1471
101 1472
101 1473
101 1474
101 1475
101 1476
101 1477
101 1478
101 1479
101 1480
101 1481
101 1482
102 1483
102 1484
102 1485
102 1486
102 1487
102 1488
102 1489
102 1490
102 1491
102 1492
102 1493
103 1494
103 1495
103 1496
103 1497
103 1498
103 1499
103 1500
103 1501
103 1502
103 1503
103 1504
104 1505
104 1506
104 1507
104 1508
104 1509
104 1510
104 1511
104 1512
104 1513
104 1514
104 1515
105 1516
105 1517
105 1518
105 1519
105 1520
105 1521
105 1522
105 1523
105 1524
105 1525
105 1526
106 1527
106 1528
106 1529
106 1530
106 1531
106 1532
106 1533
106 1534
106 1535
106 1536
106 1537
107 1538
107 1539
107 1540
107 1541
107 1542
107 1543
107 1544
107 1545
107 1546
107 1547
107 1548
108 1549
108 1550
108 1551
108 1552
108 1553
108 1554
108 1555
108 1556
108 1557
108 1558
108 1559
109 1560
109 1561
109 1562
109 1563
109 1564
109 1565
109 1566
109 1567
109 1568
109 1569
109 1570
110 1571
110 1572
110 1573
110 1574
110 1575
110 1576
110 1577
110 1578
110 1579
110 1580
110 1581
111 1582
111 1583
111 1584
111 1585
111 1586
111 1587
111 1588
111 1589
111 1590
111 1591
111 1592
112 1593
112 1594
112 1595
112 1596
112 1597
112 1598
112 1599
112 1600
112 1601
112 1602
112 1603
113 1604
113 1605
113 1606
113 1607
113 1608
113 1609
113 1610
113 1611
113 1612
113 1613
113 1614
114 1615
114 1616
114 1617
114 1618
114 1619
114 1620
114 1621
114 1622
114 1623
114 1624
114 1625
115 1626
115 1627
115 1628
115 1629
115 1630
115 1631
115 1632
115 1633
115 1634
115 1635
115 1636
116 1637
116 1638
116 1639
116 1640
116 1641
116 1642
116 1643
116 1644
116 1645
116 1646
116 1647
117 1648
117 1649
117 1650
117 1651
117 1652
117 1653
117 1654
117 1655
117 1656
117 1657
117 1658
118 1659
118 1660
118 1661
118 1662
118 1663
118 1664
118 1665
118 1666
118 1667
118 1668
118 1669
119 1670
119 1671
119 1672
119 1673
119 1674
119 1675
119 1676
119 1677
119 1678
119 1679
119 1680
120 1681
120 1682
120 1683
120 1684
120 1685
120 1686
120 1687
120 1688
120 1689
120 1690
120 1691
121 1692
121 1693
121 1694
121 1695
121 1696
121 1697
121 1698
121 1699
121 1700
121 1701
121 1702
122 1703
122 1704
122 1705
122 1706
122 1707
122 1708
122 1709
122 1710
122 1711
122 1712
122 1713
123 1714
123 1715
123 1716
123 1717
123 1718
123 1719
123 1720
123 1721
123 1722
123 1723
123 1724
124 1725
124 1726
124 1727
124 1728
124 1729
124 1730
124 1731
124 1732
124 1733
124 1734
124 1735
125 1736
125 1737
125 1738
125 1739
125 1740
125 1741
125 1742
125 1743
125 1744
125 1745
125 1746
126 1747
126 1748
126 1749
126 1750
126 1751
126 1752
126 1753
126 1754
126 1755
126 1756
126 1757
127 1758
127 1759
127 1760
127 1761
127 1762
127 1763
127 1764
127 1765
127 1766
127 1767
127 1768
128 1769
128 1770
128 1771
128 1772
128 1773
128 1774
128 1775
128 1776
128 1777
128 1778
128 1779
129 1780
129 1781
129 1782
129 1783
129 1784
129 1785
129 1786
129 1787
129 1788
129 1789
129 1790
130 1791
130 1792
130 1793
130 1794
130 1795
130 1796
130 1797
130 1798
130 1799
130 1800
130 1801
131 1802
131 1803
131 1804
131 1805
131 1806
131 1807
131 1808
131 1809
131 1810
131 1811
131 1812
132 1813
132 1814
132 1815
132 1816
132 1817
132 1818
132 1819
132 1820
132 1821
132 1822
132 1823
133 1824
133 1825
133 1826
133 1827
133 1828
133 1829
133 1830
133 1831
133 1832
133 1833
133 1834
134 1835
134 1836
134 1837
134 1838
134 1839
134 1840
134 1841
134 1842
134 1843
134 1844
134 1845
135 1846
135 1847
135 1848
135 1849
135 1850
135 1851
135 1852
135 1853
135 1854
135 1855
135 1856
136 1857
136 1858
136 1859
136 1860
136 1861
136 1862
136 1863
136 1864
136 1865
136 1866
136 1867
137 1868
137 1869
137 1870
137 1871
137 1872
137 1873
137 1874
137 1875
137 1876
137 1877
137 1878
138 1879
138 1880
138 1881
138 1882
138 1883
138 1884
138 1885
138 1886
138 1887
138 1888
138 1889
139 1890
139 1891
139 1892
139 1893
139 1894
139 1895
139 1896
139 1897
139 1898
139 1899
139 1900
140 1901
140 1902
140 1903
140 1904
140 1905
140 1906
140 1907
140 1908
140 1909
140 1910
140 1911
141 1912
141 1913
141 1914
141 1915
141 1916
141 1917
141 1918
141 1919
141 1920
141 1921
141 1922
142 1923
142 1924
142 1925
142 1926
142 1927
142 1928
142 1929
142 1930
142 1931
142 1932
142 1933
143 1934
143 1935
143 1936
143 1937
143 1938
143 1939
143 1940
143 1941
143 1942
143 1943
143 1944
144 1945
144 1946
144 1947
144 1948
144 1949
144 1950
144 1951
144 1952
144 1953
144 1954
144 1955
145 1956
145 1957
145 1958
145 1959
145 1960
145 1961
145 1962
145 1963
145 1964
145 1965
145 1966
146 1967
146 1968
146 1969
146 1970
146 1971
146 1972
146 1973
146 1974
146 1975
146 1976
146 1977
147 1978
147 1979
147 1980
147 1981
147 1982
147 1983
147 1984
147 1985
147 1986
147 1987
147 1988
148 1989
148 1990
148 1991
148 1992
148 1993
148 1994
148 1995
148 1996
148 1997
148 1998
148 1999
149 2000
149 2001
149 2002
149 2003
149 2004
149 2005
149 2006
149 2007
149 2008
149 2009
149 2010
150 2011
150 2012
150 2013
150 2014
150 2015
150 2016
150 2017
150 2018
150 2019
150 2020
150 2021
151 2022
151 2023
151 2024
151 2025
151 2026
151 2027
151 2028
151 2029
151 2030
151 2031
151 2032
152 2033
152 2034
152 2035
152 2036
152 2037
152 2038
152 2039
152 2040
152 2041
152 2042
152 2043
153 2044
153 2045
153 2046
153 2047
153 2048
153 2049
153 2050
153 2051
153 2052
153 2053
153 2054
154 2055
154 2056
154 2057
154 2058
154 2059
154 2060
154 2061
154 2062
154 2063
154 2064
154 2065
155 2066
155 2067
155 2068
155 2069
155 2070
155 2071
155 2072
155 2073
155 2074
155 2075
155 2076
156 2077
156 2078
156 2079
156 2080
156 2081
156 2082
156 2083
156 2084
156 2085
156 2086
156 2087
157 2088
157 2089
157 2090
157 2091
157 2092
157 2093
157 2094
157 2095
157 2096
157 2097
157 2098
158 2099
158 2100
158 2101
158 2102
158 2103
158 2104
158 2105
158 2106
158 2107
158 2108
158 2109
159 2110
159 2111
159 2112
159 2113
159 2114
159 2115
159 2116
159 2117
159 2118
159 2119
159 2120
160 2121
160 2122
160 2123
160 2124
160 2125
160 2126
160 2127
160 2128
160 2129
160 2130
160 2131
161 2132
161 2133
161 2134
161 2135
161 2136
161 2137
161 2138
161 2139
161 2140
161 2141
161 2142
162 2143
162 2144
162 2145
162 2146
162 2147
162 2148
162 2149
162 2150
162 2151
162 2152
162 2153
163 2154
163 2155
163 2156
163 2157
163 2158
163 2159
163 2160
163 2161
163 2162
163 2163
163 2164
164 2165
164 2166
164 2167
164 2168
164 2169
164 2170
164 2171
164 2172
164 2173
164 2174
164 2175
165 2176
165 2177
165 2178
165 2179
165 2180
165 2181
165 2182
165 2183
165 2184
165 2185
165 2186
166 2187
166 2188
166 2189
166 2190
166 2191
166 2192
166 2193
166 2194
166 2195
166 2196
166 2197
167 2198
167 2199
167 2200
167 2201
167 2202
167 2203
167 2204
167 2205
167 2206
167 2207
167 2208
168 2209
168 2210
168 2211
168 2212
168 2213
168 2214
168 2215
168 2216
168 2217
168 2218
168 2219
169 2220
169 2221
169 2222
169 2223
169 2224
169 2225
169 2226
169 2227
169 2228
169 2229
169 2230
170 2231
170 2232
170 2233
170 2234
170 2235
170 2236
170 2237
170 2238
170 2239
170 2240
170 2241
171 2242
171 2243
171 2244
171 2245
171 2246
171 2247
171 2248
171 2249
171 2250
171 2251
171 2252
172 2253
172 2254
172 2255
172 2256
172 2257
172 2258
172 2259
172 2260
172 2261
172 2262
172 2263
173 2264
173 2265
173 2266
173 2267
173 2268
173 2269
173 2270
173 2271
173 2272
173 2273
173 2274
174 2275
174 2276
174 2277
174 2278
174 2279
174 2280
174 2281
174 2282
174 2283
174 2284
174 2285
175 2286
175 2287
175 2288
175 2289
175 2290
175 2291
175 2292
175 2293
175 2294
175 2295
175 2296
176 2297
176 2298
176 2299
176 2300
176 2301
176 2302
176 2303
176 2304
176 2305
176 2306
176 2307
177 2308
177 2309
177 2310
177 2311
177 2312
177 2313
177 2314
177 2315
177 2316
177 2317
177 2318
178 2319
178 2320
178 2321
178 2322
178 2323
178 2324
178 2325
178 2326
178 2327
178 2328
178 2329
179 2330
179 2331
179 2332
179 2333
179 2334
179 2335
179 2336
179 2337
179 2338
179 2339
179 2340
180 2341
180 2342
180 2343
180 2344
180 2345
180 2346
180 2347
180 2348
180 2349
180 2350
180 2351
181 2352
181 2353
181 2354
181 2355
181 2356
181 2357
181 2358
181 2359
181 2360
181 2361
181 2362
182 2363
182 2364
182 2365
182 2366
182 2367
182 2368
182 2369
182 2370
182 2371
182 2372
182 2373
183 2374
183 2375
183 2376
183 2377
183 2378
183 2379
183 2380
183 2381
183 2382
183 2383
183 2384
184 2385
184 2386
184 2387
184 2388
184 2389
184 2390
184 2391
184 2392
184 2393
184 2394
184 2395
185 2396
185 2397
185 2398
185 2399
185 2400
185 2401
185 2402
185 2403
185 2404
185 2405
185 2406
186 2407
186 2408
186 2409
186 2410
186 2411
186 2412
186 2413
186 2414
186 2415
186 2416
186 2417
187 2418
187 2419
187 2420
187 2421
187 2422
187 2423
187 2424
187 2425
187 2426
187 2427
187 2428
188 2429
188 2430
188 2431
188 2432
188 2433
188 2434
188 2435
188 2436
188 2437
188 2438
188 2439
189 2440
189 2441
189 2442
189 2443
189 2444
189 2445
189 2446
189 2447
189 2448
189 2449
189 2450
190 2451
190 2452
190 2453
190 2454
190 2455
190 2456
190 2457
190 2458
190 2459
190 2460
190 2461
191 2462
191 2463
191 2464
191 2465
191 2466
191 2467
191 2468
191 2469
191 2470
191 2471
191 2472
192 2473
192 2474
192 2475
192 2476
192 2477
192 2478
192 2479
192 2480
192 2481
192 2482
192 2483
193 2484
193 2485
193 2486
193 2487
193 2488
193 2489
193 2490
193 2491
193 2492
193 2493
193 2494
194 2495
194 2496
194 2497
194 2498
194 2499
194 2500
194 2501
194 2502
194 2503
194 2504
194 2505
195 2506
195 2507
195 2508
195 2509
195 2510
195 2511
195 2512
195 2513
195 2514
195 2515
195 2516
196 2517
196 2518
196 2519
196 2520
196 2521
196 2522
196 2523
196 2524
196 2525
196 2526
196 2527
197 2528
197 2529
197 2530
197 2531
197 2532
197 2533
197 2534
197 2535
197 2536
197 2537
197 2538
198 2539
198 2540
198 2541
198 2542
198 2543
198 2544
198 2545
198 2546
198 2547
198 2548
198 2549
199 2550
199 2551
199 2552
199 2553
199 2554
199 2555
199 2556
199 2557
199 2558
199 2559
199 2560
200 2561
200 2562
200 2563
200 2564
200 2565
200 2566
200 2567
200 2568
200 2569
200 2570
200 2571
201 2572
201 2573
201 2574
201 2575
201 2576
201 2577
201 2578
201 2579
201 2580
201 2581
201 2582
202 2583
202 2584
202 2585
202 2586
202 2587
202 2588
202 2589
202 2590
202 2591
202 2592
202 2593
203 2594
203 2595
203 2596
203 2597
203 2598
203 2599
203 2600
203 2601
203 2602
203 2603
203 2604
204 2605
204 2606
204 2607
204 2608
204 2609
204 2610
204 2611
204 2612
204 2613
204 2614
204 2615
205 2616
205 2617
205 2618
205 2619
205 2620
205 2621
205 2622
205 2623
205 2624
205 2625
205 2626
206 2627
206 2628
206 2629
206 2630
206 2631
206 2632
206 2633
206 2634
206 2635
206 2636
206 2637
207 2638
207 2639
207 2640
207 2641
207 2642
207 2643
207 2644
207 2645
207 2646
207 2647
207 2648
208 2649
208 2650
208 2651
208 2652
208 2653
208 2654
208 2655
208 2656
208 2657
208 2658
208 2659
209 2660
209 2661
209 2662
209 2663
209 2664
209 2665
209 2666
209 2667
209 2668
209 2669
209 2670
210 2671
210 2672
210 2673
210 2674
210 2675
210 2676
210 2677
210 2678
210 2679
210 2680
210 2681
211 2682
211 2683
211 2684
211 2685
211 2686
211 2687
211 2688
211 2689
211 2690
211 2691
211 2692
212 2693
212 2694
212 2695
212 2696
212 2697
212 2698
212 2699
212 2700
212 2701
212 2702
212 2703
213 2704
213 2705
213 2706
213 2707
213 2708
213 2709
213 2710
213 2711
213 2712
213 2713
213 2714
214 2715
214 2716
214 2717
214 2718
214 2719
214 2720
214 2721
214 2722
214 2723
214 2724
214 2725
215 2726
215 2727
215 2728
215 2729
215 2730
215 2731
215 2732
215 2733
215 2734
215 2735
215 2736
216 2737
216 2738
216 2739
216 2740
216 2741
216 2742
216 2743
216 2744
216 2745
216 2746
216 2747
217 2748
217 2749
217 2750
217 2751
217 2752
217 2753
217 2754
217 2755
217 2756
217 2757
217 2758
218 2759
218 2760
218 2761
218 2762
218 2763
218 2764
218 2765
218 2766
218 2767
218 2768
218 2769
219 2770
219 2771
219 2772
219 2773
219 2774
219 2775
219 2776
219 2777
219 2778
219 2779
219 2780
220 2781
220 2782
220 2783
220 2784
220 2785
220 2786
220 2787
220 2788
220 2789
220 2790
220 2791
221 2792
221 2793
221 2794
221 2795
221 2796
221 2797
221 2798
221 2799
221 2800
221 2801
221 2802
222 2803
222 2804
222 2805
222 2806
222 2807
222 2808
222 2809
222 2810
222 2811
222 2812
222 2813
223 2814
223 2815
223 2816
223 2817
223 2818
223 2819
223 2820
223 2821
223 2822
223 2823
223 2824
224 2825
224 2826
224 2827
224 2828
224 2829
224 2830
224 2831
224 2832
224 2833
224 2834
224 2835
225 2836
225 2837
225 2838
225 2839
225 2840
225 2841
225 2842
225 2843
225 2844
225 2845
225 2846
226 2847
226 2848
226 2849
226 2850
226 2851
226 2852
226 2853
226 2854
226 2855
226 2856
226 2857
227 2858
227 2859
227 2860
227 2861
227 2862
227 2863
227 2864
227 2865
227 2866
227 2867
227 2868
228 2869
228 2870
228 2871
228 2872
228 2873
228 2874
228 2875
228 2876
228 2877
228 2878
228 2879
229 2880
229 2881
229 2882
229 2883
229 2884
229 2885
229 2886
229 2887
229 2888
229 2889
229 2890
230 2891
230 2892
230 2893
230 2894
230 2895
230 2896
230 2897
230 2898
230 2899
230 2900
230 2901
231 2902
231 2903
231 2904
231 2905
231 2906
231 2907
231 2908
231 2909
231 2910
231 2911
231 2912
232 2913
232 2914
232 2915
232 2916
232 2917
232 2918
232 2919
232 2920
232 2921
232 2922
232 2923
233 2924
233 2925
233 2926
233 2927
233 2928
233 2929
233 2930
233 2931
233 2932
233 2933
233 2934
234 2935
234 2936
234 2937
234 2938
234 2939
234 2940
234 2941
234 2942
234 2943
234 2944
234 2945
235 2946
235 2947
235 2948
235 2949
235 2950
235 2951
235 2952
235 2953
235 2954
235 2955
235 2956
236 2957
236 2958
236 2959
236 2960
236 2961
236 2962
236 2963
236 2964
236 2965
236 2966
236 2967
237 2968
237 2969
237 2970
237 2971
237 2972
237 2973
237 2974
237 2975
237 2976
237 2977
237 2978
238 2979
238 2980
238 2981
238 2982
238 2983
238 2984
238 2985
238 2986
238 2987
238 2988
238 2989
239 2990
239 2991
239 2992
239 2993
239 2994
239 2995
239 2996
239 2997
239 2998
239 2999
239 3000
240 3001
240 3002
240 3003
240 3004
240 3005
240 3006
240 3007
240 3008
240 3009
240 3010
240 3011
241 3012
241 3013
241 3014
241 3015
241 3016
241 3017
241 3018
241 3019
241 3020
241 3021
241 3022
242 3023
242 3024
242 3025
242 3026
242 3027
242 3028
242 3029
242 3030
242 3031
242 3032
242 3033
243 3034
243 3035
243 3036
243 3037
243 3038
243 3039
243 3040
243 3041
243 3042
243 3043
243 3044
244 3045
244 3046
244 3047
244 3048
244 3049
244 3050
244 3051
244 3052
244 3053
244 3054
244 3055
245 3056
245 3057
245 3058
245 3059
245 3060
245 3061
245 3062
245 3063
245 3064
245 3065
245 3066
246 3067
246 3068
246 3069
246 3070
246 3071
246 3072
246 3073
246 3074
246 3075
246 3076
246 3077
247 3078
247 3079
247 3080
247 3081
247 3082
247 3083
247 3084
247 3085
247 3086
247 3087
247 3088
248 3089
248 3090
248 3091
248 3092
248 3093
248 3094
248 3095
248 3096
248 3097
248 3098
248 3099
249 3100
249 3101
249 3102
249 3103
249 3104
249 3105
249 3106
249 3107
249 3108
249 3109
249 3110
250 3111
250 3112
250 3113
250 3114
250 3115
250 3116
250 3117
250 3118
250 3119
250 3120
250 3121
251 3122
251 3123
251 3124
251 3125
251 3126
251 3127
251 3128
251 3129
251 3130
251 3131
251 3132
252 3133
252 3134
252 3135
252 3136
252 3137
252 3138
252 3139
252 3140
252 3141
252 3142
252 3143
253 3144
253 3145
253 3146
253 3147
253 3148
253 3149
253 3150
253 3151
253 3152
253 3153
253 3154
254 3155
254 3156
254 3157
254 3158
254 3159
254 3160
254 3161
254 3162
254 3163
254 3164
254 3165
255 3166
255 3167
255 3168
255 3169
255 3170
255 3171
255 3172
255 3173
255 3174
255 3175
255 3176
256 3177
256 3178
256 3179
256 3180
256 3181
256 3182
256 3183
256 3184
256 3185
256 3186
256 3187
257 3188
257 3189
257 3190
257 3191
257 3192
257 3193
257 3194
257 3195
257 3196
257 3197
257 3198
258 3199
258 3200
258 3201
258 3202
258 3203
258 3204
258 3205
258 3206
258 3207
258 3208
258 3209
259 3210
259 3211
259 3212
259 3213
259 3214
259 3215
259 3216
259 3217
259 3218
259 3219
259 3220
260 3221
260 3222
260 3223
260 3224
260 3225
260 3226
260 3227
260 3228
260 3229
260 3230
260 3231
261 3232
261 3233
261 3234
261 3235
261 3236
261 3237
261 3238
261 3239
261 3240
261 3241
261 3242
262 3243
262 3244
262 3245
262 3246
262 3247
262 3248
262 3249
262 3250
262 3251
262 3252
262 3253
263 3254
263 3255
263 3256
263 3257
263 3258
263 3259
263 3260
263 3261
263 3262
263 3263
263 3264
264 3265
264 3266
264 3267
264 3268
264 3269
264 3270
264 3271
264 3272
264 3273
264 3274
264 3275
265 3276
265 3277
265 3278
265 3279
265 3280
265 3281
265 3282
265 3283
265 3284
265 3285
265 3286
266 3287
266 3288
266 3289
266 3290
266 3291
266 3292
266 3293
266 3294
266 3295
266 3296
266 3297
267 3298
267 3299
267 3300
267 3301
267 3302
267 3303
267 3304
267 3305
267 3306
267 3307
267 3308
268 3309
268 3310
268 3311
268 3312
268 3313
268 3314
268 3315
268 3316
268 3317
268 3318
268 3319
269 3320
269 3321
269 3322
269 3323
269 3324
269 3325
269 3326
269 3327
269 3328
269 3329
269 3330
270 3331
270 3332
270 3333
270 3334
270 3335
270 3336
270 3337
270 3338
270 3339
270 3340
270 3341
271 3342
271 3343
271 3344
271 3345
271 3346
271 3347
271 3348
271 3349
271 3350
271 3351
271 3352
272 3353
272 3354
272 3355
272 3356
272 3357
272 3358
272 3359
272 3360
272 3361
272 3362
272 3363
273 3364
273 3365
273 3366
273 3367
273 3368
273 3369
273 3370
273 3371
273 3372
273 3373
273 3374
274 3375
274 3376
274 3377
274 3378
274 3379
274 3380
274 3381
274 3382
274 3383
274 3384
274 3385
275 3386
275 3387
275 3388
275 3389
275 3390
275 3391
275 3392
275 3393
275 3394
275 3395
275 3396
276 3397
276 3398
276 3399
276 3400
276 3401
276 3402
276 3403
276 3404
276 3405
276 3406
276 3407
277 3408
277 3409
277 3410
277 3411
277 3412
277 3413
277 3414
277 3415
277 3416
277 3417
277 3418
278 3419
278 3420
278 3421
278 3422
278 3423
278 3424
278 3425
278 3426
278 3427
278 3428
278 3429
279 3430
279 3431
279 3432
279 3433
279 3434
279 3435
279 3436
279 3437
279 3438
279 3439
279 3440
280 3441
280 3442
280 3443
280 3444
280 3445
280 3446
280 3447
280 3448
280 3449
280 3450
280 3451
281 3452
281 3453
281 3454
281 3455
281 3456
281 3457
281 3458
281 3459
281 3460
281 3461
281 3462
282 3463
282 3464
282 3465
282 3466
282 3467
282 3468
282 3469
282 3470
282 3471
282 3472
282 3473
283 3474
283 3475
283 3476
283 3477
283 3478
283 3479
283 3480
283 3481
283 3482
283 3483
283 3484
284 3485
284 3486
284 3487
284 3488
284 3489
284 3490
284 3491
284 3492
284 3493
284 3494
284 3495
285 3496
285 3497
285 3498
285 3499
285 3500
285 3501
285 3502
285 3503
285 3504
285 3505
285 3506
286 3507
286 3508
286 3509
286 3510
286 3511
286 3512
286 3513
286 3514
286 3515
286 3516
286 3517
287 3518
287 3519
287 3520
287 3521
287 3522
287 3523
287 3524
287 3525
287 3526
287 3527
287 3528
288 3529
288 3530
288 3531
288 3532
288 3533
288 3534
288 3535
288 3536
288 3537
288 3538
288 3539
289 3540
289 3541
289 3542
289 3543
289 3544
289 3545
289 3546
289 3547
289 3548
289 3549
289 3550
290 3551
290 3552
290 3553
290 3554
290 3555
290 3556
290 3557
290 3558
290 3559
290 3560
290 3561
291 3562
291 3563
291 3564
291 3565
291 3566
291 3567
291 3568
291 3569
291 3570
291 3571
291 3572
292 3573
292 3574
292 3575
292 3576
292 3577
292 3578
292 3579
292 3580
292 3581
292 3582
292 3583
293 3584
293 3585
293 3586
293 3587
293 3588
293 3589
293 3590
293 3591
293 3592
293 3593
293 3594
294 3595
294 3596
294 3597
294 3598
294 3599
294 3600
294 3601
294 3602
294 3603
294 3604
294 3605
295 3606
295 3607
295 3608
295 3609
295 3610
295 3611
295 3612
295 3613
295 3614
295 3615
295 3616
296 3617
296 3618
296 3619
296 3620
296 3621
296 3622
296 3623
296 3624
296 3625
296 3626
296 3627
297 3628
297 3629
297 3630
297 3631
297 3632
297 3633
297 3634
297 3635
297 3636
297 3637
297 3638
298 3639
298 3640
298 3641
298 3642
298 3643
298 3644
298 3645
298 3646
298 3647
298 3648
298 3649
299 3650
299 3651
299 3652
299 3653
299 3654
299 3655
299 3656
299 3657
299 3658
299 3659
299 3660
300 3661
300 3662
300 3663
300 3664
300 3665
300 3666
300 3667
300 3668
300 3669
300 3670
300 3671
301 3672
301 3673
301 3674
301 3675
301 3676
301 3677
301 3678
301 3679
301 3680
301 3681
301 3682
302 3683
302 3684
302 3685
302 3686
302 3687
302 3688
302 3689
302 3690
302 3691
302 3692
302 3693
303 3694
303 3695
303 3696
303 3697
303 3698
303 3699
303 3700
303 3701
303 3702
303 3703
303 3704
304 3705
304 3706
304 3707
304 3708
304 3709
304 3710
304 3711
304 3712
304 3713
304 3714
304 3715
305 3716
305 3717
305 3718
305 3719
305 3720
305 3721
305 3722
305 3723
305 3724
305 3725
305 3726
306 3727
306 3728
306 3729
306 3730
306 3731
306 3732
306 3733
306 3734
306 3735
306 3736
306 3737
307 3738
307 3739
307 3740
307 3741
307 3742
307 3743
307 3744
307 3745
307 3746
307 3747
307 3748
308 3749
308 3750
308 3751
308 3752
308 3753
308 3754
308 3755
308 3756
308 3757
308 3758
308 3759
309 3760
309 3761
309 3762
309 3763
309 3764
309 3765
309 3766
309 3767
309 3768
309 3769
309 3770
310 3771
310 3772
310 3773
310 3774
310 3775
310 3776
310 3777
310 3778
310 3779
310 3780
310 3781
311 3782
311 3783
311 3784
311 3785
311 3786
311 3787
311 3788
311 3789
311 3790
311 3791
311 3792
312 3793
312 3794
312 3795
312 3796
312 3797
312 3798
312 3799
312 3800
312 3801
312 3802
312 3803
313 3804
313 3805
313 3806
313 3807
313 3808
313 3809
313 3810
313 3811
313 3812
313 3813
313 3814
314 3815
314 3816
314 3817
314 3818
314 3819
314 3820
314 3821
314 3822
314 3823
314 3824
314 3825
315 3826
315 3827
315 3828
315 3829
315 3830
315 3831
315 3832
315 3833
315 3834
315 3835
315 3836
316 3837
316 3838
316 3839
316 3840
316 3841
316 3842
316 3843
316 3844
316 3845
316 3846
316 3847
317 3848
317 3849
317 3850
317 3851
317 3852
317 3853
317 3854
317 3855
317 3856
317 3857
317 3858
318 3859
318 3860
318 3861
318 3862
318 3863
318 3864
318 3865
318 3866
318 3867
318 3868
318 3869
319 3870
319 3871
319 3872
319 3873
319 3874
319 3875
319 3876
319 3877
319 3878
319 3879
319 3880
320 3881
320 3882
320 3883
320 3884
320 3885
320 3886
320 3887
320 3888
320 3889
320 3890
320 3891
321 3892
321 3893
321 3894
321 3895
321 3896
321 3897
321 3898
321 3899
321 3900
321 3901
321 3902
322 3903
322 3904
322 3905
322 3906
322 3907
322 3908
322 3909
322 3910
322 3911
322 3912
322 3913
323 3914
323 3915
323 3916
323 3917
323 3918
323 3919
323 3920
323 3921
323 3922
323 3923
323 3924
324 3925
324 3926
324 3927
324 3928
324 3929
324 3930
324 3931
324 3932
324 3933
324 3934
324 3935
325 3936
325 3937
325 3938
325 3939
325 3940
325 3941
325 3942
325 3943
325 3944
325 3945
325 3946
326 3947
326 3948
326 3949
326 3950
326 3951
326 3952
326 3953
326 3954
326 3955
326 3956
326 3957
327 3958
327 3959
327 3960
327 3961
327 3962
327 3963
327 3964
327 3965
327 3966
327 3967
327 3968
328 3969
328 3970
328 3971
328 3972
328 3973
328 3974
328 3975
328 3976
328 3977
328 3978
328 3979
329 3980
329 3981
329 3982
329 3983
329 3984
329 3985
329 3986
329 3987
329 3988
329 3989
329 3990
330 3991
330 3992
330 3993
330 3994
330 3995
330 3996
330 3997
330 3998
330 3999
330 4000
330 4001
331 4002
331 4003
331 4004
331 4005
331 4006
331 4007
331 4008
331 4009
331 4010
331 4011
331 4012
332 4013
332 4014
332 4015
332 4016
332 4017
332 4018
332 4019
332 4020
332 4021
332 4022
332 4023
333 4024
333 4025
333 4026
333 4027
333 4028
333 4029
333 4030
333 4031
333 4032
333 4033
333 4034
334 4035
334 4036
334 4037
334 4038
334 4039
334 4040
334 4041
334 4042
334 4043
334 4044
334 4045
335 4046
335 4047
335 4048
335 4049
335 4050
335 4051
335 4052
335 4053
335 4054
335 4055
335 4056
336 4057
336 4058
336 4059
336 4060
336 4061
336 4062
336 4063
336 4064
336 4065
336 4066
336 4067
337 4068
337 4069
337 4070
337 4071
337 4072
337 4073
337 4074
337 4075
337 4076
337 4077
337 4078
338 4079
338 4080
338 4081
338 4082
338 4083
338 4084
338 4085
338 4086
338 4087
338 4088
338 4089
339 4090
339 4091
339 4092
339 4093
339 4094
339 4095
339 4096
339 4097
339 4098
339 4099
339 4100
340 4101
340 4102
340 4103
340 4104
340 4105
340 4106
340 4107
340 4108
340 4109
340 4110
340 4111
341 4112
341 4113
341 4114
341 4115
341 4116
341 4117
341 4118
341 4119
341 4120
341 4121
341 4122
342 4123
342 4124
342 4125
342 4126
342 4127
342 4128
342 4129
342 4130
342 4131
342 4132
342 4133
343 4134
343 4135
343 4136
343 4137
343 4138
343 4139
343 4140
343 4141
343 4142
343 4143
343 4144
344 4145
344 4146
344 4147
344 4148
344 4149
344 4150
344 4151
344 4152
344 4153
344 4154
344 4155
345 4156
345 4157
345 4158
345 4159
345 4160
345 4161
345 4162
345 4163
345 4164
345 4165
345 4166
346 4167
346 4168
346 4169
346 4170
346 4171
346 4172
346 4173
346 4174
346 4175
346 4176
346 4177
347 4178
347 4179
347 4180
347 4181
347 4182
347 4183
347 4184
347 4185
347 4186
347 4187
347 4188
348 4189
348 4190
348 4191
348 4192
348 4193
348 4194
348 4195
348 4196
348 4197
348 4198
348 4199
349 4200
349 4201
349 4202
349 4203
349 4204
349 4205
349 4206
349 4207
349 4208
349 4209
349 4210
350 4211
350 4212
350 4213
350 4214
350 4215
350 4216
350 4217
350 4218
350 4219
350 4220
350 4221
351 4222
351 4223
351 4224
351 4225
351 4226
351 4227
351 4228
351 4229
351 4230
351 4231
351 4232
352 4233
352 4234
352 4235
352 4236
352 4237
352 4238
352 4239
352 4240
352 4241
352 4242
352 4243
353 4244
353 4245
353 4246
353 4247
353 4248
353 4249
353 4250
353 4251
353 4252
353 4253
353 4254
354 4255
354 4256
354 4257
354 4258
354 4259
354 4260
354 4261
354 4262
354 4263
354 4264
354 4265
355 4266
355 4267
355 4268
355 4269
355 4270
355 4271
355 4272
355 4273
355 4274
355 4275
355 4276
356 4277
356 4278
356 4279
356 4280
356 4281
356 4282
356 4283
356 4284
356 4285
356 4286
356 4287
357 4288
357 4289
357 4290
357 4291
357 4292
357 4293
357 4294
357 4295
357 4296
357 4297
357 4298
358 4299
358 4300
358 4301
358 4302
358 4303
358 4304
358 4305
358 4306
358 4307
358 4308
358 4309
359 4310
359 4311
359 4312
359 4313
359 4314
359 4315
359 4316
359 4317
359 4318
359 4319
359 4320
360 4321
360 4322
360 4323
360 4324
360 4325
360 4326
360 4327
360 4328
360 4329
360 4330
360 4331
