0 21
0 38
0 71
0 72
0 22
0 7
0 93
0 46
1 34
1 110
1 87
1 57
1 74
1 45
1 78
1 61
2 112
2 34
2 89
2 10
2 29
2 74
2 93
2 63
3 27
3 114
3 19
3 67
3 63
3 95
3 124
3 79
4 81
4 99
4 102
4 23
4 121
4 107
4 45
4 29
5 33
5 100
5 78
5 6
5 103
5 9
5 13
5 110
6 64
6 50
6 40
6 10
6 107
6 108
6 74
7 48
7 91
7 86
7 106
7 11
7 60
7 110
8 96
8 113
8 84
8 85
8 55
8 123
8 124
8 63
9 81
9 98
9 115
9 121
9 122
9 67
9 94
10 48
10 115
10 116
10 53
10 118
10 121
11 65
11 98
11 70
11 104
11 41
11 90
11 119
12 48
12 100
12 18
12 35
12 84
12 38
12 89
12 13
13 64
13 40
13 34
13 51
13 104
13 43
14 40
14 82
14 35
14 113
14 53
14 119
14 24
14 92
15 19
15 53
15 89
15 90
15 47
15 77
15 46
15 95
16 114
16 35
16 68
16 53
16 56
16 74
16 69
16 101
17 19
17 35
17 88
17 108
17 59
17 92
17 29
17 111
18 76
18 99
18 85
18 54
18 44
18 123
18 28
19 49
19 84
19 72
19 121
19 90
20 96
20 59
20 103
20 119
20 55
20 71
20 107
20 60
21 112
21 27
21 36
21 101
21 55
21 72
21 75
22 98
22 83
22 24
22 107
22 77
22 62
22 31
23 99
23 48
23 50
23 51
23 69
23 73
23 78
24 97
24 38
24 120
24 73
24 90
24 91
25 32
25 34
25 99
25 86
25 39
25 57
25 61
25 46
26 94
26 72
26 122
26 75
26 76
26 45
26 62
26 63
27 81
27 34
27 38
27 103
27 42
27 124
28 80
28 98
28 117
28 70
28 58
28 59
28 111
29 51
29 115
29 118
29 43
29 63
30 49
30 34
30 91
30 71
30 72
30 105
30 43
30 61
31 100
31 34
31 116
31 65
31 57
31 92
31 76
32 76
32 50
32 68
32 53
32 39
32 55
32 44
33 83
33 121
33 105
33 58
33 107
33 46
33 111
34 123
35 66
35 43
35 78
35 37
36 67
36 99
36 106
36 47
36 117
36 90
36 111
37 99
37 75
37 110
37 102
37 73
37 59
37 94
38 64
38 53
38 49
38 106
39 112
39 55
39 96
39 103
39 77
39 95
40 50
40 84
40 58
40 91
40 45
41 91
41 116
41 69
41 100
41 74
41 43
41 63
42 69
42 54
42 55
42 59
42 44
42 45
42 94
43 114
43 47
43 92
44 48
44 99
44 101
44 118
44 62
45 66
45 106
45 90
46 65
46 84
46 86
46 56
47 50
47 123
47 74
47 58
47 82
48 65
48 83
48 113
49 52
49 102
49 86
49 68
49 109
50 113
50 75
50 110
51 117
51 85
51 105
51 90
51 60
52 98
52 101
52 70
52 104
52 73
52 111
52 69
53 77
53 58
54 64
54 120
54 83
54 103
54 104
54 105
55 115
55 86
56 97
56 111
56 79
56 75
56 93
56 95
57 83
57 115
57 116
57 87
57 100
58 71
58 121
58 93
59 87
59 101
59 79
60 80
60 85
60 118
60 106
60 109
61 80
61 82
61 69
61 92
61 63
62 114
62 88
62 90
62 107
62 98
63 78
64 96
64 67
64 100
64 117
65 112
65 85
65 119
65 108
66 112
66 97
66 113
66 120
66 122
66 119
67 81
67 70
67 119
67 124
68 85
68 70
68 120
68 107
68 76
69 101
69 87
70 108
70 89
70 109
71 112
71 99
71 113
71 109
72 113
72 85
72 91
73 80
73 108
73 74
73 76
74 124
75 119
75 105
75 94
76 82
76 119
77 96
77 116
77 87
77 102
78 97
78 117
78 95
79 96
79 81
79 117
79 102
79 111
80 82
80 84
80 124
80 109
81 82
81 118
81 89
82 114
82 93
83 115
83 108
83 95
84 86
84 102
85 110
86 116
86 111
87 103
87 88
87 93
88 98
88 97
88 117
88 104
88 105
89 121
89 106
89 110
91 122
91 123
92 96
92 104
92 106
93 120
93 95
94 97
94 124
94 110
95 109
96 115
97 116
97 103
98 118
100 101
100 108
101 104
102 123
102 109
103 120
104 118
105 114
105 106
107 122
108 113
109 116
112 114
112 123
114 117
115 123
118 122
120 121
120 122
122 124
0 125
0 126
1 127
1 128
2 129
2 130
3 131
3 132
4 133
4 134
5 135
5 136
6 137
6 138
7 139
7 140
8 141
8 142
9 143
9 144
10 145
10 146
11 147
11 148
12 149
12 150
13 151
13 152
14 153
14 154
15 155
15 156
16 157
16 158
17 159
17 160
18 161
18 162
19 163
19 164
20 165
20 166
21 167
21 168
22 169
22 170
23 171
23 172
24 173
24 174
25 175
25 176
26 177
26 178
27 179
27 180
28 181
28 182
29 183
29 184
30 185
30 186
31 187
31 188
32 189
32 190
33 191
33 192
34 193
34 194
35 195
35 196
36 197
36 198
37 199
37 200
38 201
38 202
39 203
39 204
40 205
40 206
41 207
41 208
42 209
42 210
43 211
43 212
44 213
44 214
45 215
45 216
46 217
46 218
47 219
47 220
48 221
48 222
49 223
49 224
50 225
50 226
51 227
51 228
52 229
52 230
53 231
53 232
54 233
54 234
55 235
55 236
56 237
56 238
57 239
57 240
58 241
58 242
59 243
59 244
60 245
60 246
61 247
61 248
62 249
62 250
63 251
63 252
64 253
64 254
65 255
65 256
66 257
66 258
67 259
67 260
68 261
68 262
69 263
69 264
70 265
70 266
71 267
71 268
72 269
72 270
73 271
73 272
74 273
74 274
75 275
75 276
76 277
76 278
77 279
77 280
78 281
78 282
79 283
79 284
80 285
80 286
81 287
81 288
82 289
82 290
83 291
83 292
84 293
84 294
85 295
85 296
86 297
86 298
87 299
87 300
88 301
88 302
89 303
89 304
90 305
90 306
91 307
91 308
92 309
92 310
93 311
93 312
94 313
94 314
95 315
95 316
96 317
96 318
97 319
97 320
98 321
98 322
99 323
99 324
100 325
100 326
101 327
101 328
102 329
102 330
103 331
103 332
104 333
104 334
105 335
105 336
106 337
106 338
107 339
107 340
108 341
108 342
109 343
109 344
110 345
110 346
111 347
111 348
112 349
112 350
113 351
113 352
114 353
114 354
115 355
115 356
116 357
116 358
117 359
117 360
118 361
118 362
119 363
119 364
120 365
120 366
121 367
121 368
122 369
122 370
123 371
123 372
124 373
124 374
