0 160
0 97
0 226
0 35
0 106
0 75
0 66
0 47
0 177
0 79
0 189
0 159
1 92
1 204
1 110
1 144
1 146
1 20
1 85
1 154
1 60
1 26
1 126
1 223
2 226
2 133
2 135
2 237
2 78
2 143
2 80
2 148
2 153
2 218
2 223
2 95
3 193
3 100
3 166
3 103
3 108
3 18
3 142
3 50
3 24
3 25
3 124
3 65
4 33
4 227
4 37
4 225
4 200
4 236
4 109
4 112
4 146
4 86
4 154
4 127
5 98
5 231
5 74
5 12
5 210
5 239
5 208
5 18
5 148
5 214
5 23
5 61
6 64
6 34
6 187
6 196
6 133
6 39
6 136
6 14
6 111
6 177
6 21
6 123
7 112
7 228
7 229
7 230
7 39
7 73
7 202
7 144
7 145
7 179
7 22
7 189
8 64
8 224
8 131
8 199
8 200
8 169
8 135
8 108
8 50
8 218
8 59
8 125
9 129
9 146
9 71
9 220
9 172
9 77
9 239
9 50
9 184
9 219
9 188
9 190
10 151
10 67
10 165
10 39
10 107
10 109
10 242
10 23
10 120
10 123
10 92
10 222
11 68
11 197
11 72
11 169
11 42
11 76
11 78
11 144
11 113
11 138
11 170
11 126
12 32
12 226
12 132
12 231
12 168
12 43
12 204
12 149
12 118
12 157
12 126
13 224
13 131
13 73
13 202
13 43
13 80
13 171
13 181
13 87
13 62
13 93
13 126
14 162
14 102
14 167
14 236
14 146
14 208
14 242
14 24
14 187
14 28
14 127
15 48
15 138
15 203
15 173
15 141
15 16
15 242
15 211
15 117
15 119
15 216
15 220
16 161
16 70
16 106
16 139
16 236
16 109
16 110
16 47
16 21
16 61
16 158
17 33
17 226
17 228
17 40
17 203
17 44
17 47
17 242
17 83
17 147
17 92
17 222
18 33
18 197
18 227
18 40
18 193
18 171
18 141
18 243
18 185
18 218
19 32
19 161
19 163
19 100
19 37
19 166
19 137
19 82
19 41
19 86
19 73
19 216
20 224
20 34
20 135
20 140
20 202
20 192
20 81
20 242
20 54
20 23
20 56
21 66
21 169
21 139
21 98
21 84
21 150
21 184
21 153
21 218
21 125
22 163
22 70
22 230
22 168
22 107
22 203
22 240
22 182
22 122
22 187
22 157
23 67
23 102
23 200
23 77
23 79
23 91
23 52
23 38
23 61
24 199
24 137
24 103
24 172
24 46
24 239
24 177
24 25
24 59
24 190
25 96
25 130
25 74
25 210
25 208
25 50
25 67
25 87
25 90
25 218
26 162
26 155
26 166
26 145
26 40
26 74
26 209
26 149
26 121
26 123
26 125
27 33
27 194
27 99
27 197
27 231
27 111
27 176
27 243
27 150
27 55
27 56
27 29
28 32
28 133
28 38
28 167
28 146
28 109
28 50
28 153
28 188
28 157
28 30
29 34
29 133
29 232
29 107
29 109
29 66
29 143
29 208
29 185
29 124
29 221
30 193
30 162
30 212
30 234
30 140
30 240
30 209
30 51
30 148
30 86
30 121
31 83
31 195
31 36
31 214
31 106
31 139
31 51
31 180
31 182
31 219
31 221
31 101
32 65
32 194
32 99
32 39
32 130
32 47
32 210
32 89
32 189
33 96
33 192
33 136
33 107
33 45
33 237
33 83
33 55
34 160
34 128
34 105
34 112
34 209
34 115
34 121
34 90
34 93
35 100
35 105
35 106
35 235
35 236
35 77
35 49
35 50
35 153
35 123
35 221
36 161
36 68
36 38
36 40
36 73
36 236
36 142
36 136
36 211
36 86
36 91
37 224
37 67
37 229
37 136
37 138
37 46
37 142
37 153
37 57
37 58
38 65
38 226
38 195
38 228
38 105
38 45
38 81
38 83
38 57
39 230
39 233
39 173
39 111
39 112
39 244
39 118
39 184
40 98
40 132
40 108
40 206
40 84
40 228
40 221
40 95
41 131
41 165
41 170
41 107
41 78
41 189
41 49
41 183
41 56
41 207
41 202
42 136
42 137
42 172
42 110
42 178
42 212
42 117
42 185
42 191
42 158
42 213
43 96
43 229
43 232
43 109
43 175
43 81
43 180
43 217
43 69
43 63
44 128
44 67
44 49
44 167
44 141
44 208
44 146
44 212
44 71
44 124
44 190
45 195
45 229
45 232
45 138
45 151
45 76
45 86
45 87
45 122
45 54
46 199
46 168
46 172
46 174
46 239
46 49
46 178
46 53
46 155
46 126
47 102
47 134
47 167
47 209
47 152
47 154
47 191
47 69
48 64
48 193
48 98
48 67
48 224
48 174
48 175
48 241
48 146
48 91
48 156
49 196
49 165
49 73
49 238
49 79
49 212
49 182
49 215
50 86
50 74
50 145
50 83
50 54
50 101
51 64
51 228
51 70
51 135
51 169
51 141
51 114
51 244
51 217
51 187
52 130
52 226
52 206
52 144
52 117
52 88
52 185
52 58
52 60
52 62
52 63
53 130
53 66
53 229
53 201
53 203
53 236
53 77
53 145
53 244
53 105
53 123
54 163
54 68
54 200
54 210
54 241
54 87
54 217
54 154
54 95
55 203
55 205
55 125
55 240
55 157
55 242
55 119
55 58
55 61
55 127
56 96
56 65
56 101
56 103
56 202
56 231
56 178
56 219
56 61
57 68
57 70
57 231
57 204
57 175
57 176
57 113
57 85
57 134
57 127
58 96
58 138
58 77
58 173
58 86
58 215
58 184
58 187
58 133
59 184
59 106
59 173
59 168
59 211
59 84
59 124
59 120
59 219
59 156
60 64
60 129
60 100
60 75
60 205
60 82
60 84
60 181
60 125
60 223
61 66
61 235
61 167
61 116
61 85
61 123
61 69
62 96
62 160
62 196
62 134
62 110
62 176
62 82
62 179
62 122
62 124
63 100
63 68
63 69
63 237
63 113
63 88
63 164
63 188
63 221
63 229
64 192
64 162
64 219
64 69
64 145
64 187
64 93
65 192
65 169
65 109
65 110
65 243
65 181
65 119
65 218
66 162
66 76
66 191
66 110
66 120
66 121
66 95
67 98
67 228
67 111
67 152
67 217
67 92
68 132
68 171
68 101
68 206
68 212
68 213
68 191
69 96
69 140
69 211
69 116
69 181
69 214
69 94
70 192
70 97
70 196
70 201
70 234
70 108
70 238
70 151
71 128
71 161
71 230
71 225
71 202
71 143
71 241
71 147
71 214
71 219
72 132
72 231
72 232
72 105
72 107
72 77
72 208
72 210
72 149
72 86
72 157
73 165
73 166
73 180
73 120
73 116
73 220
73 222
74 128
74 108
74 77
74 174
74 144
74 215
74 155
74 95
75 162
75 227
75 145
75 168
75 138
75 135
75 209
75 170
75 189
75 95
76 132
76 140
76 241
76 180
76 119
76 124
76 93
76 94
76 127
77 235
77 111
77 215
77 216
77 190
78 235
78 87
78 175
78 210
78 89
78 184
78 121
78 156
78 159
79 128
79 224
79 203
79 164
79 229
79 206
79 119
79 156
79 125
80 199
80 104
80 201
80 235
80 204
80 109
80 144
80 152
80 93
80 95
81 129
81 227
81 140
81 172
81 173
81 142
81 179
81 182
81 217
82 194
82 201
82 139
82 205
82 206
82 208
82 152
82 186
82 156
83 198
83 171
83 176
83 150
83 220
83 157
83 158
84 193
84 229
84 198
84 175
84 183
84 216
84 158
84 159
85 131
85 165
85 102
85 204
85 178
85 115
85 116
85 222
85 94
86 161
86 162
86 166
86 125
87 227
87 166
87 199
87 105
87 240
87 220
87 93
88 193
88 198
88 135
88 140
88 206
88 175
88 244
88 181
88 91
88 93
89 226
89 163
89 200
89 234
89 108
89 219
89 145
89 146
89 150
89 155
90 225
90 131
90 164
90 230
90 107
90 141
90 142
90 179
90 119
90 186
91 130
91 199
91 233
91 111
91 242
91 147
91 158
91 127
92 193
92 104
92 242
92 238
92 157
92 178
92 221
92 223
93 161
93 197
93 150
93 221
93 133
94 225
94 164
94 166
94 135
94 176
94 243
94 149
94 154
94 157
95 99
95 167
95 237
95 177
95 103
96 98
96 166
96 106
96 130
96 216
97 133
97 198
97 104
97 234
97 204
97 173
97 180
97 184
97 125
97 190
98 227
98 102
98 117
98 241
98 213
98 101
99 131
99 196
99 243
99 105
99 177
99 146
99 115
99 216
99 154
100 169
100 236
100 175
100 116
100 214
100 187
100 126
101 193
101 166
101 105
101 239
101 228
101 122
101 190
102 161
102 133
102 203
102 236
102 178
102 121
102 154
103 160
103 104
103 201
103 153
103 121
103 159
103 124
103 232
104 217
104 147
104 108
104 205
104 211
104 119
104 185
104 186
105 224
105 142
105 208
105 214
106 130
106 128
106 194
106 213
106 182
106 155
107 197
107 205
107 240
107 114
107 118
108 164
108 163
108 148
108 202
108 232
109 203
109 217
109 189
109 158
110 164
110 129
110 207
110 114
110 152
110 155
111 114
111 169
111 112
111 117
111 183
111 152
112 129
112 164
112 179
112 115
112 225
112 125
112 197
113 192
113 129
113 171
113 137
113 202
113 141
113 209
113 235
113 159
114 128
114 129
114 147
114 140
114 236
114 124
114 157
114 190
115 197
115 198
115 172
115 118
115 119
115 188
115 189
115 222
116 195
116 229
116 136
116 179
116 150
116 220
116 126
117 163
117 134
117 194
117 205
117 154
117 123
117 124
118 232
118 170
118 171
118 177
118 180
118 149
118 217
118 218
119 224
119 137
119 204
119 184
120 192
120 160
120 131
120 208
120 176
120 212
120 201
120 185
121 141
121 238
121 174
121 240
121 187
122 167
122 233
122 140
122 143
122 172
122 182
122 137
122 153
123 199
123 146
123 211
123 215
123 223
124 194
124 173
124 127
125 225
125 241
125 148
126 230
126 205
126 151
126 185
126 207
127 219
127 141
127 212
127 149
127 182
128 160
128 225
128 164
128 212
128 158
129 226
129 131
129 132
129 210
129 177
130 168
130 203
130 206
130 232
130 211
131 193
131 175
131 168
131 243
132 165
132 201
132 174
132 209
132 200
132 190
133 138
133 204
133 212
133 230
134 161
134 165
134 199
134 234
134 240
134 144
134 244
134 158
135 235
135 198
135 238
135 182
135 185
136 208
136 168
136 144
136 244
136 213
136 229
137 198
137 243
137 151
137 172
137 142
137 207
138 232
138 178
138 185
138 207
138 188
139 166
139 241
139 148
139 213
139 182
139 184
139 217
139 222
140 141
140 157
140 221
140 159
141 195
141 240
141 215
142 206
142 243
142 201
142 188
142 223
143 192
143 226
143 201
143 170
143 212
143 152
143 153
143 155
144 241
144 210
144 168
144 220
145 203
145 231
145 223
145 222
145 191
146 174
146 152
147 240
147 180
147 213
147 183
147 186
147 156
147 181
148 207
148 241
148 239
148 211
148 184
148 175
149 161
149 196
149 166
149 167
149 206
149 215
150 225
150 194
150 159
150 173
150 213
150 156
151 195
151 198
151 205
151 179
151 181
151 219
151 188
152 239
152 209
152 218
152 159
153 164
153 230
153 171
153 185
154 233
154 202
154 179
154 215
155 193
155 196
155 217
155 187
155 188
156 164
156 233
156 203
156 204
156 207
157 170
157 202
158 160
158 162
158 198
158 214
159 227
159 200
159 237
159 215
160 161
160 170
160 178
160 244
160 188
161 238
161 190
162 170
162 235
162 172
162 241
163 224
163 179
163 231
163 199
163 208
163 214
164 231
164 222
165 197
165 199
165 175
165 242
165 233
166 171
167 192
167 224
167 236
167 183
168 239
168 176
168 209
169 234
169 184
169 186
169 219
169 221
170 200
170 171
170 206
170 211
171 172
171 213
171 188
172 173
172 181
173 219
173 200
173 237
174 233
174 205
174 238
174 186
174 223
174 191
175 228
175 220
176 204
176 240
176 183
176 216
176 189
177 199
177 234
177 185
177 186
177 191
178 233
178 238
178 181
178 223
179 205
179 182
179 217
180 198
180 234
180 236
180 216
180 187
181 239
181 216
181 220
182 197
182 221
183 196
183 229
183 230
183 213
183 239
183 189
184 193
185 222
186 204
186 210
186 243
186 244
186 191
187 207
187 228
188 207
188 244
189 242
189 216
189 191
190 238
190 239
190 214
191 228
191 238
191 215
192 227
192 196
192 211
193 214
194 242
194 207
194 241
194 210
194 212
195 201
195 234
195 237
195 244
195 219
195 221
196 225
196 202
196 206
197 226
197 201
197 237
198 202
198 208
199 203
200 225
200 241
200 210
201 218
204 214
205 220
205 222
206 211
207 235
207 218
209 230
209 231
209 218
210 235
211 237
212 233
213 227
213 235
214 243
215 236
215 239
216 233
216 217
218 220
220 232
221 244
222 227
222 228
223 225
223 230
223 234
224 227
224 230
225 237
226 227
226 240
228 229
231 244
231 232
232 243
233 237
233 238
234 237
234 243
235 242
238 240
0 245
0 246
1 247
1 248
2 249
2 250
3 251
3 252
4 253
4 254
5 255
5 256
6 257
6 258
7 259
7 260
8 261
8 262
9 263
9 264
10 265
10 266
11 267
11 268
12 269
12 270
13 271
13 272
14 273
14 274
15 275
15 276
16 277
16 278
17 279
17 280
18 281
18 282
19 283
19 284
20 285
20 286
21 287
21 288
22 289
22 290
23 291
23 292
24 293
24 294
25 295
25 296
26 297
26 298
27 299
27 300
28 301
28 302
29 303
29 304
30 305
30 306
31 307
31 308
32 309
32 310
33 311
33 312
34 313
34 314
35 315
35 316
36 317
36 318
37 319
37 320
38 321
38 322
39 323
39 324
40 325
40 326
41 327
41 328
42 329
42 330
43 331
43 332
44 333
44 334
45 335
45 336
46 337
46 338
47 339
47 340
48 341
48 342
49 343
49 344
50 345
50 346
51 347
51 348
52 349
52 350
53 351
53 352
54 353
54 354
55 355
55 356
56 357
56 358
57 359
57 360
58 361
58 362
59 363
59 364
60 365
60 366
61 367
61 368
62 369
62 370
63 371
63 372
64 373
64 374
65 375
65 376
66 377
66 378
67 379
67 380
68 381
68 382
69 383
69 384
70 385
70 386
71 387
71 388
72 389
72 390
73 391
73 392
74 393
74 394
75 395
75 396
76 397
76 398
77 399
77 400
78 401
78 402
79 403
79 404
80 405
80 406
81 407
81 408
82 409
82 410
83 411
83 412
84 413
84 414
85 415
85 416
86 417
86 418
87 419
87 420
88 421
88 422
89 423
89 424
90 425
90 426
91 427
91 428
92 429
92 430
93 431
93 432
94 433
94 434
95 435
95 436
96 437
96 438
97 439
97 440
98 441
98 442
99 443
99 444
100 445
100 446
101 447
101 448
102 449
102 450
103 451
103 452
104 453
104 454
105 455
105 456
106 457
106 458
107 459
107 460
108 461
108 462
109 463
109 464
110 465
110 466
111 467
111 468
112 469
112 470
113 471
113 472
114 473
114 474
115 475
115 476
116 477
116 478
117 479
117 480
118 481
118 482
119 483
119 484
120 485
120 486
121 487
121 488
122 489
122 490
123 491
123 492
124 493
124 494
125 495
125 496
126 497
126 498
127 499
127 500
128 501
128 502
129 503
129 504
130 505
130 506
131 507
131 508
132 509
132 510
133 511
133 512
134 513
134 514
135 515
135 516
136 517
136 518
137 519
137 520
138 521
138 522
139 523
139 524
140 525
140 526
141 527
141 528
142 529
142 530
143 531
143 532
144 533
144 534
145 535
145 536
146 537
146 538
147 539
147 540
148 541
148 542
149 543
149 544
150 545
150 546
151 547
151 548
152 549
152 550
153 551
153 552
154 553
154 554
155 555
155 556
156 557
156 558
157 559
157 560
158 561
158 562
159 563
159 564
160 565
160 566
161 567
161 568
162 569
162 570
163 571
163 572
164 573
164 574
165 575
165 576
166 577
166 578
167 579
167 580
168 581
168 582
169 583
169 584
170 585
170 586
171 587
171 588
172 589
172 590
173 591
173 592
174 593
174 594
175 595
175 596
176 597
176 598
177 599
177 600
178 601
178 602
179 603
179 604
180 605
180 606
181 607
181 608
182 609
182 610
183 611
183 612
184 613
184 614
185 615
185 616
186 617
186 618
187 619
187 620
188 621
188 622
189 623
189 624
190 625
190 626
191 627
191 628
192 629
192 630
193 631
193 632
194 633
194 634
195 635
195 636
196 637
196 638
197 639
197 640
198 641
198 642
199 643
199 644
200 645
200 646
201 647
201 648
202 649
202 650
203 651
203 652
204 653
204 654
205 655
205 656
206 657
206 658
207 659
207 660
208 661
208 662
209 663
209 664
210 665
210 666
211 667
211 668
212 669
212 670
213 671
213 672
214 673
214 674
215 675
215 676
216 677
216 678
217 679
217 680
218 681
218 682
219 683
219 684
220 685
220 686
221 687
221 688
222 689
222 690
223 691
223 692
224 693
224 694
225 695
225 696
226 697
226 698
227 699
227 700
228 701
228 702
229 703
229 704
230 705
230 706
231 707
231 708
232 709
232 710
233 711
233 712
234 713
234 714
235 715
235 716
236 717
236 718
237 719
237 720
238 721
238 722
239 723
239 724
240 725
240 726
241 727
241 728
242 729
242 730
243 731
243 732
244 733
244 734
