0 17
0 306
0 42
0 148
0 294
0 199
0 154
0 75
0 140
0 74
1 157
1 305
1 306
1 213
1 341
1 231
1 329
1 252
1 269
1 143
2 336
2 225
2 338
2 36
2 86
2 129
2 248
2 108
2 306
2 31
3 17
3 188
3 52
3 261
3 81
3 247
3 281
3 346
3 11
3 220
4 144
4 209
4 338
4 323
4 85
4 177
4 184
4 307
4 31
4 181
5 40
5 358
5 118
5 135
5 152
5 168
5 359
5 253
5 110
5 24
6 48
6 81
6 274
6 67
6 308
6 293
6 103
6 232
6 218
6 165
7 98
7 331
7 41
7 219
7 121
7 249
7 139
7 204
7 237
7 61
8 232
8 18
8 291
8 179
8 22
8 71
8 184
8 59
8 62
8 311
9 353
9 114
9 275
9 126
9 22
9 25
9 202
9 156
9 141
9 286
10 272
10 208
10 309
10 279
10 172
10 250
10 123
10 108
10 257
10 45
11 123
11 83
11 116
11 262
11 168
11 298
11 155
11 122
11 111
12 241
12 99
12 52
12 118
12 120
12 268
12 346
12 91
12 76
12 206
13 24
13 211
13 196
13 126
13 120
13 314
13 284
13 58
13 286
13 269
14 320
14 339
14 147
14 163
14 182
14 217
14 170
14 172
14 62
14 207
15 336
15 352
15 327
15 132
15 231
15 344
15 43
15 109
15 238
15 271
16 177
16 308
16 134
16 182
16 215
16 73
16 90
16 203
16 334
16 353
17 193
17 97
17 258
17 229
17 215
17 138
17 199
17 330
18 160
18 114
18 260
18 165
18 310
18 169
18 43
18 92
18 333
19 56
19 356
19 166
19 70
19 264
19 57
19 358
19 331
19 234
19 79
20 221
20 131
20 324
20 155
20 22
20 120
20 249
20 319
20 77
20 239
21 64
21 33
21 259
21 228
21 126
21 183
21 72
21 25
21 334
21 159
22 176
22 280
22 132
22 41
22 112
22 76
22 80
23 280
23 130
23 214
23 193
23 264
23 202
23 299
23 360
23 305
23 223
24 193
24 290
24 84
24 359
24 56
24 347
24 348
24 142
25 256
25 81
25 274
25 355
25 341
25 216
25 43
25 78
26 321
26 306
26 307
26 254
26 166
26 151
26 107
26 285
26 334
26 125
27 108
27 147
27 148
27 213
27 102
27 328
27 121
27 203
27 156
27 259
28 256
28 113
28 180
28 118
28 73
28 95
28 75
28 60
28 255
28 207
29 48
29 241
29 242
29 350
29 158
29 84
29 185
29 317
29 62
29 101
30 229
30 99
30 100
30 358
30 38
30 295
30 228
30 250
30 215
30 319
31 337
31 203
31 89
31 200
31 297
31 250
31 91
31 314
32 256
32 353
32 195
32 56
32 321
32 200
32 323
32 172
32 286
32 271
33 237
33 147
33 212
33 101
33 195
33 72
33 325
33 45
33 350
34 64
34 104
34 341
34 134
34 329
34 232
34 313
34 156
34 337
34 175
35 305
35 355
35 52
35 277
35 73
35 328
35 345
35 75
35 142
35 223
36 100
36 118
36 216
36 244
36 306
36 140
36 162
36 222
36 335
37 112
37 113
37 243
37 196
37 310
37 358
37 340
37 75
37 255
37 47
38 160
38 157
38 115
38 117
38 333
38 69
38 107
38 141
38 213
39 336
39 113
39 98
39 262
39 120
39 137
39 154
39 335
39 333
39 255
40 45
40 213
40 41
40 344
40 137
40 138
40 311
40 265
40 109
41 272
41 178
41 325
41 137
41 42
41 205
41 61
42 145
42 274
42 182
42 342
42 233
42 152
42 87
42 254
43 240
43 303
43 355
43 196
43 149
43 233
43 127
44 256
44 321
44 178
44 163
44 118
44 263
44 282
44 253
44 270
44 221
45 227
45 246
45 134
45 152
45 285
45 110
45 269
46 80
46 178
46 259
46 171
46 219
46 248
46 169
46 346
46 315
46 60
47 200
47 66
47 139
47 118
47 161
47 168
47 62
47 318
47 191
48 188
48 87
48 252
48 138
48 187
48 108
48 206
48 268
49 283
49 52
49 276
49 151
49 329
49 330
49 203
49 135
49 218
49 159
50 194
50 347
50 117
50 54
50 279
50 119
50 57
50 271
50 301
50 285
51 241
51 210
51 116
51 310
51 134
51 337
51 248
51 316
51 212
51 92
52 59
52 164
52 342
52 219
52 269
52 270
53 177
53 82
53 193
53 65
53 295
53 250
53 311
53 332
53 210
53 334
54 160
54 214
54 359
54 348
54 91
54 172
54 253
54 110
54 159
55 208
55 226
55 164
55 102
55 233
55 57
55 202
55 343
55 253
55 127
56 148
56 85
56 195
56 265
56 253
56 206
56 277
57 353
57 66
57 116
57 327
57 73
57 203
57 185
58 193
58 210
58 267
58 220
58 200
58 313
58 155
58 252
58 222
59 256
59 163
59 197
59 199
59 313
59 74
59 332
59 62
60 311
60 322
60 131
60 327
60 71
60 204
60 317
60 78
61 289
61 226
61 347
61 312
61 74
61 107
61 236
61 98
62 226
62 213
62 230
62 242
62 185
63 81
63 178
63 180
63 357
63 278
63 185
63 342
63 235
63 140
63 285
64 144
64 165
64 299
64 197
64 91
64 137
64 107
64 93
65 336
65 352
65 164
65 278
65 199
65 228
65 122
65 263
65 330
66 96
66 241
66 146
66 275
66 262
66 279
66 319
66 333
67 304
67 306
67 291
67 308
67 133
67 340
67 121
67 172
67 181
68 129
68 323
68 292
68 222
68 325
68 121
68 218
68 220
68 206
68 319
69 304
69 289
69 194
69 179
69 90
69 200
69 169
69 170
69 154
70 354
70 147
70 245
70 132
70 283
70 125
70 349
70 318
70 269
71 272
71 320
71 114
71 259
71 117
71 139
71 158
71 309
72 320
72 259
72 245
72 198
72 104
72 128
72 267
72 173
73 322
73 148
73 101
73 230
73 136
73 282
74 146
74 339
74 167
74 106
74 283
74 253
74 174
75 160
75 212
75 151
75 300
75 172
75 245
76 177
76 165
76 278
76 296
76 95
76 317
76 280
76 173
77 200
77 85
77 88
77 297
77 282
77 271
77 332
77 238
77 95
78 289
78 308
78 167
78 129
78 186
78 235
78 348
78 222
79 224
79 82
79 340
79 293
79 342
79 103
79 235
79 86
79 349
80 225
80 266
80 166
80 263
80 296
80 234
80 204
80 170
81 96
81 176
81 84
81 249
81 106
81 222
82 352
82 261
82 103
82 136
82 314
82 91
82 332
82 109
83 114
83 257
83 178
83 131
83 261
83 232
83 187
83 171
83 125
84 136
84 123
84 117
84 121
84 314
84 331
84 85
85 352
85 324
85 229
85 87
85 238
85 288
86 113
86 139
86 343
86 184
86 315
86 267
86 191
86 318
87 337
87 195
87 267
87 155
87 348
87 173
87 285
88 240
88 253
88 100
88 213
88 153
88 281
88 186
88 139
88 223
89 257
89 99
89 105
89 329
89 200
89 153
89 333
89 334
89 95
90 144
90 258
90 323
90 147
90 101
90 106
90 222
90 111
91 219
91 183
91 252
91 281
91 335
92 194
92 242
92 245
92 231
92 233
92 327
92 190
92 207
93 240
93 163
93 102
93 278
93 359
93 313
93 311
93 140
93 270
94 225
94 274
94 114
94 113
94 265
94 293
94 203
94 338
94 237
94 335
95 176
95 245
95 167
95 351
95 334
95 261
96 112
96 101
96 230
96 113
96 250
96 173
96 190
96 117
97 179
97 182
97 230
97 216
97 355
97 159
97 220
97 238
97 254
98 320
98 161
98 309
98 151
98 239
98 238
98 175
99 322
99 115
99 179
99 195
99 297
99 135
99 223
100 288
100 162
100 190
100 308
100 121
100 250
100 255
101 178
101 229
101 135
101 141
101 221
102 226
102 147
102 162
102 194
102 185
102 218
102 237
103 256
103 141
103 343
103 217
103 169
103 311
103 183
104 107
104 227
104 150
104 263
104 172
104 351
104 135
104 319
105 224
105 161
105 226
105 187
105 244
105 315
105 268
105 237
105 304
106 336
106 144
106 212
106 181
106 243
106 205
106 165
107 119
107 184
107 216
107 350
107 175
108 257
108 324
108 262
108 326
108 240
108 254
109 339
109 163
109 212
109 313
109 250
109 219
109 290
110 192
110 321
110 291
110 357
110 278
110 136
110 189
111 128
111 302
111 342
111 313
111 297
111 252
111 205
111 318
112 146
112 171
112 297
112 282
112 187
112 124
112 349
113 144
113 130
113 218
113 235
114 160
114 347
114 326
114 295
114 345
115 177
115 274
115 326
115 279
115 299
115 186
115 155
115 181
116 210
116 275
116 155
116 156
116 314
116 348
116 254
117 275
117 119
117 234
117 146
117 247
118 192
118 316
118 212
118 319
119 128
119 342
119 214
119 311
119 314
119 186
119 234
120 352
120 280
120 162
120 328
120 345
120 206
121 126
121 217
121 300
121 238
122 355
122 180
122 357
122 166
122 231
122 249
122 189
122 143
123 273
123 274
123 165
123 294
123 237
123 206
123 189
124 148
124 358
124 214
124 279
124 312
124 249
124 207
124 318
124 309
125 307
125 180
125 302
125 232
125 258
125 190
125 143
126 288
126 304
126 195
126 277
126 246
126 183
127 176
127 325
127 326
127 313
127 312
127 217
127 347
127 284
128 208
128 152
128 338
128 260
128 360
128 312
128 174
129 192
129 180
129 278
129 233
129 292
129 138
129 187
130 136
130 196
130 215
130 328
130 218
130 298
130 315
130 305
131 176
131 161
131 360
131 312
131 291
131 186
131 350
132 273
132 323
132 261
132 135
132 280
132 238
132 271
133 320
133 354
133 166
133 168
133 329
133 298
133 187
133 269
133 270
134 261
134 182
134 136
134 175
134 284
134 293
135 177
135 244
135 300
135 213
136 211
136 343
136 329
136 286
137 215
137 261
137 167
137 171
137 140
137 205
138 188
138 186
138 255
138 332
138 337
138 296
139 179
139 264
139 283
139 211
139 174
140 273
140 307
140 244
140 279
140 171
141 240
141 354
141 341
141 217
141 296
141 143
142 273
142 354
142 148
142 243
142 185
142 283
142 248
142 206
143 320
143 166
143 310
143 183
143 223
143 156
144 245
144 186
144 248
144 201
144 351
145 322
145 350
145 343
145 328
145 327
145 252
145 269
145 254
145 159
146 257
146 323
146 340
146 269
146 286
146 303
147 251
147 292
147 358
147 350
148 163
148 219
148 172
148 189
149 208
149 312
149 251
149 164
149 295
149 247
149 360
149 216
149 285
150 304
150 152
150 323
150 212
150 227
150 330
150 332
150 314
150 205
151 293
151 313
151 216
151 281
151 186
151 188
152 275
152 295
152 287
152 333
152 341
153 192
153 273
153 322
153 181
153 199
153 202
153 338
153 234
154 209
154 274
154 328
154 283
154 204
154 338
154 175
155 288
155 337
155 264
155 353
156 307
156 213
156 231
156 232
156 204
157 209
157 179
157 357
157 263
157 216
157 329
157 170
157 316
158 192
158 161
158 227
158 179
158 360
158 281
158 188
158 169
159 214
159 262
159 263
159 251
159 191
160 310
160 259
160 281
160 166
160 357
161 321
161 215
161 202
161 298
161 170
162 256
162 241
162 265
162 249
162 319
162 173
163 299
163 202
163 318
163 197
164 288
164 307
164 195
164 360
164 173
164 285
165 227
165 276
165 307
165 234
166 217
166 169
166 207
167 289
167 273
167 216
167 282
167 267
167 247
168 246
168 340
168 294
168 265
168 202
168 252
169 284
169 282
169 300
169 301
170 292
170 246
170 232
170 214
170 335
171 246
171 236
171 182
171 275
171 346
172 275
172 269
173 196
173 277
173 217
173 190
174 289
174 267
174 352
174 233
174 301
174 302
174 189
175 331
175 260
175 354
175 242
175 299
176 198
176 345
176 248
176 201
176 279
177 181
177 347
177 283
177 207
178 352
178 226
178 334
178 271
179 244
179 295
179 237
180 208
180 347
180 297
180 266
180 235
181 209
181 291
181 225
181 265
182 292
182 277
182 359
182 251
183 209
183 194
183 248
183 266
183 267
184 352
184 241
184 243
184 340
184 341
184 316
185 259
185 342
185 298
185 255
186 353
186 317
187 256
187 201
187 315
187 302
188 352
188 209
188 211
188 340
188 346
189 247
189 292
189 299
189 333
189 335
190 225
190 248
190 328
190 271
190 191
191 289
191 196
191 302
191 215
191 202
191 349
192 225
192 227
192 219
192 268
192 205
193 241
193 199
193 328
193 247
193 321
194 336
194 209
194 309
194 357
194 346
195 354
195 283
195 215
196 234
196 250
196 238
196 287
197 230
197 246
197 298
197 284
197 341
197 318
197 239
198 208
198 306
198 227
198 203
198 344
198 331
198 205
198 350
199 277
199 345
199 235
199 302
200 307
200 244
200 346
201 323
201 324
201 213
201 235
201 248
201 276
201 257
202 262
202 237
203 339
203 298
203 206
204 242
204 259
204 356
204 246
204 234
205 210
205 342
205 223
206 330
206 351
207 304
207 354
207 282
207 347
208 357
208 360
208 220
208 351
209 304
209 225
209 346
210 245
210 277
210 219
210 338
210 351
211 340
211 358
211 231
211 217
211 335
211 271
212 245
212 221
212 350
213 356
214 327
214 262
214 311
214 343
215 356
215 258
216 312
216 327
217 353
217 342
218 250
218 300
218 346
218 222
219 291
219 235
220 290
220 257
220 328
220 260
220 268
221 272
221 262
221 344
221 235
221 318
221 255
222 288
222 254
222 260
223 265
223 266
223 252
223 349
224 353
224 296
224 268
224 312
224 331
224 316
224 349
224 270
225 292
225 280
225 236
226 354
226 334
226 265
226 236
227 240
227 285
227 325
228 243
228 293
228 230
228 345
228 315
228 348
228 301
229 287
229 245
229 326
229 257
229 316
229 283
230 276
230 305
230 241
230 268
231 242
231 356
231 279
231 329
232 306
232 282
232 343
233 312
233 309
233 264
233 317
234 300
234 332
235 284
236 337
236 342
236 246
236 306
236 317
236 290
237 348
237 269
238 352
238 291
239 318
239 259
239 359
239 270
239 315
239 252
239 286
240 256
240 339
240 329
240 346
241 309
241 337
242 336
242 261
242 326
242 270
243 304
243 289
243 297
243 266
243 349
244 357
244 246
244 332
244 317
245 339
246 299
247 277
247 305
247 344
247 284
248 320
249 321
249 264
249 330
249 332
250 274
251 294
251 292
251 325
251 297
251 355
251 268
252 303
253 264
253 324
253 287
254 264
254 316
254 273
255 263
255 316
255 303
256 264
257 343
257 349
258 263
258 267
258 353
258 344
258 314
258 331
259 360
260 341
260 343
260 296
260 298
260 299
261 322
261 303
262 349
262 297
263 276
263 310
264 316
265 299
265 303
266 288
266 276
266 293
266 296
266 270
267 324
267 294
268 275
268 301
270 360
270 271
271 288
272 325
272 326
272 328
272 329
272 295
272 335
273 321
273 284
273 276
274 354
274 281
275 313
275 296
276 327
276 301
276 351
277 314
277 311
278 353
278 356
278 325
278 310
279 320
279 357
280 358
280 282
280 315
280 300
281 289
281 334
281 293
282 359
283 336
284 322
284 301
285 358
285 298
286 303
286 355
286 356
286 347
287 336
287 305
287 302
287 345
287 350
287 309
288 324
288 348
289 322
289 292
290 356
290 327
290 324
290 308
290 317
290 334
291 321
291 314
291 330
292 339
293 345
293 351
294 338
294 324
294 310
294 317
294 319
295 296
295 308
295 301
296 332
297 356
298 321
299 319
300 312
300 325
300 330
301 345
301 331
302 322
302 307
302 338
303 304
303 337
303 347
304 344
305 340
305 325
305 360
306 355
307 320
308 336
308 350
308 309
309 326
310 340
310 315
311 333
313 335
315 330
316 324
317 341
318 331
319 326
320 339
322 348
323 339
323 326
327 333
330 359
331 349
333 351
335 348
337 359
338 341
339 351
343 359
344 357
344 358
344 345
354 355
355 356
0 361
0 362
0 363
0 364
0 365
0 366
0 367
1 368
1 369
1 370
1 371
1 372
1 373
1 374
2 375
2 376
2 377
2 378
2 379
2 380
2 381
3 382
3 383
3 384
3 385
3 386
3 387
3 388
4 389
4 390
4 391
4 392
4 393
4 394
4 395
5 396
5 397
5 398
5 399
5 400
5 401
5 402
6 403
6 404
6 405
6 406
6 407
6 408
6 409
7 410
7 411
7 412
7 413
7 414
7 415
7 416
8 417
8 418
8 419
8 420
8 421
8 422
8 423
9 424
9 425
9 426
9 427
9 428
9 429
9 430
10 431
10 432
10 433
10 434
10 435
10 436
10 437
11 438
11 439
11 440
11 441
11 442
11 443
11 444
12 445
12 446
12 447
12 448
12 449
12 450
12 451
13 452
13 453
13 454
13 455
13 456
13 457
13 458
14 459
14 460
14 461
14 462
14 463
14 464
14 465
15 466
15 467
15 468
15 469
15 470
15 471
15 472
16 473
16 474
16 475
16 476
16 477
16 478
16 479
17 480
17 481
17 482
17 483
17 484
17 485
17 486
18 487
18 488
18 489
18 490
18 491
18 492
18 493
19 494
19 495
19 496
19 497
19 498
19 499
19 500
20 501
20 502
20 503
20 504
20 505
20 506
20 507
21 508
21 509
21 510
21 511
21 512
21 513
21 514
22 515
22 516
22 517
22 518
22 519
22 520
22 521
23 522
23 523
23 524
23 525
23 526
23 527
23 528
24 529
24 530
24 531
24 532
24 533
24 534
24 535
25 536
25 537
25 538
25 539
25 540
25 541
25 542
26 543
26 544
26 545
26 546
26 547
26 548
26 549
27 550
27 551
27 552
27 553
27 554
27 555
27 556
28 557
28 558
28 559
28 560
28 561
28 562
28 563
29 564
29 565
29 566
29 567
29 568
29 569
29 570
30 571
30 572
30 573
30 574
30 575
30 576
30 577
31 578
31 579
31 580
31 581
31 582
31 583
31 584
32 585
32 586
32 587
32 588
32 589
32 590
32 591
33 592
33 593
33 594
33 595
33 596
33 597
33 598
34 599
34 600
34 601
34 602
34 603
34 604
34 605
35 606
35 607
35 608
35 609
35 610
35 611
35 612
36 613
36 614
36 615
36 616
36 617
36 618
36 619
37 620
37 621
37 622
37 623
37 624
37 625
37 626
38 627
38 628
38 629
38 630
38 631
38 632
38 633
39 634
39 635
39 636
39 637
39 638
39 639
39 640
40 641
40 642
40 643
40 644
40 645
40 646
40 647
41 648
41 649
41 650
41 651
41 652
41 653
41 654
42 655
42 656
42 657
42 658
42 659
42 660
42 661
43 662
43 663
43 664
43 665
43 666
43 667
43 668
44 669
44 670
44 671
44 672
44 673
44 674
44 675
45 676
45 677
45 678
45 679
45 680
45 681
45 682
46 683
46 684
46 685
46 686
46 687
46 688
46 689
47 690
47 691
47 692
47 693
47 694
47 695
47 696
48 697
48 698
48 699
48 700
48 701
48 702
48 703
49 704
49 705
49 706
49 707
49 708
49 709
49 710
50 711
50 712
50 713
50 714
50 715
50 716
50 717
51 718
51 719
51 720
51 721
51 722
51 723
51 724
52 725
52 726
52 727
52 728
52 729
52 730
52 731
53 732
53 733
53 734
53 735
53 736
53 737
53 738
54 739
54 740
54 741
54 742
54 743
54 744
54 745
55 746
55 747
55 748
55 749
55 750
55 751
55 752
56 753
56 754
56 755
56 756
56 757
56 758
56 759
57 760
57 761
57 762
57 763
57 764
57 765
57 766
58 767
58 768
58 769
58 770
58 771
58 772
58 773
59 774
59 775
59 776
59 777
59 778
59 779
59 780
60 781
60 782
60 783
60 784
60 785
60 786
60 787
61 788
61 789
61 790
61 791
61 792
61 793
61 794
62 795
62 796
62 797
62 798
62 799
62 800
62 801
63 802
63 803
63 804
63 805
63 806
63 807
63 808
64 809
64 810
64 811
64 812
64 813
64 814
64 815
65 816
65 817
65 818
65 819
65 820
65 821
65 822
66 823
66 824
66 825
66 826
66 827
66 828
66 829
67 830
67 831
67 832
67 833
67 834
67 835
67 836
68 837
68 838
68 839
68 840
68 841
68 842
68 843
69 844
69 845
69 846
69 847
69 848
69 849
69 850
70 851
70 852
70 853
70 854
70 855
70 856
70 857
71 858
71 859
71 860
71 861
71 862
71 863
71 864
72 865
72 866
72 867
72 868
72 869
72 870
72 871
73 872
73 873
73 874
73 875
73 876
73 877
73 878
74 879
74 880
74 881
74 882
74 883
74 884
74 885
75 886
75 887
75 888
75 889
75 890
75 891
75 892
76 893
76 894
76 895
76 896
76 897
76 898
76 899
77 900
77 901
77 902
77 903
77 904
77 905
77 906
78 907
78 908
78 909
78 910
78 911
78 912
78 913
79 914
79 915
79 916
79 917
79 918
79 919
79 920
80 921
80 922
80 923
80 924
80 925
80 926
80 927
81 928
81 929
81 930
81 931
81 932
81 933
81 934
82 935
82 936
82 937
82 938
82 939
82 940
82 941
83 942
83 943
83 944
83 945
83 946
83 947
83 948
84 949
84 950
84 951
84 952
84 953
84 954
84 955
85 956
85 957
85 958
85 959
85 960
85 961
85 962
86 963
86 964
86 965
86 966
86 967
86 968
86 969
87 970
87 971
87 972
87 973
87 974
87 975
87 976
88 977
88 978
88 979
88 980
88 981
88 982
88 983
89 984
89 985
89 986
89 987
89 988
89 989
89 990
90 991
90 992
90 993
90 994
90 995
90 996
90 997
91 998
91 999
91 1000
91 1001
91 1002
91 1003
91 1004
92 1005
92 1006
92 1007
92 1008
92 1009
92 1010
92 1011
93 1012
93 1013
93 1014
93 1015
93 1016
93 1017
93 1018
94 1019
94 1020
94 1021
94 1022
94 1023
94 1024
94 1025
95 1026
95 1027
95 1028
95 1029
95 1030
95 1031
95 1032
96 1033
96 1034
96 1035
96 1036
96 1037
96 1038
96 1039
97 1040
97 1041
97 1042
97 1043
97 1044
97 1045
97 1046
98 1047
98 1048
98 1049
98 1050
98 1051
98 1052
98 1053
99 1054
99 1055
99 1056
99 1057
99 1058
99 1059
99 1060
100 1061
100 1062
100 1063
100 1064
100 1065
100 1066
100 1067
101 1068
101 1069
101 1070
101 1071
101 1072
101 1073
101 1074
102 1075
102 1076
102 1077
102 1078
102 1079
102 1080
102 1081
103 1082
103 1083
103 1084
103 1085
103 1086
103 1087
103 1088
104 1089
104 1090
104 1091
104 1092
104 1093
104 1094
104 1095
105 1096
105 1097
105 1098
105 1099
105 1100
105 1101
105 1102
106 1103
106 1104
106 1105
106 1106
106 1107
106 1108
106 1109
107 1110
107 1111
107 1112
107 1113
107 1114
107 1115
107 1116
108 1117
108 1118
108 1119
108 1120
108 1121
108 1122
108 1123
109 1124
109 1125
109 1126
109 1127
109 1128
109 1129
109 1130
110 1131
110 1132
110 1133
110 1134
110 1135
110 1136
110 1137
111 1138
111 1139
111 1140
111 1141
111 1142
111 1143
111 1144
112 1145
112 1146
112 1147
112 1148
112 1149
112 1150
112 1151
113 1152
113 1153
113 1154
113 1155
113 1156
113 1157
113 1158
114 1159
114 1160
114 1161
114 1162
114 1163
114 1164
114 1165
115 1166
115 1167
115 1168
115 1169
115 1170
115 1171
115 1172
116 1173
116 1174
116 1175
116 1176
116 1177
116 1178
116 1179
117 1180
117 1181
117 1182
117 1183
117 1184
117 1185
117 1186
118 1187
118 1188
118 1189
118 1190
118 1191
118 1192
118 1193
119 1194
119 1195
119 1196
119 1197
119 1198
119 1199
119 1200
120 1201
120 1202
120 1203
120 1204
120 1205
120 1206
120 1207
121 1208
121 1209
121 1210
121 1211
121 1212
121 1213
121 1214
122 1215
122 1216
122 1217
122 1218
122 1219
122 1220
122 1221
123 1222
123 1223
123 1224
123 1225
123 1226
123 1227
123 1228
124 1229
124 1230
124 1231
124 1232
124 1233
124 1234
124 1235
125 1236
125 1237
125 1238
125 1239
125 1240
125 1241
125 1242
126 1243
126 1244
126 1245
126 1246
126 1247
126 1248
126 1249
127 1250
127 1251
127 1252
127 1253
127 1254
127 1255
127 1256
128 1257
128 1258
128 1259
128 1260
128 1261
128 1262
128 1263
129 1264
129 1265
129 1266
129 1267
129 1268
129 1269
129 1270
130 1271
130 1272
130 1273
130 1274
130 1275
130 1276
130 1277
131 1278
131 1279
131 1280
131 1281
131 1282
131 1283
131 1284
132 1285
132 1286
132 1287
132 1288
132 1289
132 1290
132 1291
133 1292
133 1293
133 1294
133 1295
133 1296
133 1297
133 1298
134 1299
134 1300
134 1301
134 1302
134 1303
134 1304
134 1305
135 1306
135 1307
135 1308
135 1309
135 1310
135 1311
135 1312
136 1313
136 1314
136 1315
136 1316
136 1317
136 1318
136 1319
137 1320
137 1321
137 1322
137 1323
137 1324
137 1325
137 1326
138 1327
138 1328
138 1329
138 1330
138 1331
138 1332
138 1333
139 1334
139 1335
139 1336
139 1337
139 1338
139 1339
139 1340
140 1341
140 1342
140 1343
140 1344
140 1345
140 1346
140 1347
141 1348
141 1349
141 1350
141 1351
141 1352
141 1353
141 1354
142 1355
142 1356
142 1357
142 1358
142 1359
142 1360
142 1361
143 1362
143 1363
143 1364
143 1365
143 1366
143 1367
143 1368
144 1369
144 1370
144 1371
144 1372
144 1373
144 1374
144 1375
145 1376
145 1377
145 1378
145 1379
145 1380
145 1381
145 1382
146 1383
146 1384
146 1385
146 1386
146 1387
146 1388
146 1389
147 1390
147 1391
147 1392
147 1393
147 1394
147 1395
147 1396
148 1397
148 1398
148 1399
148 1400
148 1401
148 1402
148 1403
149 1404
149 1405
149 1406
149 1407
149 1408
149 1409
149 1410
150 1411
150 1412
150 1413
150 1414
150 1415
150 1416
150 1417
151 1418
151 1419
151 1420
151 1421
151 1422
151 1423
151 1424
152 1425
152 1426
152 1427
152 1428
152 1429
152 1430
152 1431
153 1432
153 1433
153 1434
153 1435
153 1436
153 1437
153 1438
154 1439
154 1440
154 1441
154 1442
154 1443
154 1444
154 1445
155 1446
155 1447
155 1448
155 1449
155 1450
155 1451
155 1452
156 1453
156 1454
156 1455
156 1456
156 1457
156 1458
156 1459
157 1460
157 1461
157 1462
157 1463
157 1464
157 1465
157 1466
158 1467
158 1468
158 1469
158 1470
158 1471
158 1472
158 1473
159 1474
159 1475
159 1476
159 1477
159 1478
159 1479
159 1480
160 1481
160 1482
160 1483
160 1484
160 1485
160 1486
160 1487
161 1488
161 1489
161 1490
161 1491
161 1492
161 1493
161 1494
162 1495
162 1496
162 1497
162 1498
162 1499
162 1500
162 1501
163 1502
163 1503
163 1504
163 1505
163 1506
163 1507
163 1508
164 1509
164 1510
164 1511
164 1512
164 1513
164 1514
164 1515
165 1516
165 1517
165 1518
165 1519
165 1520
165 1521
165 1522
166 1523
166 1524
166 1525
166 1526
166 1527
166 1528
166 1529
167 1530
167 1531
167 1532
167 1533
167 1534
167 1535
167 1536
168 1537
168 1538
168 1539
168 1540
168 1541
168 1542
168 1543
169 1544
169 1545
169 1546
169 1547
169 1548
169 1549
169 1550
170 1551
170 1552
170 1553
170 1554
170 1555
170 1556
170 1557
171 1558
171 1559
171 1560
171 1561
171 1562
171 1563
171 1564
172 1565
172 1566
172 1567
172 1568
172 1569
172 1570
172 1571
173 1572
173 1573
173 1574
173 1575
173 1576
173 1577
173 1578
174 1579
174 1580
174 1581
174 1582
174 1583
174 1584
174 1585
175 1586
175 1587
175 1588
175 1589
175 1590
175 1591
175 1592
176 1593
176 1594
176 1595
176 1596
176 1597
176 1598
176 1599
177 1600
177 1601
177 1602
177 1603
177 1604
177 1605
177 1606
178 1607
178 1608
178 1609
178 1610
178 1611
178 1612
178 1613
179 1614
179 1615
179 1616
179 1617
179 1618
179 1619
179 1620
180 1621
180 1622
180 1623
180 1624
180 1625
180 1626
180 1627
181 1628
181 1629
181 1630
181 1631
181 1632
181 1633
181 1634
182 1635
182 1636
182 1637
182 1638
182 1639
182 1640
182 1641
183 1642
183 1643
183 1644
183 1645
183 1646
183 1647
183 1648
184 1649
184 1650
184 1651
184 1652
184 1653
184 1654
184 1655
185 1656
185 1657
185 1658
185 1659
185 1660
185 1661
185 1662
186 1663
186 1664
186 1665
186 1666
186 1667
186 1668
186 1669
187 1670
187 1671
187 1672
187 1673
187 1674
187 1675
187 1676
188 1677
188 1678
188 1679
188 1680
188 1681
188 1682
188 1683
189 1684
189 1685
189 1686
189 1687
189 1688
189 1689
189 1690
190 1691
190 1692
190 1693
190 1694
190 1695
190 1696
190 1697
191 1698
191 1699
191 1700
191 1701
191 1702
191 1703
191 1704
192 1705
192 1706
192 1707
192 1708
192 1709
192 1710
192 1711
193 1712
193 1713
193 1714
193 1715
193 1716
193 1717
193 1718
194 1719
194 1720
194 1721
194 1722
194 1723
194 1724
194 1725
195 1726
195 1727
195 1728
195 1729
195 1730
195 1731
195 1732
196 1733
196 1734
196 1735
196 1736
196 1737
196 1738
196 1739
197 1740
197 1741
197 1742
197 1743
197 1744
197 1745
197 1746
198 1747
198 1748
198 1749
198 1750
198 1751
198 1752
198 1753
199 1754
199 1755
199 1756
199 1757
199 1758
199 1759
199 1760
200 1761
200 1762
200 1763
200 1764
200 1765
200 1766
200 1767
201 1768
201 1769
201 1770
201 1771
201 1772
201 1773
201 1774
202 1775
202 1776
202 1777
202 1778
202 1779
202 1780
202 1781
203 1782
203 1783
203 1784
203 1785
203 1786
203 1787
203 1788
204 1789
204 1790
204 1791
204 1792
204 1793
204 1794
204 1795
205 1796
205 1797
205 1798
205 1799
205 1800
205 1801
205 1802
206 1803
206 1804
206 1805
206 1806
206 1807
206 1808
206 1809
207 1810
207 1811
207 1812
207 1813
207 1814
207 1815
207 1816
208 1817
208 1818
208 1819
208 1820
208 1821
208 1822
208 1823
209 1824
209 1825
209 1826
209 1827
209 1828
209 1829
209 1830
210 1831
210 1832
210 1833
210 1834
210 1835
210 1836
210 1837
211 1838
211 1839
211 1840
211 1841
211 1842
211 1843
211 1844
212 1845
212 1846
212 1847
212 1848
212 1849
212 1850
212 1851
213 1852
213 1853
213 1854
213 1855
213 1856
213 1857
213 1858
214 1859
214 1860
214 1861
214 1862
214 1863
214 1864
214 1865
215 1866
215 1867
215 1868
215 1869
215 1870
215 1871
215 1872
216 1873
216 1874
216 1875
216 1876
216 1877
216 1878
216 1879
217 1880
217 1881
217 1882
217 1883
217 1884
217 1885
217 1886
218 1887
218 1888
218 1889
218 1890
218 1891
218 1892
218 1893
219 1894
219 1895
219 1896
219 1897
219 1898
219 1899
219 1900
220 1901
220 1902
220 1903
220 1904
220 1905
220 1906
220 1907
221 1908
221 1909
221 1910
221 1911
221 1912
221 1913
221 1914
222 1915
222 1916
222 1917
222 1918
222 1919
222 1920
222 1921
223 1922
223 1923
223 1924
223 1925
223 1926
223 1927
223 1928
224 1929
224 1930
224 1931
224 1932
224 1933
224 1934
224 1935
225 1936
225 1937
225 1938
225 1939
225 1940
225 1941
225 1942
226 1943
226 1944
226 1945
226 1946
226 1947
226 1948
226 1949
227 1950
227 1951
227 1952
227 1953
227 1954
227 1955
227 1956
228 1957
228 1958
228 1959
228 1960
228 1961
228 1962
228 1963
229 1964
229 1965
229 1966
229 1967
229 1968
229 1969
229 1970
230 1971
230 1972
230 1973
230 1974
230 1975
230 1976
230 1977
231 1978
231 1979
231 1980
231 1981
231 1982
231 1983
231 1984
232 1985
232 1986
232 1987
232 1988
232 1989
232 1990
232 1991
233 1992
233 1993
233 1994
233 1995
233 1996
233 1997
233 1998
234 1999
234 2000
234 2001
234 2002
234 2003
234 2004
234 2005
235 2006
235 2007
235 2008
235 2009
235 2010
235 2011
235 2012
236 2013
236 2014
236 2015
236 2016
236 2017
236 2018
236 2019
237 2020
237 2021
237 2022
237 2023
237 2024
237 2025
237 2026
238 2027
238 2028
238 2029
238 2030
238 2031
238 2032
238 2033
239 2034
239 2035
239 2036
239 2037
239 2038
239 2039
239 2040
240 2041
240 2042
240 2043
240 2044
240 2045
240 2046
240 2047
241 2048
241 2049
241 2050
241 2051
241 2052
241 2053
241 2054
242 2055
242 2056
242 2057
242 2058
242 2059
242 2060
242 2061
243 2062
243 2063
243 2064
243 2065
243 2066
243 2067
243 2068
244 2069
244 2070
244 2071
244 2072
244 2073
244 2074
244 2075
245 2076
245 2077
245 2078
245 2079
245 2080
245 2081
245 2082
246 2083
246 2084
246 2085
246 2086
246 2087
246 2088
246 2089
247 2090
247 2091
247 2092
247 2093
247 2094
247 2095
247 2096
248 2097
248 2098
248 2099
248 2100
248 2101
248 2102
248 2103
249 2104
249 2105
249 2106
249 2107
249 2108
249 2109
249 2110
250 2111
250 2112
250 2113
250 2114
250 2115
250 2116
250 2117
251 2118
251 2119
251 2120
251 2121
251 2122
251 2123
251 2124
252 2125
252 2126
252 2127
252 2128
252 2129
252 2130
252 2131
253 2132
253 2133
253 2134
253 2135
253 2136
253 2137
253 2138
254 2139
254 2140
254 2141
254 2142
254 2143
254 2144
254 2145
255 2146
255 2147
255 2148
255 2149
255 2150
255 2151
255 2152
256 2153
256 2154
256 2155
256 2156
256 2157
256 2158
256 2159
257 2160
257 2161
257 2162
257 2163
257 2164
257 2165
257 2166
258 2167
258 2168
258 2169
258 2170
258 2171
258 2172
258 2173
259 2174
259 2175
259 2176
259 2177
259 2178
259 2179
259 2180
260 2181
260 2182
260 2183
260 2184
260 2185
260 2186
260 2187
261 2188
261 2189
261 2190
261 2191
261 2192
261 2193
261 2194
262 2195
262 2196
262 2197
262 2198
262 2199
262 2200
262 2201
263 2202
263 2203
263 2204
263 2205
263 2206
263 2207
263 2208
264 2209
264 2210
264 2211
264 2212
264 2213
264 2214
264 2215
265 2216
265 2217
265 2218
265 2219
265 2220
265 2221
265 2222
266 2223
266 2224
266 2225
266 2226
266 2227
266 2228
266 2229
267 2230
267 2231
267 2232
267 2233
267 2234
267 2235
267 2236
268 2237
268 2238
268 2239
268 2240
268 2241
268 2242
268 2243
269 2244
269 2245
269 2246
269 2247
269 2248
269 2249
269 2250
270 2251
270 2252
270 2253
270 2254
270 2255
270 2256
270 2257
271 2258
271 2259
271 2260
271 2261
271 2262
271 2263
271 2264
272 2265
272 2266
272 2267
272 2268
272 2269
272 2270
272 2271
273 2272
273 2273
273 2274
273 2275
273 2276
273 2277
273 2278
274 2279
274 2280
274 2281
274 2282
274 2283
274 2284
274 2285
275 2286
275 2287
275 2288
275 2289
275 2290
275 2291
275 2292
276 2293
276 2294
276 2295
276 2296
276 2297
276 2298
276 2299
277 2300
277 2301
277 2302
277 2303
277 2304
277 2305
277 2306
278 2307
278 2308
278 2309
278 2310
278 2311
278 2312
278 2313
279 2314
279 2315
279 2316
279 2317
279 2318
279 2319
279 2320
280 2321
280 2322
280 2323
280 2324
280 2325
280 2326
280 2327
281 2328
281 2329
281 2330
281 2331
281 2332
281 2333
281 2334
282 2335
282 2336
282 2337
282 2338
282 2339
282 2340
282 2341
283 2342
283 2343
283 2344
283 2345
283 2346
283 2347
283 2348
284 2349
284 2350
284 2351
284 2352
284 2353
284 2354
284 2355
285 2356
285 2357
285 2358
285 2359
285 2360
285 2361
285 2362
286 2363
286 2364
286 2365
286 2366
286 2367
286 2368
286 2369
287 2370
287 2371
287 2372
287 2373
287 2374
287 2375
287 2376
288 2377
288 2378
288 2379
288 2380
288 2381
288 2382
288 2383
289 2384
289 2385
289 2386
289 2387
289 2388
289 2389
289 2390
290 2391
290 2392
290 2393
290 2394
290 2395
290 2396
290 2397
291 2398
291 2399
291 2400
291 2401
291 2402
291 2403
291 2404
292 2405
292 2406
292 2407
292 2408
292 2409
292 2410
292 2411
293 2412
293 2413
293 2414
293 2415
293 2416
293 2417
293 2418
294 2419
294 2420
294 2421
294 2422
294 2423
294 2424
294 2425
295 2426
295 2427
295 2428
295 2429
295 2430
295 2431
295 2432
296 2433
296 2434
296 2435
296 2436
296 2437
296 2438
296 2439
297 2440
297 2441
297 2442
297 2443
297 2444
297 2445
297 2446
298 2447
298 2448
298 2449
298 2450
298 2451
298 2452
298 2453
299 2454
299 2455
299 2456
299 2457
299 2458
299 2459
299 2460
300 2461
300 2462
300 2463
300 2464
300 2465
300 2466
300 2467
301 2468
301 2469
301 2470
301 2471
301 2472
301 2473
301 2474
302 2475
302 2476
302 2477
302 2478
302 2479
302 2480
302 2481
303 2482
303 2483
303 2484
303 2485
303 2486
303 2487
303 2488
304 2489
304 2490
304 2491
304 2492
304 2493
304 2494
304 2495
305 2496
305 2497
305 2498
305 2499
305 2500
305 2501
305 2502
306 2503
306 2504
306 2505
306 2506
306 2507
306 2508
306 2509
307 2510
307 2511
307 2512
307 2513
307 2514
307 2515
307 2516
308 2517
308 2518
308 2519
308 2520
308 2521
308 2522
308 2523
309 2524
309 2525
309 2526
309 2527
309 2528
309 2529
309 2530
310 2531
310 2532
310 2533
310 2534
310 2535
310 2536
310 2537
311 2538
311 2539
311 2540
311 2541
311 2542
311 2543
311 2544
312 2545
312 2546
312 2547
312 2548
312 2549
312 2550
312 2551
313 2552
313 2553
313 2554
313 2555
313 2556
313 2557
313 2558
314 2559
314 2560
314 2561
314 2562
314 2563
314 2564
314 2565
315 2566
315 2567
315 2568
315 2569
315 2570
315 2571
315 2572
316 2573
316 2574
316 2575
316 2576
316 2577
316 2578
316 2579
317 2580
317 2581
317 2582
317 2583
317 2584
317 2585
317 2586
318 2587
318 2588
318 2589
318 2590
318 2591
318 2592
318 2593
319 2594
319 2595
319 2596
319 2597
319 2598
319 2599
319 2600
320 2601
320 2602
320 2603
320 2604
320 2605
320 2606
320 2607
321 2608
321 2609
321 2610
321 2611
321 2612
321 2613
321 2614
322 2615
322 2616
322 2617
322 2618
322 2619
322 2620
322 2621
323 2622
323 2623
323 2624
323 2625
323 2626
323 2627
323 2628
324 2629
324 2630
324 2631
324 2632
324 2633
324 2634
324 2635
325 2636
325 2637
325 2638
325 2639
325 2640
325 2641
325 2642
326 2643
326 2644
326 2645
326 2646
326 2647
326 2648
326 2649
327 2650
327 2651
327 2652
327 2653
327 2654
327 2655
327 2656
328 2657
328 2658
328 2659
328 2660
328 2661
328 2662
328 2663
329 2664
329 2665
329 2666
329 2667
329 2668
329 2669
329 2670
330 2671
330 2672
330 2673
330 2674
330 2675
330 2676
330 2677
331 2678
331 2679
331 2680
331 2681
331 2682
331 2683
331 2684
332 2685
332 2686
332 2687
332 2688
332 2689
332 2690
332 2691
333 2692
333 2693
333 2694
333 2695
333 2696
333 2697
333 2698
334 2699
334 2700
334 2701
334 2702
334 2703
334 2704
334 2705
335 2706
335 2707
335 2708
335 2709
335 2710
335 2711
335 2712
336 2713
336 2714
336 2715
336 2716
336 2717
336 2718
336 2719
337 2720
337 2721
337 2722
337 2723
337 2724
337 2725
337 2726
338 2727
338 2728
338 2729
338 2730
338 2731
338 2732
338 2733
339 2734
339 2735
339 2736
339 2737
339 2738
339 2739
339 2740
340 2741
340 2742
340 2743
340 2744
340 2745
340 2746
340 2747
341 2748
341 2749
341 2750
341 2751
341 2752
341 2753
341 2754
342 2755
342 2756
342 2757
342 2758
342 2759
342 2760
342 2761
343 2762
343 2763
343 2764
343 2765
343 2766
343 2767
343 2768
344 2769
344 2770
344 2771
344 2772
344 2773
344 2774
344 2775
345 2776
345 2777
345 2778
345 2779
345 2780
345 2781
345 2782
346 2783
346 2784
346 2785
346 2786
346 2787
346 2788
346 2789
347 2790
347 2791
347 2792
347 2793
347 2794
347 2795
347 2796
348 2797
348 2798
348 2799
348 2800
348 2801
348 2802
348 2803
349 2804
349 2805
349 2806
349 2807
349 2808
349 2809
349 2810
350 2811
350 2812
350 2813
350 2814
350 2815
350 2816
350 2817
351 2818
351 2819
351 2820
351 2821
351 2822
351 2823
351 2824
352 2825
352 2826
352 2827
352 2828
352 2829
352 2830
352 2831
353 2832
353 2833
353 2834
353 2835
353 2836
353 2837
353 2838
354 2839
354 2840
354 2841
354 2842
354 2843
354 2844
354 2845
355 2846
355 2847
355 2848
355 2849
355 2850
355 2851
355 2852
356 2853
356 2854
356 2855
356 2856
356 2857
356 2858
356 2859
357 2860
357 2861
357 2862
357 2863
357 2864
357 2865
357 2866
358 2867
358 2868
358 2869
358 2870
358 2871
358 2872
358 2873
359 2874
359 2875
359 2876
359 2877
359 2878
359 2879
359 2880
360 2881
360 2882
360 2883
360 2884
360 2885
360 2886
360 2887
