0 160
0 288
0 291
0 9
0 269
0 175
0 259
0 20
0 311
0 122
0 155
0 156
1 289
1 227
1 132
1 70
1 161
1 45
1 271
1 115
1 25
1 282
1 220
1 222
2 299
2 68
2 10
2 87
2 109
2 205
2 113
2 247
2 280
2 90
2 61
2 62
3 34
3 261
3 5
3 38
3 7
3 108
3 172
3 245
3 279
3 24
3 61
3 85
4 192
4 307
4 269
4 302
4 272
4 306
4 83
4 212
4 21
4 153
4 126
4 309
5 64
5 164
5 69
5 252
5 44
5 50
5 247
5 313
5 154
5 187
5 92
6 288
6 161
6 16
6 169
6 205
6 208
6 86
6 279
6 280
6 154
6 284
6 253
7 128
7 32
7 291
7 100
7 11
7 82
7 205
7 241
7 274
7 207
7 252
8 124
8 174
8 143
8 114
8 253
8 238
8 54
8 23
8 156
8 189
8 254
8 223
9 98
9 238
9 303
9 148
9 181
9 310
9 151
9 249
9 186
9 123
9 157
10 225
10 130
10 134
10 103
10 72
10 205
10 47
10 309
10 89
10 249
10 31
11 76
11 301
11 82
11 115
11 20
11 277
11 54
11 154
11 283
11 188
11 286
12 96
12 36
12 293
12 136
12 277
12 139
12 210
12 270
12 178
12 21
12 292
12 37
13 228
13 118
13 44
13 269
13 80
13 178
13 117
13 246
13 292
13 29
13 318
13 197
14 224
14 64
14 70
14 161
14 40
14 202
14 140
14 289
14 264
14 276
14 156
14 318
15 64
15 194
15 291
15 260
15 17
15 169
15 87
15 49
15 73
15 283
15 92
15 222
16 235
16 228
16 260
16 136
16 299
16 76
16 205
16 273
16 24
16 88
16 94
17 231
17 151
17 281
17 206
17 173
17 241
17 180
17 23
17 249
17 175
17 60
18 96
18 289
18 34
18 67
18 40
18 74
18 304
18 272
18 243
18 212
18 54
18 93
19 193
19 132
19 167
19 136
19 233
19 171
19 184
19 152
19 68
19 200
19 190
19 127
20 40
20 169
20 301
20 110
20 49
20 118
20 87
20 319
20 318
20 63
21 224
21 163
21 278
21 235
21 210
21 271
21 242
21 276
21 86
21 29
22 134
22 106
22 272
22 145
22 50
22 84
22 183
22 248
22 25
22 26
22 222
22 63
23 64
23 266
23 240
23 211
23 119
23 152
23 153
23 188
23 61
23 88
24 32
24 225
24 38
24 48
24 41
24 74
24 295
24 110
24 250
24 255
25 163
25 70
25 168
25 105
25 178
25 82
25 149
25 29
25 318
25 223
26 290
26 100
26 171
26 84
26 190
26 120
26 314
26 188
26 122
26 286
26 127
27 160
27 134
27 231
27 82
27 77
27 50
27 180
27 278
27 123
27 125
27 190
27 159
28 97
28 67
28 230
28 74
28 141
28 210
28 83
28 53
28 150
28 250
28 251
28 221
29 128
29 226
29 103
29 40
29 140
29 111
29 243
29 60
29 287
30 193
30 231
30 60
30 75
30 204
30 304
30 273
30 241
30 57
30 186
30 123
30 316
31 197
31 40
31 110
31 47
31 206
31 49
31 147
31 52
31 309
31 185
31 296
32 288
32 66
32 179
32 266
32 78
32 145
32 275
32 117
32 119
32 62
33 246
33 214
33 177
33 77
33 222
33 81
33 243
33 94
33 150
33 215
33 90
33 158
34 257
34 101
34 200
34 163
34 277
34 313
34 314
34 284
34 189
34 287
35 182
35 102
35 263
35 73
35 268
35 77
35 270
35 278
35 55
35 152
35 57
35 90
36 208
36 129
36 136
36 108
36 240
36 104
36 242
36 148
36 119
36 154
36 190
37 149
37 262
37 104
37 173
37 209
37 179
37 180
37 94
37 182
37 254
37 191
38 160
38 224
38 258
38 196
38 262
38 301
38 243
38 249
38 251
38 94
39 195
39 228
39 165
39 134
39 41
39 74
39 269
39 206
39 150
39 63
39 126
39 101
40 128
40 97
40 258
40 105
40 234
40 239
40 91
41 288
41 193
41 228
41 198
41 137
41 110
41 276
41 52
41 251
41 286
42 226
42 168
42 204
42 47
42 304
42 145
42 276
42 182
42 116
42 136
42 123
42 286
43 165
43 72
43 170
43 203
43 236
43 304
43 276
43 310
43 122
43 138
43 254
43 287
44 288
44 196
44 135
44 264
44 76
44 108
44 306
44 180
44 150
44 121
45 194
45 198
45 200
45 162
45 206
45 239
45 81
45 211
45 285
45 157
45 94
46 315
46 165
46 284
46 237
46 177
46 52
46 118
46 279
46 155
46 86
46 157
46 101
47 155
47 136
47 108
47 300
47 115
47 246
47 219
47 188
47 255
48 131
48 228
48 297
48 300
48 77
48 206
48 305
48 220
48 250
48 316
48 95
49 192
49 228
49 232
49 75
49 268
49 303
49 274
49 111
49 254
50 106
50 108
50 205
50 142
50 305
50 243
50 212
50 312
50 153
51 160
51 54
51 103
51 104
51 139
51 300
51 210
51 146
51 83
51 85
51 182
51 88
52 64
52 256
52 131
52 102
52 71
52 299
52 112
52 307
52 63
53 258
53 291
53 165
53 168
53 106
53 197
53 176
53 116
53 122
53 314
53 69
54 96
54 98
54 146
54 137
54 178
54 181
54 169
54 58
55 193
55 259
55 261
55 102
55 233
55 79
55 275
55 277
55 214
55 57
55 255
56 66
56 259
56 169
56 203
56 242
56 271
56 305
56 146
56 265
56 216
56 75
56 191
57 194
57 67
57 261
57 170
57 299
57 80
57 244
57 63
57 223
58 161
58 98
58 131
58 166
58 198
58 136
58 106
58 203
58 305
58 277
58 222
59 98
59 251
59 132
59 293
59 125
59 111
59 253
59 116
59 85
59 239
59 317
59 318
60 195
60 294
60 295
60 235
60 143
60 86
60 87
60 315
60 284
61 128
61 131
61 133
61 264
61 234
61 208
61 209
61 62
61 126
62 258
62 260
62 234
62 78
62 301
62 114
62 84
62 310
62 222
63 294
63 230
63 231
63 142
63 207
63 167
63 253
64 135
64 208
64 209
64 117
64 152
64 283
64 158
65 257
65 163
65 263
65 267
65 270
65 239
65 84
65 213
65 216
65 191
65 190
65 287
66 126
66 76
66 300
66 205
66 173
66 242
66 148
66 213
66 217
66 286
67 225
67 201
67 206
67 303
67 210
67 115
67 174
67 86
67 312
68 171
68 74
68 107
68 269
68 93
68 212
68 277
68 89
68 317
68 95
69 290
69 75
69 198
69 104
69 252
69 139
69 208
69 72
69 156
69 157
70 96
70 290
70 163
70 176
70 145
70 183
70 91
70 221
70 159
71 195
71 196
71 265
71 202
71 311
71 174
71 145
71 178
71 84
71 87
71 159
72 225
72 194
72 302
72 207
72 270
72 213
72 86
72 219
72 191
73 128
73 208
73 256
73 176
73 148
73 215
73 248
73 217
73 111
73 94
74 202
74 140
74 173
74 240
74 308
74 89
74 319
75 226
75 131
75 190
75 291
75 247
75 90
75 189
75 158
76 129
76 292
76 305
76 104
76 271
76 177
76 114
76 312
77 192
77 226
77 100
77 200
77 300
77 258
77 275
77 245
78 96
78 103
78 136
78 192
78 303
78 147
78 213
78 311
78 120
78 255
79 227
79 270
79 80
79 273
79 178
79 107
79 148
79 309
79 310
79 311
79 252
80 99
80 140
80 205
80 240
80 306
80 150
80 87
80 218
80 124
81 227
81 101
81 110
81 112
81 146
81 206
81 118
81 127
81 221
81 191
82 163
82 103
82 137
82 107
82 141
82 112
82 89
82 316
83 161
83 188
83 111
83 208
83 85
83 183
83 153
83 282
83 254
84 224
84 261
84 266
84 110
84 276
84 187
84 286
85 289
85 130
85 132
85 175
85 214
85 284
85 125
85 254
86 98
86 298
86 299
86 113
86 107
86 214
87 219
87 235
87 118
87 153
87 315
87 254
88 195
88 265
88 280
88 148
88 215
88 152
88 276
88 186
88 218
89 160
89 224
89 263
89 269
89 306
89 116
89 234
89 252
90 182
90 266
90 268
90 111
90 241
90 246
90 122
90 187
91 129
91 98
91 214
91 169
91 278
91 162
91 147
91 246
91 315
91 221
92 176
92 99
92 292
92 202
92 144
92 276
92 278
92 247
92 120
92 283
93 224
93 161
93 251
93 298
93 267
93 173
93 119
93 154
93 219
93 247
94 194
94 291
94 260
94 204
94 105
94 159
95 163
95 292
95 140
95 141
95 174
95 271
95 113
95 212
95 132
95 219
96 130
96 100
96 272
96 278
96 121
96 284
96 125
97 128
97 192
97 258
97 262
97 207
97 209
97 286
97 121
97 232
97 158
98 266
98 144
98 163
98 279
98 282
98 285
99 176
99 123
99 292
99 165
99 135
99 274
99 244
99 150
99 283
99 159
100 130
100 132
100 229
100 142
100 241
100 276
100 277
100 317
101 297
101 171
101 305
101 308
101 238
101 250
101 317
101 158
102 201
102 170
102 299
102 238
102 217
102 283
102 156
102 222
102 287
103 133
103 295
103 107
103 113
103 308
103 250
103 253
104 224
104 166
104 266
104 116
104 148
104 154
104 191
105 156
105 269
105 110
105 306
105 115
105 313
105 252
105 254
105 127
106 310
106 261
106 141
106 176
106 195
106 186
106 117
106 293
107 144
107 274
107 272
107 278
107 220
107 157
107 159
108 162
108 135
108 243
108 116
108 152
108 314
108 221
109 193
109 282
109 293
109 230
109 267
109 237
109 142
109 186
109 187
109 157
109 127
110 194
110 147
110 150
110 311
110 156
111 288
111 260
111 202
111 206
111 297
111 298
112 259
112 232
112 267
112 271
112 304
112 149
112 180
112 251
112 191
113 133
113 215
113 145
113 278
113 311
113 122
113 125
113 159
114 225
114 261
114 236
114 119
114 279
114 218
114 315
114 151
114 318
115 130
115 201
115 170
115 204
115 238
115 171
115 202
116 289
116 130
116 201
116 236
116 258
116 319
117 257
117 133
117 207
117 304
117 181
117 118
117 185
117 124
118 161
118 198
118 234
118 285
118 126
118 309
119 160
119 264
119 210
119 143
119 136
119 212
119 313
120 130
120 262
120 140
120 173
120 178
120 244
120 245
120 310
120 309
121 162
121 291
121 197
121 264
121 142
121 273
121 182
121 280
121 200
122 257
122 194
122 296
122 189
122 283
122 319
123 288
123 278
123 243
123 299
123 227
123 214
123 216
124 291
124 205
124 175
124 287
124 185
124 282
124 255
124 316
124 245
125 292
125 141
125 302
125 285
125 238
125 217
125 253
126 130
126 195
126 168
126 170
126 221
126 148
126 182
127 193
127 294
127 202
127 175
127 251
127 284
127 159
128 167
128 141
128 177
128 243
128 248
128 199
129 131
129 293
129 167
129 296
129 240
129 177
129 163
129 308
129 223
130 147
130 293
130 200
130 155
131 261
131 294
131 172
131 151
131 153
131 281
132 290
132 164
132 300
132 142
132 153
132 154
133 147
133 261
133 135
133 265
133 236
133 239
133 307
133 317
134 171
134 198
134 231
134 232
134 139
134 303
134 264
134 266
135 257
135 267
135 306
135 153
135 255
135 316
135 165
136 262
136 241
136 292
137 225
137 162
137 164
137 237
137 179
137 181
137 214
137 297
137 155
138 160
138 226
138 203
138 196
138 165
138 300
138 172
138 269
138 209
138 146
138 188
139 264
139 204
139 234
139 303
139 200
139 244
139 312
139 191
140 273
140 275
140 181
140 279
140 281
140 282
141 225
141 196
141 247
141 304
141 151
141 187
142 270
142 237
142 272
142 209
142 309
142 250
143 224
143 227
143 197
143 198
143 296
143 252
143 207
143 314
143 317
144 292
144 229
144 234
144 268
144 207
144 308
144 246
144 183
144 250
145 227
145 263
145 211
145 185
145 153
145 315
146 289
146 196
146 172
146 174
146 212
146 286
146 319
147 262
147 199
147 168
147 272
147 243
147 220
148 165
148 230
148 241
148 271
149 220
149 232
149 233
149 300
149 242
149 211
149 244
149 187
149 316
150 235
150 175
150 182
150 249
150 223
151 192
151 160
151 162
151 261
151 183
151 152
151 250
152 225
152 211
152 275
152 233
152 157
153 171
153 249
153 157
154 173
154 240
154 184
154 309
154 280
155 192
155 294
155 295
155 299
155 297
155 316
155 319
156 297
156 239
156 273
156 243
156 312
157 196
157 199
157 208
157 207
158 262
158 172
158 289
158 216
158 217
158 316
158 319
159 161
159 230
159 233
159 279
160 164
160 231
160 239
160 248
161 262
161 307
161 239
161 313
162 228
162 168
162 265
162 300
162 271
162 305
163 173
163 177
163 275
164 193
164 229
164 268
164 259
164 214
164 184
164 189
164 182
165 258
165 200
165 267
165 266
166 195
166 295
166 235
166 210
166 215
166 185
166 223
166 316
166 221
166 287
167 264
167 265
167 204
167 206
167 207
167 271
167 246
167 283
168 200
168 236
168 237
168 246
168 218
168 314
169 219
169 197
169 265
169 267
169 271
169 223
170 226
170 237
170 238
170 180
170 278
170 215
170 244
171 269
171 177
171 215
171 315
171 281
172 192
172 225
172 196
172 195
172 298
172 244
172 219
173 256
173 193
173 301
173 245
174 199
174 266
174 180
174 286
174 186
174 317
174 190
175 256
175 226
175 202
175 288
175 252
175 190
176 289
176 269
176 208
176 209
176 278
176 315
177 290
177 260
177 274
177 308
177 282
178 298
178 267
178 302
178 210
178 211
179 228
179 204
179 238
179 319
179 307
179 280
179 287
179 317
179 293
180 273
180 305
180 275
180 312
180 191
181 199
181 202
181 263
181 221
181 307
181 282
181 218
182 233
182 244
182 283
183 304
183 195
183 292
183 199
183 281
183 252
183 255
184 235
184 268
184 238
184 239
184 209
184 313
184 249
184 284
184 250
185 256
185 272
185 266
185 302
185 304
185 242
185 247
186 293
186 307
186 298
186 235
186 204
186 211
187 293
187 199
187 264
187 275
187 279
187 303
188 307
188 299
188 206
188 270
188 217
188 298
189 203
189 231
189 280
189 275
189 312
189 220
189 190
190 230
190 306
190 287
191 282
191 220
191 280
192 259
192 314
192 220
192 223
193 264
193 213
193 280
193 253
194 258
194 266
194 290
194 237
194 247
195 288
195 258
195 201
196 227
196 292
196 197
196 236
197 242
197 277
197 214
197 201
197 250
198 294
198 246
198 247
198 280
198 201
199 208
199 309
199 240
199 250
199 255
200 258
200 218
200 250
201 240
201 242
201 219
201 216
201 251
202 294
202 244
202 311
203 229
203 312
203 308
203 309
203 279
203 252
203 213
204 295
204 238
204 220
204 222
205 242
205 274
205 246
206 264
206 232
207 259
207 230
207 227
208 268
208 248
209 241
209 254
209 248
209 318
210 270
210 212
210 278
210 221
211 232
211 298
211 236
211 247
211 255
212 227
212 236
212 255
212 253
213 260
213 263
213 234
213 236
213 310
213 282
214 290
214 261
214 272
215 224
215 257
215 237
215 308
215 222
216 294
216 295
216 264
216 274
216 275
216 285
216 287
217 256
217 225
217 227
217 296
217 248
217 314
218 288
218 258
218 233
218 237
218 273
218 296
219 224
219 257
219 304
219 251
220 265
220 312
220 283
221 260
221 228
221 315
222 231
222 296
222 312
223 230
223 296
223 256
223 313
224 256
224 229
225 226
225 267
226 295
226 238
226 245
226 316
227 290
227 270
228 273
228 267
228 300
229 232
229 297
229 296
229 307
229 309
229 246
229 285
230 241
230 306
230 308
230 245
231 296
231 271
231 242
231 276
232 301
232 252
232 318
232 319
233 261
233 280
233 310
233 251
233 277
234 293
234 285
234 313
234 282
235 257
235 290
235 294
235 237
236 259
236 273
236 276
237 295
237 244
238 260
239 268
239 240
239 281
240 302
240 306
240 248
241 269
241 272
241 311
242 277
242 285
243 310
243 248
244 305
244 318
245 263
245 299
245 268
245 304
245 269
246 314
247 294
247 254
248 295
248 302
248 254
249 256
249 289
249 298
249 301
249 279
251 262
251 273
252 310
253 294
253 270
253 319
253 306
254 292
255 277
255 315
256 291
256 301
256 306
257 259
257 265
257 302
257 274
259 296
259 311
259 281
260 262
260 301
260 302
261 287
262 298
262 317
263 289
263 291
263 310
263 281
263 285
265 293
265 267
265 311
266 302
267 286
268 294
268 299
268 274
270 289
270 316
271 297
272 282
272 318
273 297
274 303
274 300
274 285
275 298
275 281
276 311
277 295
279 298
279 319
280 319
281 297
281 305
281 310
283 290
283 313
284 296
284 305
284 311
284 313
285 297
285 312
286 303
286 307
287 314
288 289
288 295
290 301
290 302
291 306
291 313
293 303
297 308
299 307
300 318
301 302
301 315
303 304
303 314
305 317
307 315
308 309
308 314
312 316
313 317
317 318
0 320
0 321
0 322
0 323
1 324
1 325
1 326
1 327
2 328
2 329
2 330
2 331
3 332
3 333
3 334
3 335
4 336
4 337
4 338
4 339
5 340
5 341
5 342
5 343
6 344
6 345
6 346
6 347
7 348
7 349
7 350
7 351
8 352
8 353
8 354
8 355
9 356
9 357
9 358
9 359
10 360
10 361
10 362
10 363
11 364
11 365
11 366
11 367
12 368
12 369
12 370
12 371
13 372
13 373
13 374
13 375
14 376
14 377
14 378
14 379
15 380
15 381
15 382
15 383
16 384
16 385
16 386
16 387
17 388
17 389
17 390
17 391
18 392
18 393
18 394
18 395
19 396
19 397
19 398
19 399
20 400
20 401
20 402
20 403
21 404
21 405
21 406
21 407
22 408
22 409
22 410
22 411
23 412
23 413
23 414
23 415
24 416
24 417
24 418
24 419
25 420
25 421
25 422
25 423
26 424
26 425
26 426
26 427
27 428
27 429
27 430
27 431
28 432
28 433
28 434
28 435
29 436
29 437
29 438
29 439
30 440
30 441
30 442
30 443
31 444
31 445
31 446
31 447
32 448
32 449
32 450
32 451
33 452
33 453
33 454
33 455
34 456
34 457
34 458
34 459
35 460
35 461
35 462
35 463
36 464
36 465
36 466
36 467
37 468
37 469
37 470
37 471
38 472
38 473
38 474
38 475
39 476
39 477
39 478
39 479
40 480
40 481
40 482
40 483
41 484
41 485
41 486
41 487
42 488
42 489
42 490
42 491
43 492
43 493
43 494
43 495
44 496
44 497
44 498
44 499
45 500
45 501
45 502
45 503
46 504
46 505
46 506
46 507
47 508
47 509
47 510
47 511
48 512
48 513
48 514
48 515
49 516
49 517
49 518
49 519
50 520
50 521
50 522
50 523
51 524
51 525
51 526
51 527
52 528
52 529
52 530
52 531
53 532
53 533
53 534
53 535
54 536
54 537
54 538
54 539
55 540
55 541
55 542
55 543
56 544
56 545
56 546
56 547
57 548
57 549
57 550
57 551
58 552
58 553
58 554
58 555
59 556
59 557
59 558
59 559
60 560
60 561
60 562
60 563
61 564
61 565
61 566
61 567
62 568
62 569
62 570
62 571
63 572
63 573
63 574
63 575
64 576
64 577
64 578
64 579
65 580
65 581
65 582
65 583
66 584
66 585
66 586
66 587
67 588
67 589
67 590
67 591
68 592
68 593
68 594
68 595
69 596
69 597
69 598
69 599
70 600
70 601
70 602
70 603
71 604
71 605
71 606
71 607
72 608
72 609
72 610
72 611
73 612
73 613
73 614
73 615
74 616
74 617
74 618
74 619
75 620
75 621
75 622
75 623
76 624
76 625
76 626
76 627
77 628
77 629
77 630
77 631
78 632
78 633
78 634
78 635
79 636
79 637
79 638
79 639
80 640
80 641
80 642
80 643
81 644
81 645
81 646
81 647
82 648
82 649
82 650
82 651
83 652
83 653
83 654
83 655
84 656
84 657
84 658
84 659
85 660
85 661
85 662
85 663
86 664
86 665
86 666
86 667
87 668
87 669
87 670
87 671
88 672
88 673
88 674
88 675
89 676
89 677
89 678
89 679
90 680
90 681
90 682
90 683
91 684
91 685
91 686
91 687
92 688
92 689
92 690
92 691
93 692
93 693
93 694
93 695
94 696
94 697
94 698
94 699
95 700
95 701
95 702
95 703
96 704
96 705
96 706
96 707
97 708
97 709
97 710
97 711
98 712
98 713
98 714
98 715
99 716
99 717
99 718
99 719
100 720
100 721
100 722
100 723
101 724
101 725
101 726
101 727
102 728
102 729
102 730
102 731
103 732
103 733
103 734
103 735
104 736
104 737
104 738
104 739
105 740
105 741
105 742
105 743
106 744
106 745
106 746
106 747
107 748
107 749
107 750
107 751
108 752
108 753
108 754
108 755
109 756
109 757
109 758
109 759
110 760
110 761
110 762
110 763
111 764
111 765
111 766
111 767
112 768
112 769
112 770
112 771
113 772
113 773
113 774
113 775
114 776
114 777
114 778
114 779
115 780
115 781
115 782
115 783
116 784
116 785
116 786
116 787
117 788
117 789
117 790
117 791
118 792
118 793
118 794
118 795
119 796
119 797
119 798
119 799
120 800
120 801
120 802
120 803
121 804
121 805
121 806
121 807
122 808
122 809
122 810
122 811
123 812
123 813
123 814
123 815
124 816
124 817
124 818
124 819
125 820
125 821
125 822
125 823
126 824
126 825
126 826
126 827
127 828
127 829
127 830
127 831
128 832
128 833
128 834
128 835
129 836
129 837
129 838
129 839
130 840
130 841
130 842
130 843
131 844
131 845
131 846
131 847
132 848
132 849
132 850
132 851
133 852
133 853
133 854
133 855
134 856
134 857
134 858
134 859
135 860
135 861
135 862
135 863
136 864
136 865
136 866
136 867
137 868
137 869
137 870
137 871
138 872
138 873
138 874
138 875
139 876
139 877
139 878
139 879
140 880
140 881
140 882
140 883
141 884
141 885
141 886
141 887
142 888
142 889
142 890
142 891
143 892
143 893
143 894
143 895
144 896
144 897
144 898
144 899
145 900
145 901
145 902
145 903
146 904
146 905
146 906
146 907
147 908
147 909
147 910
147 911
148 912
148 913
148 914
148 915
149 916
149 917
149 918
149 919
150 920
150 921
150 922
150 923
151 924
151 925
151 926
151 927
152 928
152 929
152 930
152 931
153 932
153 933
153 934
153 935
154 936
154 937
154 938
154 939
155 940
155 941
155 942
155 943
156 944
156 945
156 946
156 947
157 948
157 949
157 950
157 951
158 952
158 953
158 954
158 955
159 956
159 957
159 958
159 959
160 960
160 961
160 962
160 963
161 964
161 965
161 966
161 967
162 968
162 969
162 970
162 971
163 972
163 973
163 974
163 975
164 976
164 977
164 978
164 979
165 980
165 981
165 982
165 983
166 984
166 985
166 986
166 987
167 988
167 989
167 990
167 991
168 992
168 993
168 994
168 995
169 996
169 997
169 998
169 999
170 1000
170 1001
170 1002
170 1003
171 1004
171 1005
171 1006
171 1007
172 1008
172 1009
172 1010
172 1011
173 1012
173 1013
173 1014
173 1015
174 1016
174 1017
174 1018
174 1019
175 1020
175 1021
175 1022
175 1023
176 1024
176 1025
176 1026
176 1027
177 1028
177 1029
177 1030
177 1031
178 1032
178 1033
178 1034
178 1035
179 1036
179 1037
179 1038
179 1039
180 1040
180 1041
180 1042
180 1043
181 1044
181 1045
181 1046
181 1047
182 1048
182 1049
182 1050
182 1051
183 1052
183 1053
183 1054
183 1055
184 1056
184 1057
184 1058
184 1059
185 1060
185 1061
185 1062
185 1063
186 1064
186 1065
186 1066
186 1067
187 1068
187 1069
187 1070
187 1071
188 1072
188 1073
188 1074
188 1075
189 1076
189 1077
189 1078
189 1079
190 1080
190 1081
190 1082
190 1083
191 1084
191 1085
191 1086
191 1087
192 1088
192 1089
192 1090
192 1091
193 1092
193 1093
193 1094
193 1095
194 1096
194 1097
194 1098
194 1099
195 1100
195 1101
195 1102
195 1103
196 1104
196 1105
196 1106
196 1107
197 1108
197 1109
197 1110
197 1111
198 1112
198 1113
198 1114
198 1115
199 1116
199 1117
199 1118
199 1119
200 1120
200 1121
200 1122
200 1123
201 1124
201 1125
201 1126
201 1127
202 1128
202 1129
202 1130
202 1131
203 1132
203 1133
203 1134
203 1135
204 1136
204 1137
204 1138
204 1139
205 1140
205 1141
205 1142
205 1143
206 1144
206 1145
206 1146
206 1147
207 1148
207 1149
207 1150
207 1151
208 1152
208 1153
208 1154
208 1155
209 1156
209 1157
209 1158
209 1159
210 1160
210 1161
210 1162
210 1163
211 1164
211 1165
211 1166
211 1167
212 1168
212 1169
212 1170
212 1171
213 1172
213 1173
213 1174
213 1175
214 1176
214 1177
214 1178
214 1179
215 1180
215 1181
215 1182
215 1183
216 1184
216 1185
216 1186
216 1187
217 1188
217 1189
217 1190
217 1191
218 1192
218 1193
218 1194
218 1195
219 1196
219 1197
219 1198
219 1199
220 1200
220 1201
220 1202
220 1203
221 1204
221 1205
221 1206
221 1207
222 1208
222 1209
222 1210
222 1211
223 1212
223 1213
223 1214
223 1215
224 1216
224 1217
224 1218
224 1219
225 1220
225 1221
225 1222
225 1223
226 1224
226 1225
226 1226
226 1227
227 1228
227 1229
227 1230
227 1231
228 1232
228 1233
228 1234
228 1235
229 1236
229 1237
229 1238
229 1239
230 1240
230 1241
230 1242
230 1243
231 1244
231 1245
231 1246
231 1247
232 1248
232 1249
232 1250
232 1251
233 1252
233 1253
233 1254
233 1255
234 1256
234 1257
234 1258
234 1259
235 1260
235 1261
235 1262
235 1263
236 1264
236 1265
236 1266
236 1267
237 1268
237 1269
237 1270
237 1271
238 1272
238 1273
238 1274
238 1275
239 1276
239 1277
239 1278
239 1279
240 1280
240 1281
240 1282
240 1283
241 1284
241 1285
241 1286
241 1287
242 1288
242 1289
242 1290
242 1291
243 1292
243 1293
243 1294
243 1295
244 1296
244 1297
244 1298
244 1299
245 1300
245 1301
245 1302
245 1303
246 1304
246 1305
246 1306
246 1307
247 1308
247 1309
247 1310
247 1311
248 1312
248 1313
248 1314
248 1315
249 1316
249 1317
249 1318
249 1319
250 1320
250 1321
250 1322
250 1323
251 1324
251 1325
251 1326
251 1327
252 1328
252 1329
252 1330
252 1331
253 1332
253 1333
253 1334
253 1335
254 1336
254 1337
254 1338
254 1339
255 1340
255 1341
255 1342
255 1343
256 1344
256 1345
256 1346
256 1347
257 1348
257 1349
257 1350
257 1351
258 1352
258 1353
258 1354
258 1355
259 1356
259 1357
259 1358
259 1359
260 1360
260 1361
260 1362
260 1363
261 1364
261 1365
261 1366
261 1367
262 1368
262 1369
262 1370
262 1371
263 1372
263 1373
263 1374
263 1375
264 1376
264 1377
264 1378
264 1379
265 1380
265 1381
265 1382
265 1383
266 1384
266 1385
266 1386
266 1387
267 1388
267 1389
267 1390
267 1391
268 1392
268 1393
268 1394
268 1395
269 1396
269 1397
269 1398
269 1399
270 1400
270 1401
270 1402
270 1403
271 1404
271 1405
271 1406
271 1407
272 1408
272 1409
272 1410
272 1411
273 1412
273 1413
273 1414
273 1415
274 1416
274 1417
274 1418
274 1419
275 1420
275 1421
275 1422
275 1423
276 1424
276 1425
276 1426
276 1427
277 1428
277 1429
277 1430
277 1431
278 1432
278 1433
278 1434
278 1435
279 1436
279 1437
279 1438
279 1439
280 1440
280 1441
280 1442
280 1443
281 1444
281 1445
281 1446
281 1447
282 1448
282 1449
282 1450
282 1451
283 1452
283 1453
283 1454
283 1455
284 1456
284 1457
284 1458
284 1459
285 1460
285 1461
285 1462
285 1463
286 1464
286 1465
286 1466
286 1467
287 1468
287 1469
287 1470
287 1471
288 1472
288 1473
288 1474
288 1475
289 1476
289 1477
289 1478
289 1479
290 1480
290 1481
290 1482
290 1483
291 1484
291 1485
291 1486
291 1487
292 1488
292 1489
292 1490
292 1491
293 1492
293 1493
293 1494
293 1495
294 1496
294 1497
294 1498
294 1499
295 1500
295 1501
295 1502
295 1503
296 1504
296 1505
296 1506
296 1507
297 1508
297 1509
297 1510
297 1511
298 1512
298 1513
298 1514
298 1515
299 1516
299 1517
299 1518
299 1519
300 1520
300 1521
300 1522
300 1523
301 1524
301 1525
301 1526
301 1527
302 1528
302 1529
302 1530
302 1531
303 1532
303 1533
303 1534
303 1535
304 1536
304 1537
304 1538
304 1539
305 1540
305 1541
305 1542
305 1543
306 1544
306 1545
306 1546
306 1547
307 1548
307 1549
307 1550
307 1551
308 1552
308 1553
308 1554
308 1555
309 1556
309 1557
309 1558
309 1559
310 1560
310 1561
310 1562
310 1563
311 1564
311 1565
311 1566
311 1567
312 1568
312 1569
312 1570
312 1571
313 1572
313 1573
313 1574
313 1575
314 1576
314 1577
314 1578
314 1579
315 1580
315 1581
315 1582
315 1583
316 1584
316 1585
316 1586
316 1587
317 1588
317 1589
317 1590
317 1591
318 1592
318 1593
318 1594
318 1595
319 1596
319 1597
319 1598
319 1599
