0 33
0 18
0 51
0 41
0 57
0 12
1 49
1 35
1 8
1 57
1 45
1 14
2 3
2 34
2 19
2 21
2 6
2 11
3 48
3 8
3 54
3 55
3 56
4 50
4 51
4 52
4 21
4 24
4 10
5 34
5 52
5 11
5 44
5 29
5 15
6 49
6 22
6 56
6 40
6 47
7 32
7 37
7 38
7 9
7 15
7 47
8 18
8 23
8 40
8 28
9 59
9 21
9 56
9 27
9 44
10 18
10 35
10 25
10 57
10 29
11 19
11 52
11 24
11 59
12 33
12 43
12 49
12 39
12 30
13 20
13 37
13 38
13 57
13 41
13 29
14 34
14 35
14 23
14 25
14 26
15 51
15 22
15 55
15 42
16 33
16 49
16 26
16 60
16 45
16 31
17 33
17 35
17 21
17 57
17 28
17 46
18 36
18 26
18 46
19 51
19 24
19 41
19 60
20 34
20 51
20 36
20 58
20 45
21 33
21 50
22 54
22 39
22 40
22 31
23 49
23 56
23 41
23 46
24 27
24 60
24 31
25 48
25 32
25 46
25 43
26 53
26 39
26 34
27 48
27 40
27 55
27 47
28 48
28 32
28 41
28 44
29 50
29 54
29 38
30 35
30 37
30 40
30 58
30 47
31 53
31 55
31 46
32 52
32 58
32 60
33 36
34 56
35 39
36 53
36 58
36 44
37 54
37 41
37 59
38 52
38 39
38 59
39 43
40 42
42 50
42 53
42 55
42 43
43 44
43 45
44 45
45 52
46 48
47 51
47 55
48 50
49 53
50 60
53 59
54 56
54 58
57 59
58 60
0 61
1 62
2 63
3 64
4 65
5 66
6 67
7 68
8 69
9 70
10 71
11 72
12 73
13 74
14 75
15 76
16 77
17 78
18 79
19 80
20 81
21 82
22 83
23 84
24 85
25 86
26 87
27 88
28 89
29 90
30 91
31 92
32 93
33 94
34 95
35 96
36 97
37 98
38 99
39 100
40 101
41 102
42 103
43 104
44 105
45 106
46 107
47 108
48 109
49 110
50 111
51 112
52 113
53 114
54 115
55 116
56 117
57 118
58 119
59 120
60 121
