0 192
0 32
0 211
0 68
0 186
0 207
1 65
1 165
1 344
1 76
1 53
1 111
2 227
2 302
2 487
2 237
2 467
2 205
3 387
3 478
3 486
3 151
3 27
3 350
4 336
4 406
4 135
4 312
4 397
4 255
5 387
5 70
5 247
5 120
5 455
5 446
6 177
6 377
6 345
6 426
6 491
6 127
7 86
7 70
7 375
7 187
7 189
7 222
8 20
8 342
8 294
8 23
8 282
8 143
9 193
9 348
9 283
9 300
9 78
9 63
10 481
10 450
10 453
10 86
10 220
10 239
11 115
11 420
11 437
11 470
11 156
11 494
12 289
12 195
12 132
12 201
12 300
12 95
13 482
13 133
13 167
13 223
13 69
13 367
14 240
14 286
14 485
14 76
14 78
14 479
15 49
15 419
15 185
15 218
15 60
15 42
16 194
16 227
16 180
16 85
16 343
16 364
17 145
17 209
17 265
17 138
17 267
17 46
18 178
18 275
18 246
18 122
18 138
18 351
19 497
19 372
19 457
19 313
19 124
19 141
20 433
20 322
20 321
20 154
20 254
21 419
21 196
21 181
21 214
21 185
21 331
22 288
22 34
22 243
22 276
22 340
22 154
23 66
23 132
23 374
23 439
23 412
24 112
24 225
24 147
24 40
24 187
24 495
25 368
25 224
25 483
25 207
25 382
25 79
26 49
26 164
26 101
26 201
26 446
26 37
27 369
27 69
27 298
27 251
27 318
28 164
28 119
28 184
28 219
28 429
28 61
29 497
29 466
29 292
29 392
29 234
29 333
30 432
30 324
30 165
30 166
30 311
30 87
31 382
31 295
31 297
31 125
31 238
31 333
32 341
32 263
32 440
32 93
32 94
33 115
33 181
33 54
33 104
33 298
33 494
34 467
34 132
34 71
34 108
34 462
35 304
35 97
35 99
35 215
35 378
35 267
36 114
36 357
36 140
36 469
36 412
36 447
37 433
37 217
37 378
37 331
37 207
38 81
38 407
38 328
38 104
38 216
38 287
39 481
39 292
39 213
39 177
39 443
39 61
40 128
40 373
40 58
40 108
40 237
41 112
41 208
41 370
41 181
41 327
41 430
42 386
42 323
42 149
42 457
42 270
43 208
43 228
43 169
43 104
43 297
43 234
44 113
44 228
44 469
44 155
44 252
44 445
45 401
45 85
45 215
45 393
45 140
45 463
46 368
46 176
46 163
46 391
46 430
47 50
47 115
47 294
47 326
47 393
47 204
48 272
48 437
48 185
48 399
48 238
48 469
49 194
49 341
49 151
49 365
50 338
50 227
50 373
50 249
50 125
51 433
51 276
51 345
51 356
51 122
51 124
52 81
52 438
52 246
52 153
52 157
52 94
53 480
53 372
53 312
53 378
53 335
54 353
54 115
54 262
54 282
54 250
55 257
55 195
55 212
55 245
55 71
55 107
56 271
56 293
56 311
56 265
56 59
56 463
57 488
57 325
57 166
57 295
57 216
57 73
58 263
58 209
58 71
58 328
58 219
59 402
59 388
59 180
59 148
59 239
60 305
60 468
60 278
60 327
60 251
61 129
61 469
61 104
61 189
62 416
62 229
62 471
62 313
62 266
62 459
63 139
63 393
63 299
63 412
63 462
64 240
64 289
64 434
64 102
64 97
64 299
65 448
65 263
65 296
65 298
65 190
66 376
66 307
66 391
66 315
66 142
67 400
67 118
67 73
67 444
67 476
67 174
68 304
68 196
68 135
68 489
68 318
69 418
69 89
69 364
69 463
70 86
70 358
70 103
70 365
71 161
71 72
71 491
72 371
72 227
72 298
72 268
72 477
73 240
73 87
73 398
73 111
74 453
74 326
74 247
74 172
74 430
74 406
75 99
75 114
75 291
75 342
75 327
75 170
76 275
76 211
76 151
76 307
77 80
77 487
77 234
77 380
77 106
77 109
78 242
78 228
78 235
78 253
79 256
79 389
79 265
79 492
79 319
80 145
80 419
80 138
80 428
80 206
81 336
81 407
81 281
81 398
82 482
82 355
82 148
82 309
82 377
82 325
83 498
83 372
83 390
83 410
83 139
83 190
84 434
84 232
84 265
84 351
84 126
84 175
85 160
85 153
85 333
85 493
86 272
86 322
86 358
87 307
87 394
87 397
87 349
88 353
88 375
88 417
88 407
88 459
88 268
89 128
89 97
89 96
89 348
89 191
90 128
90 100
90 377
90 360
90 441
90 281
91 244
91 376
91 332
91 396
91 317
91 302
92 113
92 280
92 218
92 491
92 474
92 111
93 434
93 246
93 409
93 330
93 204
94 224
94 480
94 279
94 447
95 240
95 100
95 117
95 120
95 425
96 417
96 162
96 203
96 313
96 363
97 370
97 227
97 159
98 260
98 182
98 214
98 476
98 221
98 158
99 242
99 198
99 178
99 466
100 257
100 114
100 149
100 101
101 147
101 213
101 471
101 221
102 416
102 327
102 199
102 219
102 157
103 274
103 243
103 123
103 254
103 495
104 299
104 125
105 480
105 320
105 386
105 435
105 145
105 458
106 209
106 166
106 139
106 446
106 239
107 130
107 261
107 406
107 442
107 461
108 358
108 441
108 425
108 442
109 320
109 161
109 322
109 376
109 237
110 192
110 226
110 116
110 282
110 124
110 111
111 388
111 187
112 199
112 460
112 429
112 383
113 452
113 117
113 410
113 238
114 292
114 389
114 170
115 180
115 428
116 359
116 270
116 199
116 411
116 445
117 435
117 329
117 394
117 301
118 208
118 481
118 421
118 241
118 362
119 259
119 292
119 424
119 330
119 283
120 465
120 215
120 488
120 167
121 416
121 384
121 229
121 422
121 456
121 281
122 229
122 342
122 477
122 159
123 136
123 418
123 404
123 360
123 282
124 155
124 236
124 461
125 373
125 159
125 127
126 405
126 280
126 329
126 170
126 396
127 304
127 405
127 431
127 383
128 310
128 343
128 490
129 468
129 212
129 345
129 267
129 350
130 323
130 260
130 457
130 435
130 414
131 288
131 145
131 212
131 279
131 206
131 335
132 264
132 220
132 477
133 147
133 232
133 396
133 141
133 269
134 289
134 217
134 264
134 473
134 343
134 348
135 305
135 211
135 265
135 300
136 465
136 491
136 263
136 225
136 270
137 258
137 359
137 250
137 183
137 412
137 271
138 369
138 285
138 174
139 193
139 195
139 299
140 432
140 256
140 296
140 269
141 289
141 230
141 231
141 314
142 291
142 404
142 364
142 387
142 350
143 452
143 230
143 361
143 492
143 175
144 403
144 163
144 311
144 494
144 427
144 190
145 482
145 414
146 272
146 437
146 279
146 152
146 442
146 282
147 194
147 411
147 187
148 383
148 325
148 381
148 365
149 402
149 435
149 423
149 452
150 446
150 166
150 203
150 156
150 254
150 197
151 384
151 324
151 427
152 379
152 487
152 407
152 354
152 446
153 480
153 322
153 286
153 191
154 353
154 200
154 155
154 381
155 403
155 470
155 250
156 487
156 472
156 314
156 250
157 368
157 450
157 248
157 476
158 251
158 356
158 453
158 217
158 235
159 260
159 428
159 239
160 181
160 186
160 460
160 266
160 415
161 258
161 439
161 489
161 268
162 339
162 230
162 472
162 409
162 238
163 466
163 499
163 222
163 310
164 256
164 219
164 389
164 315
165 340
165 469
165 411
165 206
166 193
166 398
167 385
167 422
167 459
167 431
168 192
168 481
168 471
168 184
168 377
168 183
169 433
169 196
169 422
169 241
169 316
170 320
170 204
170 450
171 193
171 241
171 408
171 202
171 267
171 492
172 385
172 278
172 369
172 495
172 255
173 403
173 358
173 296
173 346
173 444
173 483
174 276
174 248
174 185
174 443
175 466
175 375
175 370
175 239
176 485
176 470
176 248
176 203
176 413
177 498
177 420
177 245
177 266
178 297
178 379
178 397
178 447
179 464
179 486
179 383
179 429
179 334
179 479
180 368
180 295
180 478
181 371
181 309
182 494
182 250
182 460
182 493
182 238
183 200
183 306
183 341
183 295
184 210
184 409
184 349
184 462
185 339
185 319
186 348
186 443
186 268
186 208
187 498
187 310
188 448
188 215
188 312
188 284
188 285
188 414
189 388
189 373
189 408
189 299
190 356
190 205
190 334
191 498
191 339
191 389
191 213
192 371
192 218
192 298
193 464
193 343
194 482
194 363
194 499
195 403
195 280
195 362
196 376
196 483
196 296
197 225
197 212
197 414
197 417
197 398
198 308
198 422
198 215
198 330
198 431
199 320
199 233
199 203
200 258
200 283
200 461
200 415
201 436
201 388
201 314
201 366
202 258
202 262
202 314
202 253
202 351
203 260
203 294
204 295
204 424
204 317
205 226
205 371
205 231
205 424
206 392
206 437
206 303
207 420
207 270
207 463
208 352
208 413
209 272
209 401
209 345
210 241
210 431
210 220
210 445
210 303
211 262
211 346
211 399
212 440
212 298
213 286
213 413
213 318
214 387
214 279
214 331
214 367
215 349
216 404
216 422
216 329
216 447
217 308
217 390
217 244
218 386
218 419
218 271
219 285
219 333
220 327
220 471
220 381
221 259
221 361
221 490
221 413
222 384
222 341
222 310
222 441
223 451
223 485
223 344
223 347
223 396
224 243
224 345
224 227
224 392
225 282
225 363
225 494
226 302
226 291
226 293
226 415
228 403
228 293
228 261
229 354
229 259
229 231
230 304
230 278
230 475
231 416
231 332
231 284
232 432
232 374
232 283
232 485
233 434
233 492
233 274
233 382
233 447
234 496
234 407
234 359
235 337
235 422
235 394
235 261
236 243
236 424
236 313
236 362
236 270
237 449
237 357
237 322
238 315
239 435
240 481
240 269
241 244
241 459
242 468
242 318
242 259
242 319
243 353
243 292
244 293
244 486
244 328
245 449
245 330
245 487
245 498
246 304
246 376
246 252
247 400
247 322
247 290
247 479
248 254
248 451
248 421
249 496
249 419
249 457
249 344
249 297
250 462
251 321
251 427
251 488
252 306
252 342
252 458
252 314
253 278
253 473
253 460
253 330
254 355
254 489
255 284
255 484
255 426
255 379
256 342
256 492
256 398
257 434
257 474
257 269
257 287
258 320
258 326
259 433
259 389
260 357
260 378
261 448
261 328
261 392
262 386
262 458
262 463
263 486
263 270
264 339
264 276
264 281
264 300
265 316
266 401
266 436
266 410
267 439
267 495
268 346
268 269
269 340
271 321
271 484
271 278
272 418
272 408
273 336
273 385
273 305
273 316
273 478
273 319
274 400
274 307
274 294
274 351
275 464
275 467
275 285
275 334
276 456
276 284
277 352
277 305
277 313
277 330
277 348
277 426
278 316
279 294
279 489
280 450
280 307
280 380
281 453
281 428
283 448
283 381
284 342
284 420
285 321
285 492
286 375
286 334
286 303
287 356
287 390
287 436
287 319
288 327
288 346
288 315
288 451
289 365
289 461
290 483
290 437
290 358
290 456
290 491
291 475
291 396
291 446
292 302
293 421
293 338
294 454
295 303
296 432
296 442
297 352
297 350
299 442
300 380
300 346
301 352
301 354
301 355
301 427
301 419
302 411
302 484
303 311
303 439
304 368
305 452
305 309
306 466
306 421
306 426
306 347
307 430
308 402
308 371
308 490
308 461
309 340
309 439
309 335
310 343
310 462
311 412
311 367
312 468
312 457
312 445
313 421
314 328
315 416
315 324
316 354
316 408
317 497
317 406
317 374
317 449
318 338
318 495
319 420
320 323
321 337
321 449
323 405
323 406
323 459
324 356
324 357
324 487
325 401
325 473
325 468
326 337
326 356
326 477
328 417
329 451
329 388
329 397
331 453
331 344
331 494
332 336
332 441
332 361
332 378
333 411
333 365
334 355
334 374
335 341
335 391
335 458
336 484
336 461
337 499
337 340
337 428
338 363
338 473
338 347
339 486
339 471
340 400
341 460
343 438
344 415
344 353
345 367
346 386
347 369
347 387
347 474
348 438
349 452
349 425
349 476
350 402
350 444
351 395
351 366
352 448
352 391
353 441
354 395
354 414
355 472
355 479
357 428
357 414
358 423
359 435
359 470
359 440
360 499
360 372
360 377
360 479
361 455
361 472
361 445
362 449
362 450
362 429
363 438
363 495
364 372
364 455
364 456
365 480
366 467
366 415
366 499
366 382
367 404
367 491
368 490
369 405
369 445
370 481
370 418
370 425
371 376
372 397
373 465
373 454
374 440
374 493
375 448
375 489
377 483
378 410
379 496
379 474
379 490
380 451
380 470
380 454
381 388
381 389
382 465
382 394
383 426
383 478
384 390
384 456
384 409
385 488
385 474
385 427
386 405
387 454
390 436
390 469
391 463
391 443
392 467
392 475
393 497
393 483
393 431
394 421
394 439
395 416
395 433
395 436
395 399
396 401
397 484
398 480
399 432
399 400
399 452
400 408
401 497
402 484
402 410
403 454
404 417
404 485
405 441
406 468
407 490
408 438
409 464
409 488
410 467
411 460
412 458
413 497
413 475
415 444
417 485
418 499
418 493
420 496
423 486
423 493
423 462
423 431
424 456
424 444
425 476
425 429
426 455
427 482
429 478
430 465
430 440
432 498
434 476
436 482
437 477
438 475
440 466
442 449
443 496
443 477
444 496
447 475
450 453
451 455
454 471
455 478
457 464
458 472
459 470
464 488
465 479
472 493
473 489
473 474
0 500
0 501
0 502
0 503
0 504
0 505
0 506
0 507
0 508
0 509
0 510
0 511
0 512
0 513
1 514
1 515
1 516
1 517
1 518
1 519
1 520
1 521
1 522
1 523
1 524
1 525
1 526
1 527
2 528
2 529
2 530
2 531
2 532
2 533
2 534
2 535
2 536
2 537
2 538
2 539
2 540
2 541
3 542
3 543
3 544
3 545
3 546
3 547
3 548
3 549
3 550
3 551
3 552
3 553
3 554
3 555
4 556
4 557
4 558
4 559
4 560
4 561
4 562
4 563
4 564
4 565
4 566
4 567
4 568
4 569
5 570
5 571
5 572
5 573
5 574
5 575
5 576
5 577
5 578
5 579
5 580
5 581
5 582
5 583
6 584
6 585
6 586
6 587
6 588
6 589
6 590
6 591
6 592
6 593
6 594
6 595
6 596
6 597
7 598
7 599
7 600
7 601
7 602
7 603
7 604
7 605
7 606
7 607
7 608
7 609
7 610
7 611
8 612
8 613
8 614
8 615
8 616
8 617
8 618
8 619
8 620
8 621
8 622
8 623
8 624
8 625
9 626
9 627
9 628
9 629
9 630
9 631
9 632
9 633
9 634
9 635
9 636
9 637
9 638
9 639
10 640
10 641
10 642
10 643
10 644
10 645
10 646
10 647
10 648
10 649
10 650
10 651
10 652
10 653
11 654
11 655
11 656
11 657
11 658
11 659
11 660
11 661
11 662
11 663
11 664
11 665
11 666
11 667
12 668
12 669
12 670
12 671
12 672
12 673
12 674
12 675
12 676
12 677
12 678
12 679
12 680
12 681
13 682
13 683
13 684
13 685
13 686
13 687
13 688
13 689
13 690
13 691
13 692
13 693
13 694
13 695
14 696
14 697
14 698
14 699
14 700
14 701
14 702
14 703
14 704
14 705
14 706
14 707
14 708
14 709
15 710
15 711
15 712
15 713
15 714
15 715
15 716
15 717
15 718
15 719
15 720
15 721
15 722
15 723
16 724
16 725
16 726
16 727
16 728
16 729
16 730
16 731
16 732
16 733
16 734
16 735
16 736
16 737
17 738
17 739
17 740
17 741
17 742
17 743
17 744
17 745
17 746
17 747
17 748
17 749
17 750
17 751
18 752
18 753
18 754
18 755
18 756
18 757
18 758
18 759
18 760
18 761
18 762
18 763
18 764
18 765
19 766
19 767
19 768
19 769
19 770
19 771
19 772
19 773
19 774
19 775
19 776
19 777
19 778
19 779
20 780
20 781
20 782
20 783
20 784
20 785
20 786
20 787
20 788
20 789
20 790
20 791
20 792
20 793
21 794
21 795
21 796
21 797
21 798
21 799
21 800
21 801
21 802
21 803
21 804
21 805
21 806
21 807
22 808
22 809
22 810
22 811
22 812
22 813
22 814
22 815
22 816
22 817
22 818
22 819
22 820
22 821
23 822
23 823
23 824
23 825
23 826
23 827
23 828
23 829
23 830
23 831
23 832
23 833
23 834
23 835
24 836
24 837
24 838
24 839
24 840
24 841
24 842
24 843
24 844
24 845
24 846
24 847
24 848
24 849
25 850
25 851
25 852
25 853
25 854
25 855
25 856
25 857
25 858
25 859
25 860
25 861
25 862
25 863
26 864
26 865
26 866
26 867
26 868
26 869
26 870
26 871
26 872
26 873
26 874
26 875
26 876
26 877
27 878
27 879
27 880
27 881
27 882
27 883
27 884
27 885
27 886
27 887
27 888
27 889
27 890
27 891
28 892
28 893
28 894
28 895
28 896
28 897
28 898
28 899
28 900
28 901
28 902
28 903
28 904
28 905
29 906
29 907
29 908
29 909
29 910
29 911
29 912
29 913
29 914
29 915
29 916
29 917
29 918
29 919
30 920
30 921
30 922
30 923
30 924
30 925
30 926
30 927
30 928
30 929
30 930
30 931
30 932
30 933
31 934
31 935
31 936
31 937
31 938
31 939
31 940
31 941
31 942
31 943
31 944
31 945
31 946
31 947
32 948
32 949
32 950
32 951
32 952
32 953
32 954
32 955
32 956
32 957
32 958
32 959
32 960
32 961
33 962
33 963
33 964
33 965
33 966
33 967
33 968
33 969
33 970
33 971
33 972
33 973
33 974
33 975
34 976
34 977
34 978
34 979
34 980
34 981
34 982
34 983
34 984
34 985
34 986
34 987
34 988
34 989
35 990
35 991
35 992
35 993
35 994
35 995
35 996
35 997
35 998
35 999
35 1000
35 1001
35 1002
35 1003
36 1004
36 1005
36 1006
36 1007
36 1008
36 1009
36 1010
36 1011
36 1012
36 1013
36 1014
36 1015
36 1016
36 1017
37 1018
37 1019
37 1020
37 1021
37 1022
37 1023
37 1024
37 1025
37 1026
37 1027
37 1028
37 1029
37 1030
37 1031
38 1032
38 1033
38 1034
38 1035
38 1036
38 1037
38 1038
38 1039
38 1040
38 1041
38 1042
38 1043
38 1044
38 1045
39 1046
39 1047
39 1048
39 1049
39 1050
39 1051
39 1052
39 1053
39 1054
39 1055
39 1056
39 1057
39 1058
39 1059
40 1060
40 1061
40 1062
40 1063
40 1064
40 1065
40 1066
40 1067
40 1068
40 1069
40 1070
40 1071
40 1072
40 1073
41 1074
41 1075
41 1076
41 1077
41 1078
41 1079
41 1080
41 1081
41 1082
41 1083
41 1084
41 1085
41 1086
41 1087
42 1088
42 1089
42 1090
42 1091
42 1092
42 1093
42 1094
42 1095
42 1096
42 1097
42 1098
42 1099
42 1100
42 1101
43 1102
43 1103
43 1104
43 1105
43 1106
43 1107
43 1108
43 1109
43 1110
43 1111
43 1112
43 1113
43 1114
43 1115
44 1116
44 1117
44 1118
44 1119
44 1120
44 1121
44 1122
44 1123
44 1124
44 1125
44 1126
44 1127
44 1128
44 1129
45 1130
45 1131
45 1132
45 1133
45 1134
45 1135
45 1136
45 1137
45 1138
45 1139
45 1140
45 1141
45 1142
45 1143
46 1144
46 1145
46 1146
46 1147
46 1148
46 1149
46 1150
46 1151
46 1152
46 1153
46 1154
46 1155
46 1156
46 1157
47 1158
47 1159
47 1160
47 1161
47 1162
47 1163
47 1164
47 1165
47 1166
47 1167
47 1168
47 1169
47 1170
47 1171
48 1172
48 1173
48 1174
48 1175
48 1176
48 1177
48 1178
48 1179
48 1180
48 1181
48 1182
48 1183
48 1184
48 1185
49 1186
49 1187
49 1188
49 1189
49 1190
49 1191
49 1192
49 1193
49 1194
49 1195
49 1196
49 1197
49 1198
49 1199
50 1200
50 1201
50 1202
50 1203
50 1204
50 1205
50 1206
50 1207
50 1208
50 1209
50 1210
50 1211
50 1212
50 1213
51 1214
51 1215
51 1216
51 1217
51 1218
51 1219
51 1220
51 1221
51 1222
51 1223
51 1224
51 1225
51 1226
51 1227
52 1228
52 1229
52 1230
52 1231
52 1232
52 1233
52 1234
52 1235
52 1236
52 1237
52 1238
52 1239
52 1240
52 1241
53 1242
53 1243
53 1244
53 1245
53 1246
53 1247
53 1248
53 1249
53 1250
53 1251
53 1252
53 1253
53 1254
53 1255
54 1256
54 1257
54 1258
54 1259
54 1260
54 1261
54 1262
54 1263
54 1264
54 1265
54 1266
54 1267
54 1268
54 1269
55 1270
55 1271
55 1272
55 1273
55 1274
55 1275
55 1276
55 1277
55 1278
55 1279
55 1280
55 1281
55 1282
55 1283
56 1284
56 1285
56 1286
56 1287
56 1288
56 1289
56 1290
56 1291
56 1292
56 1293
56 1294
56 1295
56 1296
56 1297
57 1298
57 1299
57 1300
57 1301
57 1302
57 1303
57 1304
57 1305
57 1306
57 1307
57 1308
57 1309
57 1310
57 1311
58 1312
58 1313
58 1314
58 1315
58 1316
58 1317
58 1318
58 1319
58 1320
58 1321
58 1322
58 1323
58 1324
58 1325
59 1326
59 1327
59 1328
59 1329
59 1330
59 1331
59 1332
59 1333
59 1334
59 1335
59 1336
59 1337
59 1338
59 1339
60 1340
60 1341
60 1342
60 1343
60 1344
60 1345
60 1346
60 1347
60 1348
60 1349
60 1350
60 1351
60 1352
60 1353
61 1354
61 1355
61 1356
61 1357
61 1358
61 1359
61 1360
61 1361
61 1362
61 1363
61 1364
61 1365
61 1366
61 1367
62 1368
62 1369
62 1370
62 1371
62 1372
62 1373
62 1374
62 1375
62 1376
62 1377
62 1378
62 1379
62 1380
62 1381
63 1382
63 1383
63 1384
63 1385
63 1386
63 1387
63 1388
63 1389
63 1390
63 1391
63 1392
63 1393
63 1394
63 1395
64 1396
64 1397
64 1398
64 1399
64 1400
64 1401
64 1402
64 1403
64 1404
64 1405
64 1406
64 1407
64 1408
64 1409
65 1410
65 1411
65 1412
65 1413
65 1414
65 1415
65 1416
65 1417
65 1418
65 1419
65 1420
65 1421
65 1422
65 1423
66 1424
66 1425
66 1426
66 1427
66 1428
66 1429
66 1430
66 1431
66 1432
66 1433
66 1434
66 1435
66 1436
66 1437
67 1438
67 1439
67 1440
67 1441
67 1442
67 1443
67 1444
67 1445
67 1446
67 1447
67 1448
67 1449
67 1450
67 1451
68 1452
68 1453
68 1454
68 1455
68 1456
68 1457
68 1458
68 1459
68 1460
68 1461
68 1462
68 1463
68 1464
68 1465
69 1466
69 1467
69 1468
69 1469
69 1470
69 1471
69 1472
69 1473
69 1474
69 1475
69 1476
69 1477
69 1478
69 1479
70 1480
70 1481
70 1482
70 1483
70 1484
70 1485
70 1486
70 1487
70 1488
70 1489
70 1490
70 1491
70 1492
70 1493
71 1494
71 1495
71 1496
71 1497
71 1498
71 1499
71 1500
71 1501
71 1502
71 1503
71 1504
71 1505
71 1506
71 1507
72 1508
72 1509
72 1510
72 1511
72 1512
72 1513
72 1514
72 1515
72 1516
72 1517
72 1518
72 1519
72 1520
72 1521
73 1522
73 1523
73 1524
73 1525
73 1526
73 1527
73 1528
73 1529
73 1530
73 1531
73 1532
73 1533
73 1534
73 1535
74 1536
74 1537
74 1538
74 1539
74 1540
74 1541
74 1542
74 1543
74 1544
74 1545
74 1546
74 1547
74 1548
74 1549
75 1550
75 1551
75 1552
75 1553
75 1554
75 1555
75 1556
75 1557
75 1558
75 1559
75 1560
75 1561
75 1562
75 1563
76 1564
76 1565
76 1566
76 1567
76 1568
76 1569
76 1570
76 1571
76 1572
76 1573
76 1574
76 1575
76 1576
76 1577
77 1578
77 1579
77 1580
77 1581
77 1582
77 1583
77 1584
77 1585
77 1586
77 1587
77 1588
77 1589
77 1590
77 1591
78 1592
78 1593
78 1594
78 1595
78 1596
78 1597
78 1598
78 1599
78 1600
78 1601
78 1602
78 1603
78 1604
78 1605
79 1606
79 1607
79 1608
79 1609
79 1610
79 1611
79 1612
79 1613
79 1614
79 1615
79 1616
79 1617
79 1618
79 1619
80 1620
80 1621
80 1622
80 1623
80 1624
80 1625
80 1626
80 1627
80 1628
80 1629
80 1630
80 1631
80 1632
80 1633
81 1634
81 1635
81 1636
81 1637
81 1638
81 1639
81 1640
81 1641
81 1642
81 1643
81 1644
81 1645
81 1646
81 1647
82 1648
82 1649
82 1650
82 1651
82 1652
82 1653
82 1654
82 1655
82 1656
82 1657
82 1658
82 1659
82 1660
82 1661
83 1662
83 1663
83 1664
83 1665
83 1666
83 1667
83 1668
83 1669
83 1670
83 1671
83 1672
83 1673
83 1674
83 1675
84 1676
84 1677
84 1678
84 1679
84 1680
84 1681
84 1682
84 1683
84 1684
84 1685
84 1686
84 1687
84 1688
84 1689
85 1690
85 1691
85 1692
85 1693
85 1694
85 1695
85 1696
85 1697
85 1698
85 1699
85 1700
85 1701
85 1702
85 1703
86 1704
86 1705
86 1706
86 1707
86 1708
86 1709
86 1710
86 1711
86 1712
86 1713
86 1714
86 1715
86 1716
86 1717
87 1718
87 1719
87 1720
87 1721
87 1722
87 1723
87 1724
87 1725
87 1726
87 1727
87 1728
87 1729
87 1730
87 1731
88 1732
88 1733
88 1734
88 1735
88 1736
88 1737
88 1738
88 1739
88 1740
88 1741
88 1742
88 1743
88 1744
88 1745
89 1746
89 1747
89 1748
89 1749
89 1750
89 1751
89 1752
89 1753
89 1754
89 1755
89 1756
89 1757
89 1758
89 1759
90 1760
90 1761
90 1762
90 1763
90 1764
90 1765
90 1766
90 1767
90 1768
90 1769
90 1770
90 1771
90 1772
90 1773
91 1774
91 1775
91 1776
91 1777
91 1778
91 1779
91 1780
91 1781
91 1782
91 1783
91 1784
91 1785
91 1786
91 1787
92 1788
92 1789
92 1790
92 1791
92 1792
92 1793
92 1794
92 1795
92 1796
92 1797
92 1798
92 1799
92 1800
92 1801
93 1802
93 1803
93 1804
93 1805
93 1806
93 1807
93 1808
93 1809
93 1810
93 1811
93 1812
93 1813
93 1814
93 1815
94 1816
94 1817
94 1818
94 1819
94 1820
94 1821
94 1822
94 1823
94 1824
94 1825
94 1826
94 1827
94 1828
94 1829
95 1830
95 1831
95 1832
95 1833
95 1834
95 1835
95 1836
95 1837
95 1838
95 1839
95 1840
95 1841
95 1842
95 1843
96 1844
96 1845
96 1846
96 1847
96 1848
96 1849
96 1850
96 1851
96 1852
96 1853
96 1854
96 1855
96 1856
96 1857
97 1858
97 1859
97 1860
97 1861
97 1862
97 1863
97 1864
97 1865
97 1866
97 1867
97 1868
97 1869
97 1870
97 1871
98 1872
98 1873
98 1874
98 1875
98 1876
98 1877
98 1878
98 1879
98 1880
98 1881
98 1882
98 1883
98 1884
98 1885
99 1886
99 1887
99 1888
99 1889
99 1890
99 1891
99 1892
99 1893
99 1894
99 1895
99 1896
99 1897
99 1898
99 1899
100 1900
100 1901
100 1902
100 1903
100 1904
100 1905
100 1906
100 1907
100 1908
100 1909
100 1910
100 1911
100 1912
100 1913
101 1914
101 1915
101 1916
101 1917
101 1918
101 1919
101 1920
101 1921
101 1922
101 1923
101 1924
101 1925
101 1926
101 1927
102 1928
102 1929
102 1930
102 1931
102 1932
102 1933
102 1934
102 1935
102 1936
102 1937
102 1938
102 1939
102 1940
102 1941
103 1942
103 1943
103 1944
103 1945
103 1946
103 1947
103 1948
103 1949
103 1950
103 1951
103 1952
103 1953
103 1954
103 1955
104 1956
104 1957
104 1958
104 1959
104 1960
104 1961
104 1962
104 1963
104 1964
104 1965
104 1966
104 1967
104 1968
104 1969
105 1970
105 1971
105 1972
105 1973
105 1974
105 1975
105 1976
105 1977
105 1978
105 1979
105 1980
105 1981
105 1982
105 1983
106 1984
106 1985
106 1986
106 1987
106 1988
106 1989
106 1990
106 1991
106 1992
106 1993
106 1994
106 1995
106 1996
106 1997
107 1998
107 1999
107 2000
107 2001
107 2002
107 2003
107 2004
107 2005
107 2006
107 2007
107 2008
107 2009
107 2010
107 2011
108 2012
108 2013
108 2014
108 2015
108 2016
108 2017
108 2018
108 2019
108 2020
108 2021
108 2022
108 2023
108 2024
108 2025
109 2026
109 2027
109 2028
109 2029
109 2030
109 2031
109 2032
109 2033
109 2034
109 2035
109 2036
109 2037
109 2038
109 2039
110 2040
110 2041
110 2042
110 2043
110 2044
110 2045
110 2046
110 2047
110 2048
110 2049
110 2050
110 2051
110 2052
110 2053
111 2054
111 2055
111 2056
111 2057
111 2058
111 2059
111 2060
111 2061
111 2062
111 2063
111 2064
111 2065
111 2066
111 2067
112 2068
112 2069
112 2070
112 2071
112 2072
112 2073
112 2074
112 2075
112 2076
112 2077
112 2078
112 2079
112 2080
112 2081
113 2082
113 2083
113 2084
113 2085
113 2086
113 2087
113 2088
113 2089
113 2090
113 2091
113 2092
113 2093
113 2094
113 2095
114 2096
114 2097
114 2098
114 2099
114 2100
114 2101
114 2102
114 2103
114 2104
114 2105
114 2106
114 2107
114 2108
114 2109
115 2110
115 2111
115 2112
115 2113
115 2114
115 2115
115 2116
115 2117
115 2118
115 2119
115 2120
115 2121
115 2122
115 2123
116 2124
116 2125
116 2126
116 2127
116 2128
116 2129
116 2130
116 2131
116 2132
116 2133
116 2134
116 2135
116 2136
116 2137
117 2138
117 2139
117 2140
117 2141
117 2142
117 2143
117 2144
117 2145
117 2146
117 2147
117 2148
117 2149
117 2150
117 2151
118 2152
118 2153
118 2154
118 2155
118 2156
118 2157
118 2158
118 2159
118 2160
118 2161
118 2162
118 2163
118 2164
118 2165
119 2166
119 2167
119 2168
119 2169
119 2170
119 2171
119 2172
119 2173
119 2174
119 2175
119 2176
119 2177
119 2178
119 2179
120 2180
120 2181
120 2182
120 2183
120 2184
120 2185
120 2186
120 2187
120 2188
120 2189
120 2190
120 2191
120 2192
120 2193
121 2194
121 2195
121 2196
121 2197
121 2198
121 2199
121 2200
121 2201
121 2202
121 2203
121 2204
121 2205
121 2206
121 2207
122 2208
122 2209
122 2210
122 2211
122 2212
122 2213
122 2214
122 2215
122 2216
122 2217
122 2218
122 2219
122 2220
122 2221
123 2222
123 2223
123 2224
123 2225
123 2226
123 2227
123 2228
123 2229
123 2230
123 2231
123 2232
123 2233
123 2234
123 2235
124 2236
124 2237
124 2238
124 2239
124 2240
124 2241
124 2242
124 2243
124 2244
124 2245
124 2246
124 2247
124 2248
124 2249
125 2250
125 2251
125 2252
125 2253
125 2254
125 2255
125 2256
125 2257
125 2258
125 2259
125 2260
125 2261
125 2262
125 2263
126 2264
126 2265
126 2266
126 2267
126 2268
126 2269
126 2270
126 2271
126 2272
126 2273
126 2274
126 2275
126 2276
126 2277
127 2278
127 2279
127 2280
127 2281
127 2282
127 2283
127 2284
127 2285
127 2286
127 2287
127 2288
127 2289
127 2290
127 2291
128 2292
128 2293
128 2294
128 2295
128 2296
128 2297
128 2298
128 2299
128 2300
128 2301
128 2302
128 2303
128 2304
128 2305
129 2306
129 2307
129 2308
129 2309
129 2310
129 2311
129 2312
129 2313
129 2314
129 2315
129 2316
129 2317
129 2318
129 2319
130 2320
130 2321
130 2322
130 2323
130 2324
130 2325
130 2326
130 2327
130 2328
130 2329
130 2330
130 2331
130 2332
130 2333
131 2334
131 2335
131 2336
131 2337
131 2338
131 2339
131 2340
131 2341
131 2342
131 2343
131 2344
131 2345
131 2346
131 2347
132 2348
132 2349
132 2350
132 2351
132 2352
132 2353
132 2354
132 2355
132 2356
132 2357
132 2358
132 2359
132 2360
132 2361
133 2362
133 2363
133 2364
133 2365
133 2366
133 2367
133 2368
133 2369
133 2370
133 2371
133 2372
133 2373
133 2374
133 2375
134 2376
134 2377
134 2378
134 2379
134 2380
134 2381
134 2382
134 2383
134 2384
134 2385
134 2386
134 2387
134 2388
134 2389
135 2390
135 2391
135 2392
135 2393
135 2394
135 2395
135 2396
135 2397
135 2398
135 2399
135 2400
135 2401
135 2402
135 2403
136 2404
136 2405
136 2406
136 2407
136 2408
136 2409
136 2410
136 2411
136 2412
136 2413
136 2414
136 2415
136 2416
136 2417
137 2418
137 2419
137 2420
137 2421
137 2422
137 2423
137 2424
137 2425
137 2426
137 2427
137 2428
137 2429
137 2430
137 2431
138 2432
138 2433
138 2434
138 2435
138 2436
138 2437
138 2438
138 2439
138 2440
138 2441
138 2442
138 2443
138 2444
138 2445
139 2446
139 2447
139 2448
139 2449
139 2450
139 2451
139 2452
139 2453
139 2454
139 2455
139 2456
139 2457
139 2458
139 2459
140 2460
140 2461
140 2462
140 2463
140 2464
140 2465
140 2466
140 2467
140 2468
140 2469
140 2470
140 2471
140 2472
140 2473
141 2474
141 2475
141 2476
141 2477
141 2478
141 2479
141 2480
141 2481
141 2482
141 2483
141 2484
141 2485
141 2486
141 2487
142 2488
142 2489
142 2490
142 2491
142 2492
142 2493
142 2494
142 2495
142 2496
142 2497
142 2498
142 2499
142 2500
142 2501
143 2502
143 2503
143 2504
143 2505
143 2506
143 2507
143 2508
143 2509
143 2510
143 2511
143 2512
143 2513
143 2514
143 2515
144 2516
144 2517
144 2518
144 2519
144 2520
144 2521
144 2522
144 2523
144 2524
144 2525
144 2526
144 2527
144 2528
144 2529
145 2530
145 2531
145 2532
145 2533
145 2534
145 2535
145 2536
145 2537
145 2538
145 2539
145 2540
145 2541
145 2542
145 2543
146 2544
146 2545
146 2546
146 2547
146 2548
146 2549
146 2550
146 2551
146 2552
146 2553
146 2554
146 2555
146 2556
146 2557
147 2558
147 2559
147 2560
147 2561
147 2562
147 2563
147 2564
147 2565
147 2566
147 2567
147 2568
147 2569
147 2570
147 2571
148 2572
148 2573
148 2574
148 2575
148 2576
148 2577
148 2578
148 2579
148 2580
148 2581
148 2582
148 2583
148 2584
148 2585
149 2586
149 2587
149 2588
149 2589
149 2590
149 2591
149 2592
149 2593
149 2594
149 2595
149 2596
149 2597
149 2598
149 2599
150 2600
150 2601
150 2602
150 2603
150 2604
150 2605
150 2606
150 2607
150 2608
150 2609
150 2610
150 2611
150 2612
150 2613
151 2614
151 2615
151 2616
151 2617
151 2618
151 2619
151 2620
151 2621
151 2622
151 2623
151 2624
151 2625
151 2626
151 2627
152 2628
152 2629
152 2630
152 2631
152 2632
152 2633
152 2634
152 2635
152 2636
152 2637
152 2638
152 2639
152 2640
152 2641
153 2642
153 2643
153 2644
153 2645
153 2646
153 2647
153 2648
153 2649
153 2650
153 2651
153 2652
153 2653
153 2654
153 2655
154 2656
154 2657
154 2658
154 2659
154 2660
154 2661
154 2662
154 2663
154 2664
154 2665
154 2666
154 2667
154 2668
154 2669
155 2670
155 2671
155 2672
155 2673
155 2674
155 2675
155 2676
155 2677
155 2678
155 2679
155 2680
155 2681
155 2682
155 2683
156 2684
156 2685
156 2686
156 2687
156 2688
156 2689
156 2690
156 2691
156 2692
156 2693
156 2694
156 2695
156 2696
156 2697
157 2698
157 2699
157 2700
157 2701
157 2702
157 2703
157 2704
157 2705
157 2706
157 2707
157 2708
157 2709
157 2710
157 2711
158 2712
158 2713
158 2714
158 2715
158 2716
158 2717
158 2718
158 2719
158 2720
158 2721
158 2722
158 2723
158 2724
158 2725
159 2726
159 2727
159 2728
159 2729
159 2730
159 2731
159 2732
159 2733
159 2734
159 2735
159 2736
159 2737
159 2738
159 2739
160 2740
160 2741
160 2742
160 2743
160 2744
160 2745
160 2746
160 2747
160 2748
160 2749
160 2750
160 2751
160 2752
160 2753
161 2754
161 2755
161 2756
161 2757
161 2758
161 2759
161 2760
161 2761
161 2762
161 2763
161 2764
161 2765
161 2766
161 2767
162 2768
162 2769
162 2770
162 2771
162 2772
162 2773
162 2774
162 2775
162 2776
162 2777
162 2778
162 2779
162 2780
162 2781
163 2782
163 2783
163 2784
163 2785
163 2786
163 2787
163 2788
163 2789
163 2790
163 2791
163 2792
163 2793
163 2794
163 2795
164 2796
164 2797
164 2798
164 2799
164 2800
164 2801
164 2802
164 2803
164 2804
164 2805
164 2806
164 2807
164 2808
164 2809
165 2810
165 2811
165 2812
165 2813
165 2814
165 2815
165 2816
165 2817
165 2818
165 2819
165 2820
165 2821
165 2822
165 2823
166 2824
166 2825
166 2826
166 2827
166 2828
166 2829
166 2830
166 2831
166 2832
166 2833
166 2834
166 2835
166 2836
166 2837
167 2838
167 2839
167 2840
167 2841
167 2842
167 2843
167 2844
167 2845
167 2846
167 2847
167 2848
167 2849
167 2850
167 2851
168 2852
168 2853
168 2854
168 2855
168 2856
168 2857
168 2858
168 2859
168 2860
168 2861
168 2862
168 2863
168 2864
168 2865
169 2866
169 2867
169 2868
169 2869
169 2870
169 2871
169 2872
169 2873
169 2874
169 2875
169 2876
169 2877
169 2878
169 2879
170 2880
170 2881
170 2882
170 2883
170 2884
170 2885
170 2886
170 2887
170 2888
170 2889
170 2890
170 2891
170 2892
170 2893
171 2894
171 2895
171 2896
171 2897
171 2898
171 2899
171 2900
171 2901
171 2902
171 2903
171 2904
171 2905
171 2906
171 2907
172 2908
172 2909
172 2910
172 2911
172 2912
172 2913
172 2914
172 2915
172 2916
172 2917
172 2918
172 2919
172 2920
172 2921
173 2922
173 2923
173 2924
173 2925
173 2926
173 2927
173 2928
173 2929
173 2930
173 2931
173 2932
173 2933
173 2934
173 2935
174 2936
174 2937
174 2938
174 2939
174 2940
174 2941
174 2942
174 2943
174 2944
174 2945
174 2946
174 2947
174 2948
174 2949
175 2950
175 2951
175 2952
175 2953
175 2954
175 2955
175 2956
175 2957
175 2958
175 2959
175 2960
175 2961
175 2962
175 2963
176 2964
176 2965
176 2966
176 2967
176 2968
176 2969
176 2970
176 2971
176 2972
176 2973
176 2974
176 2975
176 2976
176 2977
177 2978
177 2979
177 2980
177 2981
177 2982
177 2983
177 2984
177 2985
177 2986
177 2987
177 2988
177 2989
177 2990
177 2991
178 2992
178 2993
178 2994
178 2995
178 2996
178 2997
178 2998
178 2999
178 3000
178 3001
178 3002
178 3003
178 3004
178 3005
179 3006
179 3007
179 3008
179 3009
179 3010
179 3011
179 3012
179 3013
179 3014
179 3015
179 3016
179 3017
179 3018
179 3019
180 3020
180 3021
180 3022
180 3023
180 3024
180 3025
180 3026
180 3027
180 3028
180 3029
180 3030
180 3031
180 3032
180 3033
181 3034
181 3035
181 3036
181 3037
181 3038
181 3039
181 3040
181 3041
181 3042
181 3043
181 3044
181 3045
181 3046
181 3047
182 3048
182 3049
182 3050
182 3051
182 3052
182 3053
182 3054
182 3055
182 3056
182 3057
182 3058
182 3059
182 3060
182 3061
183 3062
183 3063
183 3064
183 3065
183 3066
183 3067
183 3068
183 3069
183 3070
183 3071
183 3072
183 3073
183 3074
183 3075
184 3076
184 3077
184 3078
184 3079
184 3080
184 3081
184 3082
184 3083
184 3084
184 3085
184 3086
184 3087
184 3088
184 3089
185 3090
185 3091
185 3092
185 3093
185 3094
185 3095
185 3096
185 3097
185 3098
185 3099
185 3100
185 3101
185 3102
185 3103
186 3104
186 3105
186 3106
186 3107
186 3108
186 3109
186 3110
186 3111
186 3112
186 3113
186 3114
186 3115
186 3116
186 3117
187 3118
187 3119
187 3120
187 3121
187 3122
187 3123
187 3124
187 3125
187 3126
187 3127
187 3128
187 3129
187 3130
187 3131
188 3132
188 3133
188 3134
188 3135
188 3136
188 3137
188 3138
188 3139
188 3140
188 3141
188 3142
188 3143
188 3144
188 3145
189 3146
189 3147
189 3148
189 3149
189 3150
189 3151
189 3152
189 3153
189 3154
189 3155
189 3156
189 3157
189 3158
189 3159
190 3160
190 3161
190 3162
190 3163
190 3164
190 3165
190 3166
190 3167
190 3168
190 3169
190 3170
190 3171
190 3172
190 3173
191 3174
191 3175
191 3176
191 3177
191 3178
191 3179
191 3180
191 3181
191 3182
191 3183
191 3184
191 3185
191 3186
191 3187
192 3188
192 3189
192 3190
192 3191
192 3192
192 3193
192 3194
192 3195
192 3196
192 3197
192 3198
192 3199
192 3200
192 3201
193 3202
193 3203
193 3204
193 3205
193 3206
193 3207
193 3208
193 3209
193 3210
193 3211
193 3212
193 3213
193 3214
193 3215
194 3216
194 3217
194 3218
194 3219
194 3220
194 3221
194 3222
194 3223
194 3224
194 3225
194 3226
194 3227
194 3228
194 3229
195 3230
195 3231
195 3232
195 3233
195 3234
195 3235
195 3236
195 3237
195 3238
195 3239
195 3240
195 3241
195 3242
195 3243
196 3244
196 3245
196 3246
196 3247
196 3248
196 3249
196 3250
196 3251
196 3252
196 3253
196 3254
196 3255
196 3256
196 3257
197 3258
197 3259
197 3260
197 3261
197 3262
197 3263
197 3264
197 3265
197 3266
197 3267
197 3268
197 3269
197 3270
197 3271
198 3272
198 3273
198 3274
198 3275
198 3276
198 3277
198 3278
198 3279
198 3280
198 3281
198 3282
198 3283
198 3284
198 3285
199 3286
199 3287
199 3288
199 3289
199 3290
199 3291
199 3292
199 3293
199 3294
199 3295
199 3296
199 3297
199 3298
199 3299
200 3300
200 3301
200 3302
200 3303
200 3304
200 3305
200 3306
200 3307
200 3308
200 3309
200 3310
200 3311
200 3312
200 3313
201 3314
201 3315
201 3316
201 3317
201 3318
201 3319
201 3320
201 3321
201 3322
201 3323
201 3324
201 3325
201 3326
201 3327
202 3328
202 3329
202 3330
202 3331
202 3332
202 3333
202 3334
202 3335
202 3336
202 3337
202 3338
202 3339
202 3340
202 3341
203 3342
203 3343
203 3344
203 3345
203 3346
203 3347
203 3348
203 3349
203 3350
203 3351
203 3352
203 3353
203 3354
203 3355
204 3356
204 3357
204 3358
204 3359
204 3360
204 3361
204 3362
204 3363
204 3364
204 3365
204 3366
204 3367
204 3368
204 3369
205 3370
205 3371
205 3372
205 3373
205 3374
205 3375
205 3376
205 3377
205 3378
205 3379
205 3380
205 3381
205 3382
205 3383
206 3384
206 3385
206 3386
206 3387
206 3388
206 3389
206 3390
206 3391
206 3392
206 3393
206 3394
206 3395
206 3396
206 3397
207 3398
207 3399
207 3400
207 3401
207 3402
207 3403
207 3404
207 3405
207 3406
207 3407
207 3408
207 3409
207 3410
207 3411
208 3412
208 3413
208 3414
208 3415
208 3416
208 3417
208 3418
208 3419
208 3420
208 3421
208 3422
208 3423
208 3424
208 3425
209 3426
209 3427
209 3428
209 3429
209 3430
209 3431
209 3432
209 3433
209 3434
209 3435
209 3436
209 3437
209 3438
209 3439
210 3440
210 3441
210 3442
210 3443
210 3444
210 3445
210 3446
210 3447
210 3448
210 3449
210 3450
210 3451
210 3452
210 3453
211 3454
211 3455
211 3456
211 3457
211 3458
211 3459
211 3460
211 3461
211 3462
211 3463
211 3464
211 3465
211 3466
211 3467
212 3468
212 3469
212 3470
212 3471
212 3472
212 3473
212 3474
212 3475
212 3476
212 3477
212 3478
212 3479
212 3480
212 3481
213 3482
213 3483
213 3484
213 3485
213 3486
213 3487
213 3488
213 3489
213 3490
213 3491
213 3492
213 3493
213 3494
213 3495
214 3496
214 3497
214 3498
214 3499
214 3500
214 3501
214 3502
214 3503
214 3504
214 3505
214 3506
214 3507
214 3508
214 3509
215 3510
215 3511
215 3512
215 3513
215 3514
215 3515
215 3516
215 3517
215 3518
215 3519
215 3520
215 3521
215 3522
215 3523
216 3524
216 3525
216 3526
216 3527
216 3528
216 3529
216 3530
216 3531
216 3532
216 3533
216 3534
216 3535
216 3536
216 3537
217 3538
217 3539
217 3540
217 3541
217 3542
217 3543
217 3544
217 3545
217 3546
217 3547
217 3548
217 3549
217 3550
217 3551
218 3552
218 3553
218 3554
218 3555
218 3556
218 3557
218 3558
218 3559
218 3560
218 3561
218 3562
218 3563
218 3564
218 3565
219 3566
219 3567
219 3568
219 3569
219 3570
219 3571
219 3572
219 3573
219 3574
219 3575
219 3576
219 3577
219 3578
219 3579
220 3580
220 3581
220 3582
220 3583
220 3584
220 3585
220 3586
220 3587
220 3588
220 3589
220 3590
220 3591
220 3592
220 3593
221 3594
221 3595
221 3596
221 3597
221 3598
221 3599
221 3600
221 3601
221 3602
221 3603
221 3604
221 3605
221 3606
221 3607
222 3608
222 3609
222 3610
222 3611
222 3612
222 3613
222 3614
222 3615
222 3616
222 3617
222 3618
222 3619
222 3620
222 3621
223 3622
223 3623
223 3624
223 3625
223 3626
223 3627
223 3628
223 3629
223 3630
223 3631
223 3632
223 3633
223 3634
223 3635
224 3636
224 3637
224 3638
224 3639
224 3640
224 3641
224 3642
224 3643
224 3644
224 3645
224 3646
224 3647
224 3648
224 3649
225 3650
225 3651
225 3652
225 3653
225 3654
225 3655
225 3656
225 3657
225 3658
225 3659
225 3660
225 3661
225 3662
225 3663
226 3664
226 3665
226 3666
226 3667
226 3668
226 3669
226 3670
226 3671
226 3672
226 3673
226 3674
226 3675
226 3676
226 3677
227 3678
227 3679
227 3680
227 3681
227 3682
227 3683
227 3684
227 3685
227 3686
227 3687
227 3688
227 3689
227 3690
227 3691
228 3692
228 3693
228 3694
228 3695
228 3696
228 3697
228 3698
228 3699
228 3700
228 3701
228 3702
228 3703
228 3704
228 3705
229 3706
229 3707
229 3708
229 3709
229 3710
229 3711
229 3712
229 3713
229 3714
229 3715
229 3716
229 3717
229 3718
229 3719
230 3720
230 3721
230 3722
230 3723
230 3724
230 3725
230 3726
230 3727
230 3728
230 3729
230 3730
230 3731
230 3732
230 3733
231 3734
231 3735
231 3736
231 3737
231 3738
231 3739
231 3740
231 3741
231 3742
231 3743
231 3744
231 3745
231 3746
231 3747
232 3748
232 3749
232 3750
232 3751
232 3752
232 3753
232 3754
232 3755
232 3756
232 3757
232 3758
232 3759
232 3760
232 3761
233 3762
233 3763
233 3764
233 3765
233 3766
233 3767
233 3768
233 3769
233 3770
233 3771
233 3772
233 3773
233 3774
233 3775
234 3776
234 3777
234 3778
234 3779
234 3780
234 3781
234 3782
234 3783
234 3784
234 3785
234 3786
234 3787
234 3788
234 3789
235 3790
235 3791
235 3792
235 3793
235 3794
235 3795
235 3796
235 3797
235 3798
235 3799
235 3800
235 3801
235 3802
235 3803
236 3804
236 3805
236 3806
236 3807
236 3808
236 3809
236 3810
236 3811
236 3812
236 3813
236 3814
236 3815
236 3816
236 3817
237 3818
237 3819
237 3820
237 3821
237 3822
237 3823
237 3824
237 3825
237 3826
237 3827
237 3828
237 3829
237 3830
237 3831
238 3832
238 3833
238 3834
238 3835
238 3836
238 3837
238 3838
238 3839
238 3840
238 3841
238 3842
238 3843
238 3844
238 3845
239 3846
239 3847
239 3848
239 3849
239 3850
239 3851
239 3852
239 3853
239 3854
239 3855
239 3856
239 3857
239 3858
239 3859
240 3860
240 3861
240 3862
240 3863
240 3864
240 3865
240 3866
240 3867
240 3868
240 3869
240 3870
240 3871
240 3872
240 3873
241 3874
241 3875
241 3876
241 3877
241 3878
241 3879
241 3880
241 3881
241 3882
241 3883
241 3884
241 3885
241 3886
241 3887
242 3888
242 3889
242 3890
242 3891
242 3892
242 3893
242 3894
242 3895
242 3896
242 3897
242 3898
242 3899
242 3900
242 3901
243 3902
243 3903
243 3904
243 3905
243 3906
243 3907
243 3908
243 3909
243 3910
243 3911
243 3912
243 3913
243 3914
243 3915
244 3916
244 3917
244 3918
244 3919
244 3920
244 3921
244 3922
244 3923
244 3924
244 3925
244 3926
244 3927
244 3928
244 3929
245 3930
245 3931
245 3932
245 3933
245 3934
245 3935
245 3936
245 3937
245 3938
245 3939
245 3940
245 3941
245 3942
245 3943
246 3944
246 3945
246 3946
246 3947
246 3948
246 3949
246 3950
246 3951
246 3952
246 3953
246 3954
246 3955
246 3956
246 3957
247 3958
247 3959
247 3960
247 3961
247 3962
247 3963
247 3964
247 3965
247 3966
247 3967
247 3968
247 3969
247 3970
247 3971
248 3972
248 3973
248 3974
248 3975
248 3976
248 3977
248 3978
248 3979
248 3980
248 3981
248 3982
248 3983
248 3984
248 3985
249 3986
249 3987
249 3988
249 3989
249 3990
249 3991
249 3992
249 3993
249 3994
249 3995
249 3996
249 3997
249 3998
249 3999
250 4000
250 4001
250 4002
250 4003
250 4004
250 4005
250 4006
250 4007
250 4008
250 4009
250 4010
250 4011
250 4012
250 4013
251 4014
251 4015
251 4016
251 4017
251 4018
251 4019
251 4020
251 4021
251 4022
251 4023
251 4024
251 4025
251 4026
251 4027
252 4028
252 4029
252 4030
252 4031
252 4032
252 4033
252 4034
252 4035
252 4036
252 4037
252 4038
252 4039
252 4040
252 4041
253 4042
253 4043
253 4044
253 4045
253 4046
253 4047
253 4048
253 4049
253 4050
253 4051
253 4052
253 4053
253 4054
253 4055
254 4056
254 4057
254 4058
254 4059
254 4060
254 4061
254 4062
254 4063
254 4064
254 4065
254 4066
254 4067
254 4068
254 4069
255 4070
255 4071
255 4072
255 4073
255 4074
255 4075
255 4076
255 4077
255 4078
255 4079
255 4080
255 4081
255 4082
255 4083
256 4084
256 4085
256 4086
256 4087
256 4088
256 4089
256 4090
256 4091
256 4092
256 4093
256 4094
256 4095
256 4096
256 4097
257 4098
257 4099
257 4100
257 4101
257 4102
257 4103
257 4104
257 4105
257 4106
257 4107
257 4108
257 4109
257 4110
257 4111
258 4112
258 4113
258 4114
258 4115
258 4116
258 4117
258 4118
258 4119
258 4120
258 4121
258 4122
258 4123
258 4124
258 4125
259 4126
259 4127
259 4128
259 4129
259 4130
259 4131
259 4132
259 4133
259 4134
259 4135
259 4136
259 4137
259 4138
259 4139
260 4140
260 4141
260 4142
260 4143
260 4144
260 4145
260 4146
260 4147
260 4148
260 4149
260 4150
260 4151
260 4152
260 4153
261 4154
261 4155
261 4156
261 4157
261 4158
261 4159
261 4160
261 4161
261 4162
261 4163
261 4164
261 4165
261 4166
261 4167
262 4168
262 4169
262 4170
262 4171
262 4172
262 4173
262 4174
262 4175
262 4176
262 4177
262 4178
262 4179
262 4180
262 4181
263 4182
263 4183
263 4184
263 4185
263 4186
263 4187
263 4188
263 4189
263 4190
263 4191
263 4192
263 4193
263 4194
263 4195
264 4196
264 4197
264 4198
264 4199
264 4200
264 4201
264 4202
264 4203
264 4204
264 4205
264 4206
264 4207
264 4208
264 4209
265 4210
265 4211
265 4212
265 4213
265 4214
265 4215
265 4216
265 4217
265 4218
265 4219
265 4220
265 4221
265 4222
265 4223
266 4224
266 4225
266 4226
266 4227
266 4228
266 4229
266 4230
266 4231
266 4232
266 4233
266 4234
266 4235
266 4236
266 4237
267 4238
267 4239
267 4240
267 4241
267 4242
267 4243
267 4244
267 4245
267 4246
267 4247
267 4248
267 4249
267 4250
267 4251
268 4252
268 4253
268 4254
268 4255
268 4256
268 4257
268 4258
268 4259
268 4260
268 4261
268 4262
268 4263
268 4264
268 4265
269 4266
269 4267
269 4268
269 4269
269 4270
269 4271
269 4272
269 4273
269 4274
269 4275
269 4276
269 4277
269 4278
269 4279
270 4280
270 4281
270 4282
270 4283
270 4284
270 4285
270 4286
270 4287
270 4288
270 4289
270 4290
270 4291
270 4292
270 4293
271 4294
271 4295
271 4296
271 4297
271 4298
271 4299
271 4300
271 4301
271 4302
271 4303
271 4304
271 4305
271 4306
271 4307
272 4308
272 4309
272 4310
272 4311
272 4312
272 4313
272 4314
272 4315
272 4316
272 4317
272 4318
272 4319
272 4320
272 4321
273 4322
273 4323
273 4324
273 4325
273 4326
273 4327
273 4328
273 4329
273 4330
273 4331
273 4332
273 4333
273 4334
273 4335
274 4336
274 4337
274 4338
274 4339
274 4340
274 4341
274 4342
274 4343
274 4344
274 4345
274 4346
274 4347
274 4348
274 4349
275 4350
275 4351
275 4352
275 4353
275 4354
275 4355
275 4356
275 4357
275 4358
275 4359
275 4360
275 4361
275 4362
275 4363
276 4364
276 4365
276 4366
276 4367
276 4368
276 4369
276 4370
276 4371
276 4372
276 4373
276 4374
276 4375
276 4376
276 4377
277 4378
277 4379
277 4380
277 4381
277 4382
277 4383
277 4384
277 4385
277 4386
277 4387
277 4388
277 4389
277 4390
277 4391
278 4392
278 4393
278 4394
278 4395
278 4396
278 4397
278 4398
278 4399
278 4400
278 4401
278 4402
278 4403
278 4404
278 4405
279 4406
279 4407
279 4408
279 4409
279 4410
279 4411
279 4412
279 4413
279 4414
279 4415
279 4416
279 4417
279 4418
279 4419
280 4420
280 4421
280 4422
280 4423
280 4424
280 4425
280 4426
280 4427
280 4428
280 4429
280 4430
280 4431
280 4432
280 4433
281 4434
281 4435
281 4436
281 4437
281 4438
281 4439
281 4440
281 4441
281 4442
281 4443
281 4444
281 4445
281 4446
281 4447
282 4448
282 4449
282 4450
282 4451
282 4452
282 4453
282 4454
282 4455
282 4456
282 4457
282 4458
282 4459
282 4460
282 4461
283 4462
283 4463
283 4464
283 4465
283 4466
283 4467
283 4468
283 4469
283 4470
283 4471
283 4472
283 4473
283 4474
283 4475
284 4476
284 4477
284 4478
284 4479
284 4480
284 4481
284 4482
284 4483
284 4484
284 4485
284 4486
284 4487
284 4488
284 4489
285 4490
285 4491
285 4492
285 4493
285 4494
285 4495
285 4496
285 4497
285 4498
285 4499
285 4500
285 4501
285 4502
285 4503
286 4504
286 4505
286 4506
286 4507
286 4508
286 4509
286 4510
286 4511
286 4512
286 4513
286 4514
286 4515
286 4516
286 4517
287 4518
287 4519
287 4520
287 4521
287 4522
287 4523
287 4524
287 4525
287 4526
287 4527
287 4528
287 4529
287 4530
287 4531
288 4532
288 4533
288 4534
288 4535
288 4536
288 4537
288 4538
288 4539
288 4540
288 4541
288 4542
288 4543
288 4544
288 4545
289 4546
289 4547
289 4548
289 4549
289 4550
289 4551
289 4552
289 4553
289 4554
289 4555
289 4556
289 4557
289 4558
289 4559
290 4560
290 4561
290 4562
290 4563
290 4564
290 4565
290 4566
290 4567
290 4568
290 4569
290 4570
290 4571
290 4572
290 4573
291 4574
291 4575
291 4576
291 4577
291 4578
291 4579
291 4580
291 4581
291 4582
291 4583
291 4584
291 4585
291 4586
291 4587
292 4588
292 4589
292 4590
292 4591
292 4592
292 4593
292 4594
292 4595
292 4596
292 4597
292 4598
292 4599
292 4600
292 4601
293 4602
293 4603
293 4604
293 4605
293 4606
293 4607
293 4608
293 4609
293 4610
293 4611
293 4612
293 4613
293 4614
293 4615
294 4616
294 4617
294 4618
294 4619
294 4620
294 4621
294 4622
294 4623
294 4624
294 4625
294 4626
294 4627
294 4628
294 4629
295 4630
295 4631
295 4632
295 4633
295 4634
295 4635
295 4636
295 4637
295 4638
295 4639
295 4640
295 4641
295 4642
295 4643
296 4644
296 4645
296 4646
296 4647
296 4648
296 4649
296 4650
296 4651
296 4652
296 4653
296 4654
296 4655
296 4656
296 4657
297 4658
297 4659
297 4660
297 4661
297 4662
297 4663
297 4664
297 4665
297 4666
297 4667
297 4668
297 4669
297 4670
297 4671
298 4672
298 4673
298 4674
298 4675
298 4676
298 4677
298 4678
298 4679
298 4680
298 4681
298 4682
298 4683
298 4684
298 4685
299 4686
299 4687
299 4688
299 4689
299 4690
299 4691
299 4692
299 4693
299 4694
299 4695
299 4696
299 4697
299 4698
299 4699
300 4700
300 4701
300 4702
300 4703
300 4704
300 4705
300 4706
300 4707
300 4708
300 4709
300 4710
300 4711
300 4712
300 4713
301 4714
301 4715
301 4716
301 4717
301 4718
301 4719
301 4720
301 4721
301 4722
301 4723
301 4724
301 4725
301 4726
301 4727
302 4728
302 4729
302 4730
302 4731
302 4732
302 4733
302 4734
302 4735
302 4736
302 4737
302 4738
302 4739
302 4740
302 4741
303 4742
303 4743
303 4744
303 4745
303 4746
303 4747
303 4748
303 4749
303 4750
303 4751
303 4752
303 4753
303 4754
303 4755
304 4756
304 4757
304 4758
304 4759
304 4760
304 4761
304 4762
304 4763
304 4764
304 4765
304 4766
304 4767
304 4768
304 4769
305 4770
305 4771
305 4772
305 4773
305 4774
305 4775
305 4776
305 4777
305 4778
305 4779
305 4780
305 4781
305 4782
305 4783
306 4784
306 4785
306 4786
306 4787
306 4788
306 4789
306 4790
306 4791
306 4792
306 4793
306 4794
306 4795
306 4796
306 4797
307 4798
307 4799
307 4800
307 4801
307 4802
307 4803
307 4804
307 4805
307 4806
307 4807
307 4808
307 4809
307 4810
307 4811
308 4812
308 4813
308 4814
308 4815
308 4816
308 4817
308 4818
308 4819
308 4820
308 4821
308 4822
308 4823
308 4824
308 4825
309 4826
309 4827
309 4828
309 4829
309 4830
309 4831
309 4832
309 4833
309 4834
309 4835
309 4836
309 4837
309 4838
309 4839
310 4840
310 4841
310 4842
310 4843
310 4844
310 4845
310 4846
310 4847
310 4848
310 4849
310 4850
310 4851
310 4852
310 4853
311 4854
311 4855
311 4856
311 4857
311 4858
311 4859
311 4860
311 4861
311 4862
311 4863
311 4864
311 4865
311 4866
311 4867
312 4868
312 4869
312 4870
312 4871
312 4872
312 4873
312 4874
312 4875
312 4876
312 4877
312 4878
312 4879
312 4880
312 4881
313 4882
313 4883
313 4884
313 4885
313 4886
313 4887
313 4888
313 4889
313 4890
313 4891
313 4892
313 4893
313 4894
313 4895
314 4896
314 4897
314 4898
314 4899
314 4900
314 4901
314 4902
314 4903
314 4904
314 4905
314 4906
314 4907
314 4908
314 4909
315 4910
315 4911
315 4912
315 4913
315 4914
315 4915
315 4916
315 4917
315 4918
315 4919
315 4920
315 4921
315 4922
315 4923
316 4924
316 4925
316 4926
316 4927
316 4928
316 4929
316 4930
316 4931
316 4932
316 4933
316 4934
316 4935
316 4936
316 4937
317 4938
317 4939
317 4940
317 4941
317 4942
317 4943
317 4944
317 4945
317 4946
317 4947
317 4948
317 4949
317 4950
317 4951
318 4952
318 4953
318 4954
318 4955
318 4956
318 4957
318 4958
318 4959
318 4960
318 4961
318 4962
318 4963
318 4964
318 4965
319 4966
319 4967
319 4968
319 4969
319 4970
319 4971
319 4972
319 4973
319 4974
319 4975
319 4976
319 4977
319 4978
319 4979
320 4980
320 4981
320 4982
320 4983
320 4984
320 4985
320 4986
320 4987
320 4988
320 4989
320 4990
320 4991
320 4992
320 4993
321 4994
321 4995
321 4996
321 4997
321 4998
321 4999
321 5000
321 5001
321 5002
321 5003
321 5004
321 5005
321 5006
321 5007
322 5008
322 5009
322 5010
322 5011
322 5012
322 5013
322 5014
322 5015
322 5016
322 5017
322 5018
322 5019
322 5020
322 5021
323 5022
323 5023
323 5024
323 5025
323 5026
323 5027
323 5028
323 5029
323 5030
323 5031
323 5032
323 5033
323 5034
323 5035
324 5036
324 5037
324 5038
324 5039
324 5040
324 5041
324 5042
324 5043
324 5044
324 5045
324 5046
324 5047
324 5048
324 5049
325 5050
325 5051
325 5052
325 5053
325 5054
325 5055
325 5056
325 5057
325 5058
325 5059
325 5060
325 5061
325 5062
325 5063
326 5064
326 5065
326 5066
326 5067
326 5068
326 5069
326 5070
326 5071
326 5072
326 5073
326 5074
326 5075
326 5076
326 5077
327 5078
327 5079
327 5080
327 5081
327 5082
327 5083
327 5084
327 5085
327 5086
327 5087
327 5088
327 5089
327 5090
327 5091
328 5092
328 5093
328 5094
328 5095
328 5096
328 5097
328 5098
328 5099
328 5100
328 5101
328 5102
328 5103
328 5104
328 5105
329 5106
329 5107
329 5108
329 5109
329 5110
329 5111
329 5112
329 5113
329 5114
329 5115
329 5116
329 5117
329 5118
329 5119
330 5120
330 5121
330 5122
330 5123
330 5124
330 5125
330 5126
330 5127
330 5128
330 5129
330 5130
330 5131
330 5132
330 5133
331 5134
331 5135
331 5136
331 5137
331 5138
331 5139
331 5140
331 5141
331 5142
331 5143
331 5144
331 5145
331 5146
331 5147
332 5148
332 5149
332 5150
332 5151
332 5152
332 5153
332 5154
332 5155
332 5156
332 5157
332 5158
332 5159
332 5160
332 5161
333 5162
333 5163
333 5164
333 5165
333 5166
333 5167
333 5168
333 5169
333 5170
333 5171
333 5172
333 5173
333 5174
333 5175
334 5176
334 5177
334 5178
334 5179
334 5180
334 5181
334 5182
334 5183
334 5184
334 5185
334 5186
334 5187
334 5188
334 5189
335 5190
335 5191
335 5192
335 5193
335 5194
335 5195
335 5196
335 5197
335 5198
335 5199
335 5200
335 5201
335 5202
335 5203
336 5204
336 5205
336 5206
336 5207
336 5208
336 5209
336 5210
336 5211
336 5212
336 5213
336 5214
336 5215
336 5216
336 5217
337 5218
337 5219
337 5220
337 5221
337 5222
337 5223
337 5224
337 5225
337 5226
337 5227
337 5228
337 5229
337 5230
337 5231
338 5232
338 5233
338 5234
338 5235
338 5236
338 5237
338 5238
338 5239
338 5240
338 5241
338 5242
338 5243
338 5244
338 5245
339 5246
339 5247
339 5248
339 5249
339 5250
339 5251
339 5252
339 5253
339 5254
339 5255
339 5256
339 5257
339 5258
339 5259
340 5260
340 5261
340 5262
340 5263
340 5264
340 5265
340 5266
340 5267
340 5268
340 5269
340 5270
340 5271
340 5272
340 5273
341 5274
341 5275
341 5276
341 5277
341 5278
341 5279
341 5280
341 5281
341 5282
341 5283
341 5284
341 5285
341 5286
341 5287
342 5288
342 5289
342 5290
342 5291
342 5292
342 5293
342 5294
342 5295
342 5296
342 5297
342 5298
342 5299
342 5300
342 5301
343 5302
343 5303
343 5304
343 5305
343 5306
343 5307
343 5308
343 5309
343 5310
343 5311
343 5312
343 5313
343 5314
343 5315
344 5316
344 5317
344 5318
344 5319
344 5320
344 5321
344 5322
344 5323
344 5324
344 5325
344 5326
344 5327
344 5328
344 5329
345 5330
345 5331
345 5332
345 5333
345 5334
345 5335
345 5336
345 5337
345 5338
345 5339
345 5340
345 5341
345 5342
345 5343
346 5344
346 5345
346 5346
346 5347
346 5348
346 5349
346 5350
346 5351
346 5352
346 5353
346 5354
346 5355
346 5356
346 5357
347 5358
347 5359
347 5360
347 5361
347 5362
347 5363
347 5364
347 5365
347 5366
347 5367
347 5368
347 5369
347 5370
347 5371
348 5372
348 5373
348 5374
348 5375
348 5376
348 5377
348 5378
348 5379
348 5380
348 5381
348 5382
348 5383
348 5384
348 5385
349 5386
349 5387
349 5388
349 5389
349 5390
349 5391
349 5392
349 5393
349 5394
349 5395
349 5396
349 5397
349 5398
349 5399
350 5400
350 5401
350 5402
350 5403
350 5404
350 5405
350 5406
350 5407
350 5408
350 5409
350 5410
350 5411
350 5412
350 5413
351 5414
351 5415
351 5416
351 5417
351 5418
351 5419
351 5420
351 5421
351 5422
351 5423
351 5424
351 5425
351 5426
351 5427
352 5428
352 5429
352 5430
352 5431
352 5432
352 5433
352 5434
352 5435
352 5436
352 5437
352 5438
352 5439
352 5440
352 5441
353 5442
353 5443
353 5444
353 5445
353 5446
353 5447
353 5448
353 5449
353 5450
353 5451
353 5452
353 5453
353 5454
353 5455
354 5456
354 5457
354 5458
354 5459
354 5460
354 5461
354 5462
354 5463
354 5464
354 5465
354 5466
354 5467
354 5468
354 5469
355 5470
355 5471
355 5472
355 5473
355 5474
355 5475
355 5476
355 5477
355 5478
355 5479
355 5480
355 5481
355 5482
355 5483
356 5484
356 5485
356 5486
356 5487
356 5488
356 5489
356 5490
356 5491
356 5492
356 5493
356 5494
356 5495
356 5496
356 5497
357 5498
357 5499
357 5500
357 5501
357 5502
357 5503
357 5504
357 5505
357 5506
357 5507
357 5508
357 5509
357 5510
357 5511
358 5512
358 5513
358 5514
358 5515
358 5516
358 5517
358 5518
358 5519
358 5520
358 5521
358 5522
358 5523
358 5524
358 5525
359 5526
359 5527
359 5528
359 5529
359 5530
359 5531
359 5532
359 5533
359 5534
359 5535
359 5536
359 5537
359 5538
359 5539
360 5540
360 5541
360 5542
360 5543
360 5544
360 5545
360 5546
360 5547
360 5548
360 5549
360 5550
360 5551
360 5552
360 5553
361 5554
361 5555
361 5556
361 5557
361 5558
361 5559
361 5560
361 5561
361 5562
361 5563
361 5564
361 5565
361 5566
361 5567
362 5568
362 5569
362 5570
362 5571
362 5572
362 5573
362 5574
362 5575
362 5576
362 5577
362 5578
362 5579
362 5580
362 5581
363 5582
363 5583
363 5584
363 5585
363 5586
363 5587
363 5588
363 5589
363 5590
363 5591
363 5592
363 5593
363 5594
363 5595
364 5596
364 5597
364 5598
364 5599
364 5600
364 5601
364 5602
364 5603
364 5604
364 5605
364 5606
364 5607
364 5608
364 5609
365 5610
365 5611
365 5612
365 5613
365 5614
365 5615
365 5616
365 5617
365 5618
365 5619
365 5620
365 5621
365 5622
365 5623
366 5624
366 5625
366 5626
366 5627
366 5628
366 5629
366 5630
366 5631
366 5632
366 5633
366 5634
366 5635
366 5636
366 5637
367 5638
367 5639
367 5640
367 5641
367 5642
367 5643
367 5644
367 5645
367 5646
367 5647
367 5648
367 5649
367 5650
367 5651
368 5652
368 5653
368 5654
368 5655
368 5656
368 5657
368 5658
368 5659
368 5660
368 5661
368 5662
368 5663
368 5664
368 5665
369 5666
369 5667
369 5668
369 5669
369 5670
369 5671
369 5672
369 5673
369 5674
369 5675
369 5676
369 5677
369 5678
369 5679
370 5680
370 5681
370 5682
370 5683
370 5684
370 5685
370 5686
370 5687
370 5688
370 5689
370 5690
370 5691
370 5692
370 5693
371 5694
371 5695
371 5696
371 5697
371 5698
371 5699
371 5700
371 5701
371 5702
371 5703
371 5704
371 5705
371 5706
371 5707
372 5708
372 5709
372 5710
372 5711
372 5712
372 5713
372 5714
372 5715
372 5716
372 5717
372 5718
372 5719
372 5720
372 5721
373 5722
373 5723
373 5724
373 5725
373 5726
373 5727
373 5728
373 5729
373 5730
373 5731
373 5732
373 5733
373 5734
373 5735
374 5736
374 5737
374 5738
374 5739
374 5740
374 5741
374 5742
374 5743
374 5744
374 5745
374 5746
374 5747
374 5748
374 5749
375 5750
375 5751
375 5752
375 5753
375 5754
375 5755
375 5756
375 5757
375 5758
375 5759
375 5760
375 5761
375 5762
375 5763
376 5764
376 5765
376 5766
376 5767
376 5768
376 5769
376 5770
376 5771
376 5772
376 5773
376 5774
376 5775
376 5776
376 5777
377 5778
377 5779
377 5780
377 5781
377 5782
377 5783
377 5784
377 5785
377 5786
377 5787
377 5788
377 5789
377 5790
377 5791
378 5792
378 5793
378 5794
378 5795
378 5796
378 5797
378 5798
378 5799
378 5800
378 5801
378 5802
378 5803
378 5804
378 5805
379 5806
379 5807
379 5808
379 5809
379 5810
379 5811
379 5812
379 5813
379 5814
379 5815
379 5816
379 5817
379 5818
379 5819
380 5820
380 5821
380 5822
380 5823
380 5824
380 5825
380 5826
380 5827
380 5828
380 5829
380 5830
380 5831
380 5832
380 5833
381 5834
381 5835
381 5836
381 5837
381 5838
381 5839
381 5840
381 5841
381 5842
381 5843
381 5844
381 5845
381 5846
381 5847
382 5848
382 5849
382 5850
382 5851
382 5852
382 5853
382 5854
382 5855
382 5856
382 5857
382 5858
382 5859
382 5860
382 5861
383 5862
383 5863
383 5864
383 5865
383 5866
383 5867
383 5868
383 5869
383 5870
383 5871
383 5872
383 5873
383 5874
383 5875
384 5876
384 5877
384 5878
384 5879
384 5880
384 5881
384 5882
384 5883
384 5884
384 5885
384 5886
384 5887
384 5888
384 5889
385 5890
385 5891
385 5892
385 5893
385 5894
385 5895
385 5896
385 5897
385 5898
385 5899
385 5900
385 5901
385 5902
385 5903
386 5904
386 5905
386 5906
386 5907
386 5908
386 5909
386 5910
386 5911
386 5912
386 5913
386 5914
386 5915
386 5916
386 5917
387 5918
387 5919
387 5920
387 5921
387 5922
387 5923
387 5924
387 5925
387 5926
387 5927
387 5928
387 5929
387 5930
387 5931
388 5932
388 5933
388 5934
388 5935
388 5936
388 5937
388 5938
388 5939
388 5940
388 5941
388 5942
388 5943
388 5944
388 5945
389 5946
389 5947
389 5948
389 5949
389 5950
389 5951
389 5952
389 5953
389 5954
389 5955
389 5956
389 5957
389 5958
389 5959
390 5960
390 5961
390 5962
390 5963
390 5964
390 5965
390 5966
390 5967
390 5968
390 5969
390 5970
390 5971
390 5972
390 5973
391 5974
391 5975
391 5976
391 5977
391 5978
391 5979
391 5980
391 5981
391 5982
391 5983
391 5984
391 5985
391 5986
391 5987
392 5988
392 5989
392 5990
392 5991
392 5992
392 5993
392 5994
392 5995
392 5996
392 5997
392 5998
392 5999
392 6000
392 6001
393 6002
393 6003
393 6004
393 6005
393 6006
393 6007
393 6008
393 6009
393 6010
393 6011
393 6012
393 6013
393 6014
393 6015
394 6016
394 6017
394 6018
394 6019
394 6020
394 6021
394 6022
394 6023
394 6024
394 6025
394 6026
394 6027
394 6028
394 6029
395 6030
395 6031
395 6032
395 6033
395 6034
395 6035
395 6036
395 6037
395 6038
395 6039
395 6040
395 6041
395 6042
395 6043
396 6044
396 6045
396 6046
396 6047
396 6048
396 6049
396 6050
396 6051
396 6052
396 6053
396 6054
396 6055
396 6056
396 6057
397 6058
397 6059
397 6060
397 6061
397 6062
397 6063
397 6064
397 6065
397 6066
397 6067
397 6068
397 6069
397 6070
397 6071
398 6072
398 6073
398 6074
398 6075
398 6076
398 6077
398 6078
398 6079
398 6080
398 6081
398 6082
398 6083
398 6084
398 6085
399 6086
399 6087
399 6088
399 6089
399 6090
399 6091
399 6092
399 6093
399 6094
399 6095
399 6096
399 6097
399 6098
399 6099
400 6100
400 6101
400 6102
400 6103
400 6104
400 6105
400 6106
400 6107
400 6108
400 6109
400 6110
400 6111
400 6112
400 6113
401 6114
401 6115
401 6116
401 6117
401 6118
401 6119
401 6120
401 6121
401 6122
401 6123
401 6124
401 6125
401 6126
401 6127
402 6128
402 6129
402 6130
402 6131
402 6132
402 6133
402 6134
402 6135
402 6136
402 6137
402 6138
402 6139
402 6140
402 6141
403 6142
403 6143
403 6144
403 6145
403 6146
403 6147
403 6148
403 6149
403 6150
403 6151
403 6152
403 6153
403 6154
403 6155
404 6156
404 6157
404 6158
404 6159
404 6160
404 6161
404 6162
404 6163
404 6164
404 6165
404 6166
404 6167
404 6168
404 6169
405 6170
405 6171
405 6172
405 6173
405 6174
405 6175
405 6176
405 6177
405 6178
405 6179
405 6180
405 6181
405 6182
405 6183
406 6184
406 6185
406 6186
406 6187
406 6188
406 6189
406 6190
406 6191
406 6192
406 6193
406 6194
406 6195
406 6196
406 6197
407 6198
407 6199
407 6200
407 6201
407 6202
407 6203
407 6204
407 6205
407 6206
407 6207
407 6208
407 6209
407 6210
407 6211
408 6212
408 6213
408 6214
408 6215
408 6216
408 6217
408 6218
408 6219
408 6220
408 6221
408 6222
408 6223
408 6224
408 6225
409 6226
409 6227
409 6228
409 6229
409 6230
409 6231
409 6232
409 6233
409 6234
409 6235
409 6236
409 6237
409 6238
409 6239
410 6240
410 6241
410 6242
410 6243
410 6244
410 6245
410 6246
410 6247
410 6248
410 6249
410 6250
410 6251
410 6252
410 6253
411 6254
411 6255
411 6256
411 6257
411 6258
411 6259
411 6260
411 6261
411 6262
411 6263
411 6264
411 6265
411 6266
411 6267
412 6268
412 6269
412 6270
412 6271
412 6272
412 6273
412 6274
412 6275
412 6276
412 6277
412 6278
412 6279
412 6280
412 6281
413 6282
413 6283
413 6284
413 6285
413 6286
413 6287
413 6288
413 6289
413 6290
413 6291
413 6292
413 6293
413 6294
413 6295
414 6296
414 6297
414 6298
414 6299
414 6300
414 6301
414 6302
414 6303
414 6304
414 6305
414 6306
414 6307
414 6308
414 6309
415 6310
415 6311
415 6312
415 6313
415 6314
415 6315
415 6316
415 6317
415 6318
415 6319
415 6320
415 6321
415 6322
415 6323
416 6324
416 6325
416 6326
416 6327
416 6328
416 6329
416 6330
416 6331
416 6332
416 6333
416 6334
416 6335
416 6336
416 6337
417 6338
417 6339
417 6340
417 6341
417 6342
417 6343
417 6344
417 6345
417 6346
417 6347
417 6348
417 6349
417 6350
417 6351
418 6352
418 6353
418 6354
418 6355
418 6356
418 6357
418 6358
418 6359
418 6360
418 6361
418 6362
418 6363
418 6364
418 6365
419 6366
419 6367
419 6368
419 6369
419 6370
419 6371
419 6372
419 6373
419 6374
419 6375
419 6376
419 6377
419 6378
419 6379
420 6380
420 6381
420 6382
420 6383
420 6384
420 6385
420 6386
420 6387
420 6388
420 6389
420 6390
420 6391
420 6392
420 6393
421 6394
421 6395
421 6396
421 6397
421 6398
421 6399
421 6400
421 6401
421 6402
421 6403
421 6404
421 6405
421 6406
421 6407
422 6408
422 6409
422 6410
422 6411
422 6412
422 6413
422 6414
422 6415
422 6416
422 6417
422 6418
422 6419
422 6420
422 6421
423 6422
423 6423
423 6424
423 6425
423 6426
423 6427
423 6428
423 6429
423 6430
423 6431
423 6432
423 6433
423 6434
423 6435
424 6436
424 6437
424 6438
424 6439
424 6440
424 6441
424 6442
424 6443
424 6444
424 6445
424 6446
424 6447
424 6448
424 6449
425 6450
425 6451
425 6452
425 6453
425 6454
425 6455
425 6456
425 6457
425 6458
425 6459
425 6460
425 6461
425 6462
425 6463
426 6464
426 6465
426 6466
426 6467
426 6468
426 6469
426 6470
426 6471
426 6472
426 6473
426 6474
426 6475
426 6476
426 6477
427 6478
427 6479
427 6480
427 6481
427 6482
427 6483
427 6484
427 6485
427 6486
427 6487
427 6488
427 6489
427 6490
427 6491
428 6492
428 6493
428 6494
428 6495
428 6496
428 6497
428 6498
428 6499
428 6500
428 6501
428 6502
428 6503
428 6504
428 6505
429 6506
429 6507
429 6508
429 6509
429 6510
429 6511
429 6512
429 6513
429 6514
429 6515
429 6516
429 6517
429 6518
429 6519
430 6520
430 6521
430 6522
430 6523
430 6524
430 6525
430 6526
430 6527
430 6528
430 6529
430 6530
430 6531
430 6532
430 6533
431 6534
431 6535
431 6536
431 6537
431 6538
431 6539
431 6540
431 6541
431 6542
431 6543
431 6544
431 6545
431 6546
431 6547
432 6548
432 6549
432 6550
432 6551
432 6552
432 6553
432 6554
432 6555
432 6556
432 6557
432 6558
432 6559
432 6560
432 6561
433 6562
433 6563
433 6564
433 6565
433 6566
433 6567
433 6568
433 6569
433 6570
433 6571
433 6572
433 6573
433 6574
433 6575
434 6576
434 6577
434 6578
434 6579
434 6580
434 6581
434 6582
434 6583
434 6584
434 6585
434 6586
434 6587
434 6588
434 6589
435 6590
435 6591
435 6592
435 6593
435 6594
435 6595
435 6596
435 6597
435 6598
435 6599
435 6600
435 6601
435 6602
435 6603
436 6604
436 6605
436 6606
436 6607
436 6608
436 6609
436 6610
436 6611
436 6612
436 6613
436 6614
436 6615
436 6616
436 6617
437 6618
437 6619
437 6620
437 6621
437 6622
437 6623
437 6624
437 6625
437 6626
437 6627
437 6628
437 6629
437 6630
437 6631
438 6632
438 6633
438 6634
438 6635
438 6636
438 6637
438 6638
438 6639
438 6640
438 6641
438 6642
438 6643
438 6644
438 6645
439 6646
439 6647
439 6648
439 6649
439 6650
439 6651
439 6652
439 6653
439 6654
439 6655
439 6656
439 6657
439 6658
439 6659
440 6660
440 6661
440 6662
440 6663
440 6664
440 6665
440 6666
440 6667
440 6668
440 6669
440 6670
440 6671
440 6672
440 6673
441 6674
441 6675
441 6676
441 6677
441 6678
441 6679
441 6680
441 6681
441 6682
441 6683
441 6684
441 6685
441 6686
441 6687
442 6688
442 6689
442 6690
442 6691
442 6692
442 6693
442 6694
442 6695
442 6696
442 6697
442 6698
442 6699
442 6700
442 6701
443 6702
443 6703
443 6704
443 6705
443 6706
443 6707
443 6708
443 6709
443 6710
443 6711
443 6712
443 6713
443 6714
443 6715
444 6716
444 6717
444 6718
444 6719
444 6720
444 6721
444 6722
444 6723
444 6724
444 6725
444 6726
444 6727
444 6728
444 6729
445 6730
445 6731
445 6732
445 6733
445 6734
445 6735
445 6736
445 6737
445 6738
445 6739
445 6740
445 6741
445 6742
445 6743
446 6744
446 6745
446 6746
446 6747
446 6748
446 6749
446 6750
446 6751
446 6752
446 6753
446 6754
446 6755
446 6756
446 6757
447 6758
447 6759
447 6760
447 6761
447 6762
447 6763
447 6764
447 6765
447 6766
447 6767
447 6768
447 6769
447 6770
447 6771
448 6772
448 6773
448 6774
448 6775
448 6776
448 6777
448 6778
448 6779
448 6780
448 6781
448 6782
448 6783
448 6784
448 6785
449 6786
449 6787
449 6788
449 6789
449 6790
449 6791
449 6792
449 6793
449 6794
449 6795
449 6796
449 6797
449 6798
449 6799
450 6800
450 6801
450 6802
450 6803
450 6804
450 6805
450 6806
450 6807
450 6808
450 6809
450 6810
450 6811
450 6812
450 6813
451 6814
451 6815
451 6816
451 6817
451 6818
451 6819
451 6820
451 6821
451 6822
451 6823
451 6824
451 6825
451 6826
451 6827
452 6828
452 6829
452 6830
452 6831
452 6832
452 6833
452 6834
452 6835
452 6836
452 6837
452 6838
452 6839
452 6840
452 6841
453 6842
453 6843
453 6844
453 6845
453 6846
453 6847
453 6848
453 6849
453 6850
453 6851
453 6852
453 6853
453 6854
453 6855
454 6856
454 6857
454 6858
454 6859
454 6860
454 6861
454 6862
454 6863
454 6864
454 6865
454 6866
454 6867
454 6868
454 6869
455 6870
455 6871
455 6872
455 6873
455 6874
455 6875
455 6876
455 6877
455 6878
455 6879
455 6880
455 6881
455 6882
455 6883
456 6884
456 6885
456 6886
456 6887
456 6888
456 6889
456 6890
456 6891
456 6892
456 6893
456 6894
456 6895
456 6896
456 6897
457 6898
457 6899
457 6900
457 6901
457 6902
457 6903
457 6904
457 6905
457 6906
457 6907
457 6908
457 6909
457 6910
457 6911
458 6912
458 6913
458 6914
458 6915
458 6916
458 6917
458 6918
458 6919
458 6920
458 6921
458 6922
458 6923
458 6924
458 6925
459 6926
459 6927
459 6928
459 6929
459 6930
459 6931
459 6932
459 6933
459 6934
459 6935
459 6936
459 6937
459 6938
459 6939
460 6940
460 6941
460 6942
460 6943
460 6944
460 6945
460 6946
460 6947
460 6948
460 6949
460 6950
460 6951
460 6952
460 6953
461 6954
461 6955
461 6956
461 6957
461 6958
461 6959
461 6960
461 6961
461 6962
461 6963
461 6964
461 6965
461 6966
461 6967
462 6968
462 6969
462 6970
462 6971
462 6972
462 6973
462 6974
462 6975
462 6976
462 6977
462 6978
462 6979
462 6980
462 6981
463 6982
463 6983
463 6984
463 6985
463 6986
463 6987
463 6988
463 6989
463 6990
463 6991
463 6992
463 6993
463 6994
463 6995
464 6996
464 6997
464 6998
464 6999
464 7000
464 7001
464 7002
464 7003
464 7004
464 7005
464 7006
464 7007
464 7008
464 7009
465 7010
465 7011
465 7012
465 7013
465 7014
465 7015
465 7016
465 7017
465 7018
465 7019
465 7020
465 7021
465 7022
465 7023
466 7024
466 7025
466 7026
466 7027
466 7028
466 7029
466 7030
466 7031
466 7032
466 7033
466 7034
466 7035
466 7036
466 7037
467 7038
467 7039
467 7040
467 7041
467 7042
467 7043
467 7044
467 7045
467 7046
467 7047
467 7048
467 7049
467 7050
467 7051
468 7052
468 7053
468 7054
468 7055
468 7056
468 7057
468 7058
468 7059
468 7060
468 7061
468 7062
468 7063
468 7064
468 7065
469 7066
469 7067
469 7068
469 7069
469 7070
469 7071
469 7072
469 7073
469 7074
469 7075
469 7076
469 7077
469 7078
469 7079
470 7080
470 7081
470 7082
470 7083
470 7084
470 7085
470 7086
470 7087
470 7088
470 7089
470 7090
470 7091
470 7092
470 7093
471 7094
471 7095
471 7096
471 7097
471 7098
471 7099
471 7100
471 7101
471 7102
471 7103
471 7104
471 7105
471 7106
471 7107
472 7108
472 7109
472 7110
472 7111
472 7112
472 7113
472 7114
472 7115
472 7116
472 7117
472 7118
472 7119
472 7120
472 7121
473 7122
473 7123
473 7124
473 7125
473 7126
473 7127
473 7128
473 7129
473 7130
473 7131
473 7132
473 7133
473 7134
473 7135
474 7136
474 7137
474 7138
474 7139
474 7140
474 7141
474 7142
474 7143
474 7144
474 7145
474 7146
474 7147
474 7148
474 7149
475 7150
475 7151
475 7152
475 7153
475 7154
475 7155
475 7156
475 7157
475 7158
475 7159
475 7160
475 7161
475 7162
475 7163
476 7164
476 7165
476 7166
476 7167
476 7168
476 7169
476 7170
476 7171
476 7172
476 7173
476 7174
476 7175
476 7176
476 7177
477 7178
477 7179
477 7180
477 7181
477 7182
477 7183
477 7184
477 7185
477 7186
477 7187
477 7188
477 7189
477 7190
477 7191
478 7192
478 7193
478 7194
478 7195
478 7196
478 7197
478 7198
478 7199
478 7200
478 7201
478 7202
478 7203
478 7204
478 7205
479 7206
479 7207
479 7208
479 7209
479 7210
479 7211
479 7212
479 7213
479 7214
479 7215
479 7216
479 7217
479 7218
479 7219
480 7220
480 7221
480 7222
480 7223
480 7224
480 7225
480 7226
480 7227
480 7228
480 7229
480 7230
480 7231
480 7232
480 7233
481 7234
481 7235
481 7236
481 7237
481 7238
481 7239
481 7240
481 7241
481 7242
481 7243
481 7244
481 7245
481 7246
481 7247
482 7248
482 7249
482 7250
482 7251
482 7252
482 7253
482 7254
482 7255
482 7256
482 7257
482 7258
482 7259
482 7260
482 7261
483 7262
483 7263
483 7264
483 7265
483 7266
483 7267
483 7268
483 7269
483 7270
483 7271
483 7272
483 7273
483 7274
483 7275
484 7276
484 7277
484 7278
484 7279
484 7280
484 7281
484 7282
484 7283
484 7284
484 7285
484 7286
484 7287
484 7288
484 7289
485 7290
485 7291
485 7292
485 7293
485 7294
485 7295
485 7296
485 7297
485 7298
485 7299
485 7300
485 7301
485 7302
485 7303
486 7304
486 7305
486 7306
486 7307
486 7308
486 7309
486 7310
486 7311
486 7312
486 7313
486 7314
486 7315
486 7316
486 7317
487 7318
487 7319
487 7320
487 7321
487 7322
487 7323
487 7324
487 7325
487 7326
487 7327
487 7328
487 7329
487 7330
487 7331
488 7332
488 7333
488 7334
488 7335
488 7336
488 7337
488 7338
488 7339
488 7340
488 7341
488 7342
488 7343
488 7344
488 7345
489 7346
489 7347
489 7348
489 7349
489 7350
489 7351
489 7352
489 7353
489 7354
489 7355
489 7356
489 7357
489 7358
489 7359
490 7360
490 7361
490 7362
490 7363
490 7364
490 7365
490 7366
490 7367
490 7368
490 7369
490 7370
490 7371
490 7372
490 7373
491 7374
491 7375
491 7376
491 7377
491 7378
491 7379
491 7380
491 7381
491 7382
491 7383
491 7384
491 7385
491 7386
491 7387
492 7388
492 7389
492 7390
492 7391
492 7392
492 7393
492 7394
492 7395
492 7396
492 7397
492 7398
492 7399
492 7400
492 7401
493 7402
493 7403
493 7404
493 7405
493 7406
493 7407
493 7408
493 7409
493 7410
493 7411
493 7412
493 7413
493 7414
493 7415
494 7416
494 7417
494 7418
494 7419
494 7420
494 7421
494 7422
494 7423
494 7424
494 7425
494 7426
494 7427
494 7428
494 7429
495 7430
495 7431
495 7432
495 7433
495 7434
495 7435
495 7436
495 7437
495 7438
495 7439
495 7440
495 7441
495 7442
495 7443
496 7444
496 7445
496 7446
496 7447
496 7448
496 7449
496 7450
496 7451
496 7452
496 7453
496 7454
496 7455
496 7456
496 7457
497 7458
497 7459
497 7460
497 7461
497 7462
497 7463
497 7464
497 7465
497 7466
497 7467
497 7468
497 7469
497 7470
497 7471
498 7472
498 7473
498 7474
498 7475
498 7476
498 7477
498 7478
498 7479
498 7480
498 7481
498 7482
498 7483
498 7484
498 7485
499 7486
499 7487
499 7488
499 7489
499 7490
499 7491
499 7492
499 7493
499 7494
499 7495
499 7496
499 7497
499 7498
499 7499
