0 33
0 50
0 85
0 22
0 105
0 110
1 114
1 117
1 26
1 44
1 42
1 63
2 64
2 17
2 83
2 40
2 57
2 46
3 82
3 36
3 103
3 7
3 77
3 79
4 113
4 114
4 67
4 27
4 29
4 31
5 33
5 66
5 68
5 41
5 11
5 93
6 16
6 52
6 118
6 121
6 26
6 27
7 80
7 112
7 44
7 14
7 47
8 17
8 82
8 84
8 102
8 100
8 78
9 81
9 75
9 116
9 104
9 11
9 31
10 66
10 101
10 102
10 23
10 56
10 39
11 99
11 118
11 120
11 53
12 82
12 99
12 69
12 57
12 89
12 87
13 16
13 33
13 116
13 17
13 15
13 31
14 81
14 82
14 68
14 74
14 123
15 66
15 20
15 122
15 28
15 46
16 24
16 58
16 75
16 28
17 49
17 84
17 107
18 120
18 105
18 122
18 77
18 46
18 61
19 98
19 99
19 110
19 120
19 114
19 46
20 36
20 85
20 119
20 40
20 41
21 112
21 81
21 36
21 48
21 26
21 23
22 24
22 72
22 74
22 76
22 90
23 35
23 111
23 117
23 85
24 67
24 68
24 25
24 52
25 66
25 52
25 26
25 90
25 30
26 97
26 41
27 64
27 54
27 61
27 29
28 32
28 66
28 124
28 31
29 32
29 116
29 119
29 79
30 112
30 71
30 107
30 47
30 79
31 42
31 46
32 97
32 52
32 120
32 111
33 121
33 123
33 60
34 64
34 81
34 51
34 88
34 107
34 92
35 113
35 51
35 74
35 43
35 110
36 99
36 76
36 78
37 115
37 84
37 117
37 40
37 100
37 59
38 48
38 88
38 116
38 40
38 74
38 93
39 96
39 76
39 59
39 44
39 110
40 113
40 91
41 96
41 102
41 59
42 80
42 58
42 91
42 47
43 88
43 55
43 56
43 121
43 103
44 85
44 93
44 47
45 97
45 51
45 71
45 77
45 94
45 47
46 96
47 50
48 100
48 92
48 62
48 95
49 112
49 51
49 115
49 55
49 61
50 106
50 108
50 93
50 94
51 101
51 63
52 106
52 110
53 98
53 84
53 71
53 89
53 122
54 72
54 101
54 102
54 120
54 111
55 117
55 119
55 72
55 73
56 101
56 86
56 72
56 94
57 70
57 60
57 123
57 79
58 83
58 118
58 77
58 78
59 122
59 124
59 69
60 112
60 82
60 117
60 75
61 112
61 99
61 88
62 65
62 85
62 87
62 106
62 76
63 65
63 88
63 72
63 108
64 85
64 90
64 69
65 83
65 73
65 74
65 95
66 70
67 97
67 98
67 86
67 103
68 120
68 69
68 70
69 123
69 95
70 113
70 98
70 101
71 98
71 102
71 103
72 104
73 118
73 106
73 103
73 78
74 105
75 113
75 117
75 91
76 102
76 109
77 83
77 123
78 124
78 109
79 105
79 111
80 96
80 86
80 108
80 109
81 88
81 104
82 91
83 96
83 109
84 87
84 106
86 115
86 104
86 87
87 89
87 124
89 98
89 100
89 103
90 113
90 122
90 91
91 107
92 100
92 107
92 108
92 94
93 100
93 94
94 114
95 97
95 116
95 105
96 121
97 114
99 101
104 119
104 111
105 115
106 116
107 108
108 124
109 121
109 111
110 123
114 119
115 118
115 124
118 119
121 122
0 125
0 126
0 127
0 128
1 129
1 130
1 131
1 132
2 133
2 134
2 135
2 136
3 137
3 138
3 139
3 140
4 141
4 142
4 143
4 144
5 145
5 146
5 147
5 148
6 149
6 150
6 151
6 152
7 153
7 154
7 155
7 156
8 157
8 158
8 159
8 160
9 161
9 162
9 163
9 164
10 165
10 166
10 167
10 168
11 169
11 170
11 171
11 172
12 173
12 174
12 175
12 176
13 177
13 178
13 179
13 180
14 181
14 182
14 183
14 184
15 185
15 186
15 187
15 188
16 189
16 190
16 191
16 192
17 193
17 194
17 195
17 196
18 197
18 198
18 199
18 200
19 201
19 202
19 203
19 204
20 205
20 206
20 207
20 208
21 209
21 210
21 211
21 212
22 213
22 214
22 215
22 216
23 217
23 218
23 219
23 220
24 221
24 222
24 223
24 224
25 225
25 226
25 227
25 228
26 229
26 230
26 231
26 232
27 233
27 234
27 235
27 236
28 237
28 238
28 239
28 240
29 241
29 242
29 243
29 244
30 245
30 246
30 247
30 248
31 249
31 250
31 251
31 252
32 253
32 254
32 255
32 256
33 257
33 258
33 259
33 260
34 261
34 262
34 263
34 264
35 265
35 266
35 267
35 268
36 269
36 270
36 271
36 272
37 273
37 274
37 275
37 276
38 277
38 278
38 279
38 280
39 281
39 282
39 283
39 284
40 285
40 286
40 287
40 288
41 289
41 290
41 291
41 292
42 293
42 294
42 295
42 296
43 297
43 298
43 299
43 300
44 301
44 302
44 303
44 304
45 305
45 306
45 307
45 308
46 309
46 310
46 311
46 312
47 313
47 314
47 315
47 316
48 317
48 318
48 319
48 320
49 321
49 322
49 323
49 324
50 325
50 326
50 327
50 328
51 329
51 330
51 331
51 332
52 333
52 334
52 335
52 336
53 337
53 338
53 339
53 340
54 341
54 342
54 343
54 344
55 345
55 346
55 347
55 348
56 349
56 350
56 351
56 352
57 353
57 354
57 355
57 356
58 357
58 358
58 359
58 360
59 361
59 362
59 363
59 364
60 365
60 366
60 367
60 368
61 369
61 370
61 371
61 372
62 373
62 374
62 375
62 376
63 377
63 378
63 379
63 380
64 381
64 382
64 383
64 384
65 385
65 386
65 387
65 388
66 389
66 390
66 391
66 392
67 393
67 394
67 395
67 396
68 397
68 398
68 399
68 400
69 401
69 402
69 403
69 404
70 405
70 406
70 407
70 408
71 409
71 410
71 411
71 412
72 413
72 414
72 415
72 416
73 417
73 418
73 419
73 420
74 421
74 422
74 423
74 424
75 425
75 426
75 427
75 428
76 429
76 430
76 431
76 432
77 433
77 434
77 435
77 436
78 437
78 438
78 439
78 440
79 441
79 442
79 443
79 444
80 445
80 446
80 447
80 448
81 449
81 450
81 451
81 452
82 453
82 454
82 455
82 456
83 457
83 458
83 459
83 460
84 461
84 462
84 463
84 464
85 465
85 466
85 467
85 468
86 469
86 470
86 471
86 472
87 473
87 474
87 475
87 476
88 477
88 478
88 479
88 480
89 481
89 482
89 483
89 484
90 485
90 486
90 487
90 488
91 489
91 490
91 491
91 492
92 493
92 494
92 495
92 496
93 497
93 498
93 499
93 500
94 501
94 502
94 503
94 504
95 505
95 506
95 507
95 508
96 509
96 510
96 511
96 512
97 513
97 514
97 515
97 516
98 517
98 518
98 519
98 520
99 521
99 522
99 523
99 524
100 525
100 526
100 527
100 528
101 529
101 530
101 531
101 532
102 533
102 534
102 535
102 536
103 537
103 538
103 539
103 540
104 541
104 542
104 543
104 544
105 545
105 546
105 547
105 548
106 549
106 550
106 551
106 552
107 553
107 554
107 555
107 556
108 557
108 558
108 559
108 560
109 561
109 562
109 563
109 564
110 565
110 566
110 567
110 568
111 569
111 570
111 571
111 572
112 573
112 574
112 575
112 576
113 577
113 578
113 579
113 580
114 581
114 582
114 583
114 584
115 585
115 586
115 587
115 588
116 589
116 590
116 591
116 592
117 593
117 594
117 595
117 596
118 597
118 598
118 599
118 600
119 601
119 602
119 603
119 604
120 605
120 606
120 607
120 608
121 609
121 610
121 611
121 612
122 613
122 614
122 615
122 616
123 617
123 618
123 619
123 620
124 621
124 622
124 623
124 624
