0 225
0 164
0 294
0 230
0 321
0 136
0 15
0 272
0 296
0 306
0 115
0 368
1 291
1 37
1 231
1 393
1 276
1 245
1 246
1 312
1 281
1 314
1 126
1 309
2 290
2 357
2 296
2 267
2 300
2 112
2 310
2 69
2 187
2 124
2 350
2 191
3 192
3 225
3 260
3 421
3 332
3 46
3 83
3 311
3 441
3 410
3 127
3 159
4 99
4 63
4 329
4 43
4 366
4 207
4 307
4 148
4 311
4 27
4 28
4 191
5 256
5 74
5 139
5 12
5 14
5 244
5 341
5 150
5 436
5 154
5 316
5 413
6 288
6 290
6 67
6 108
6 402
6 110
6 175
6 177
6 434
6 212
6 246
6 317
7 292
7 177
7 328
7 427
7 17
7 178
7 275
7 126
7 356
7 92
7 318
7 383
8 80
8 388
8 167
8 74
8 396
8 445
8 176
8 402
8 308
8 379
8 220
8 42
9 384
9 331
9 204
9 397
9 110
9 365
9 113
9 275
9 212
9 377
9 283
9 253
10 293
10 358
10 300
10 302
10 93
10 210
10 246
10 186
10 29
10 253
10 254
10 390
11 328
11 386
11 419
11 164
11 392
11 450
11 207
11 136
11 211
11 56
11 153
11 443
12 323
12 132
12 235
12 332
12 301
12 398
12 49
12 20
12 26
12 62
12 383
13 417
13 116
13 41
13 304
13 402
13 52
13 85
13 183
13 185
13 410
13 155
13 220
14 321
14 98
14 255
14 111
14 433
14 406
14 215
14 345
14 154
14 287
14 447
15 320
15 355
15 293
15 268
15 112
15 374
15 23
15 217
15 250
15 123
15 446
16 192
16 132
16 392
16 42
16 369
16 403
16 184
16 72
16 122
16 31
16 190
16 312
17 100
17 229
17 70
17 168
17 425
17 75
17 271
17 49
17 50
17 187
17 414
18 417
18 162
18 355
18 421
18 39
18 298
18 269
18 334
18 131
18 180
18 378
18 350
19 166
19 234
19 203
19 45
19 335
19 369
19 338
19 83
19 52
19 407
19 378
19 253
20 387
20 356
20 390
20 72
20 265
20 42
20 303
20 336
20 307
20 278
20 292
21 64
21 291
21 356
21 358
21 71
21 424
21 158
21 115
21 117
21 442
21 285
21 286
22 128
22 32
22 131
22 325
22 326
22 40
22 169
22 363
22 143
22 86
22 344
22 185
23 96
23 33
23 427
23 421
23 151
23 78
23 438
23 439
23 89
23 251
23 127
24 400
24 99
24 70
24 137
24 48
24 82
24 371
24 150
24 183
24 250
24 411
24 90
25 259
25 420
25 201
25 119
25 176
25 195
25 203
25 375
25 56
25 377
25 186
25 349
26 192
26 257
26 290
26 67
26 102
26 106
26 365
26 123
26 27
26 317
26 190
27 384
27 386
27 324
27 394
27 172
27 50
27 119
27 248
27 249
27 223
28 320
28 390
28 424
28 46
28 428
28 366
28 373
28 120
28 249
28 61
28 319
29 352
29 325
29 73
29 332
29 445
29 432
29 119
29 120
29 252
29 61
29 223
30 196
30 389
30 170
30 268
30 114
30 180
30 277
30 439
30 56
30 89
30 251
30 62
31 86
31 264
31 395
31 141
31 78
31 239
31 118
31 375
31 345
31 442
31 223
32 96
32 194
32 131
32 197
32 329
32 106
32 203
32 77
32 334
32 379
32 93
33 128
33 323
33 421
33 422
33 363
33 419
33 305
33 339
33 286
33 410
33 134
34 368
34 38
34 327
34 362
34 144
34 273
34 82
34 56
34 88
34 315
34 93
34 223
35 64
35 289
35 107
35 422
35 41
35 139
35 236
35 51
35 437
35 407
35 156
35 309
36 163
36 293
36 273
36 392
36 87
36 398
36 303
36 113
36 372
36 375
36 239
36 255
37 288
37 448
37 355
37 104
37 425
37 170
37 331
37 364
37 339
37 58
37 62
38 134
38 359
38 137
38 106
38 337
38 274
38 275
38 245
38 407
38 444
38 159
39 288
39 406
39 269
39 77
39 371
39 54
39 250
39 218
39 175
39 413
39 421
40 64
40 297
40 274
40 50
40 77
40 433
40 338
40 280
40 153
40 123
40 444
41 449
41 130
41 291
41 108
41 206
41 335
41 368
41 173
41 51
41 219
42 416
42 176
42 101
42 106
42 267
42 364
42 181
42 69
42 287
43 353
43 275
43 77
43 142
43 242
43 179
43 310
43 247
43 441
43 125
43 127
44 96
44 352
44 197
44 146
44 104
44 141
44 79
44 242
44 373
44 86
44 315
44 437
45 101
45 326
45 423
45 141
45 366
45 79
45 178
45 148
45 249
45 346
45 415
46 321
46 388
46 138
46 171
46 237
46 270
46 131
46 110
46 68
46 410
47 289
47 390
47 102
47 426
47 333
47 174
47 275
47 52
47 214
47 344
47 285
47 158
48 97
48 419
48 101
48 225
48 63
48 239
48 336
48 209
48 307
48 383
48 127
49 320
49 273
49 275
49 396
49 371
49 433
49 215
49 121
49 219
49 157
50 66
50 443
50 132
50 169
50 366
50 176
50 72
50 57
50 122
51 416
51 289
51 196
51 358
51 76
51 112
51 84
51 310
51 356
51 381
52 257
52 450
52 67
52 244
52 104
52 84
52 55
52 409
52 347
53 352
53 385
53 258
53 251
53 231
53 232
53 74
53 146
53 437
53 218
53 219
53 220
54 97
54 135
54 236
54 301
54 271
54 435
54 117
54 441
54 186
54 431
54 429
55 353
55 258
55 357
55 327
55 76
55 318
55 87
55 440
55 276
55 156
55 286
56 256
56 129
56 138
56 431
56 212
56 118
56 217
56 124
57 96
57 355
57 165
57 71
57 297
57 263
57 221
57 373
57 151
57 378
57 349
58 322
58 69
58 294
58 333
58 162
58 398
58 365
58 400
58 118
58 313
58 380
59 163
59 70
59 422
59 138
59 75
59 143
59 83
59 183
59 410
59 189
59 382
59 247
60 99
60 330
60 427
60 400
60 216
60 107
60 84
60 248
60 331
60 363
60 284
60 221
61 194
61 201
61 170
61 267
61 109
61 180
61 406
61 216
61 298
61 286
62 163
62 391
62 74
62 295
62 81
62 158
62 310
62 447
62 405
63 65
63 163
63 357
63 234
63 206
63 274
63 211
63 214
63 375
63 389
64 128
64 99
64 324
64 309
64 330
64 276
64 342
64 409
64 95
65 256
65 160
65 197
65 237
65 312
65 276
65 153
65 408
65 313
65 93
65 133
66 144
66 112
66 380
66 266
66 171
66 242
66 206
66 336
66 438
66 311
66 316
67 227
67 166
67 167
67 234
67 107
67 237
67 84
67 437
67 276
68 130
68 291
68 100
68 230
68 135
68 329
68 213
68 297
68 95
68 414
68 127
69 228
69 296
69 301
69 333
69 84
69 311
69 170
69 254
69 191
70 418
70 187
70 292
70 231
70 200
70 430
70 82
70 404
70 388
71 195
71 199
71 138
71 204
71 112
71 291
71 245
71 345
71 280
71 188
72 192
72 421
72 329
72 111
72 370
72 342
72 215
72 408
72 220
73 91
73 357
73 358
73 136
73 126
73 84
73 373
73 184
73 219
73 94
73 149
74 107
74 297
74 299
74 222
74 438
74 121
74 316
74 389
75 128
75 389
75 284
75 235
75 429
75 341
75 343
75 283
75 412
75 351
76 225
76 322
76 83
76 365
76 333
76 306
76 405
76 376
76 122
76 412
77 161
77 418
77 197
77 214
77 200
77 85
77 86
77 441
78 193
78 354
78 123
78 263
78 424
78 359
78 226
78 80
78 213
78 443
79 132
79 134
79 423
79 207
79 337
79 244
79 245
79 86
79 87
79 280
80 389
80 231
80 268
80 303
80 273
80 242
80 148
80 87
80 378
80 188
81 224
81 161
81 449
81 425
81 330
81 204
81 111
81 304
81 336
81 446
81 286
82 424
82 138
82 365
82 335
82 240
82 212
82 441
82 316
82 415
83 179
83 360
83 307
83 110
83 175
83 340
83 149
83 414
84 225
84 400
84 113
84 280
84 315
84 133
85 386
85 292
85 134
85 104
85 425
85 427
85 213
85 316
85 348
85 317
86 129
86 263
86 328
86 432
86 305
86 367
86 188
87 100
87 394
87 420
87 143
87 89
87 346
87 283
87 222
88 129
88 229
88 369
88 172
88 364
88 109
88 301
88 177
88 329
88 313
88 325
89 241
89 266
89 237
89 337
89 147
89 373
89 377
89 123
89 319
90 263
90 200
90 171
90 268
90 237
90 116
90 181
90 308
90 186
90 254
90 373
91 321
91 163
91 168
91 396
91 238
91 337
91 340
91 149
91 377
91 404
91 446
92 288
92 320
92 98
92 102
92 269
92 304
92 144
92 245
92 374
92 282
92 350
93 198
93 267
93 98
93 334
93 336
93 275
93 119
93 317
94 366
94 132
94 234
94 142
94 335
94 274
94 371
94 117
94 279
94 408
94 411
95 417
95 359
95 425
95 432
95 402
95 243
95 278
95 344
95 124
95 381
96 225
96 356
96 357
96 363
96 115
96 182
96 311
96 347
97 352
97 278
97 106
97 331
97 210
97 376
97 441
97 155
97 381
97 158
98 320
98 194
98 379
98 296
98 232
98 243
98 372
98 347
98 348
99 193
99 229
99 384
99 190
99 151
99 287
99 286
99 197
100 448
100 227
100 234
100 145
100 146
100 340
100 183
100 260
100 266
101 257
101 291
101 225
101 124
101 335
101 385
101 375
101 186
101 284
102 349
102 269
102 156
102 307
102 277
102 342
102 311
102 252
102 445
103 290
103 387
103 198
103 295
103 232
103 299
103 182
103 439
103 281
103 411
103 189
103 159
104 227
104 206
104 113
104 247
104 280
104 184
104 445
104 222
105 352
105 203
105 198
105 136
105 393
105 362
105 299
105 237
105 113
105 242
105 121
105 125
106 165
106 391
106 393
106 192
106 269
106 438
106 183
107 162
107 326
107 135
107 364
107 204
107 370
107 311
107 442
108 353
108 131
108 260
108 449
108 392
108 170
108 303
108 343
108 216
108 426
109 253
109 391
109 424
109 332
109 367
109 403
109 117
109 376
109 443
109 319
110 166
110 277
110 311
110 249
110 219
110 220
110 253
110 405
111 321
111 421
111 369
111 361
111 233
111 185
111 410
111 156
111 218
112 130
112 266
112 435
112 238
112 313
112 239
112 220
113 226
113 131
113 359
113 407
113 172
113 408
113 415
114 443
114 133
114 390
114 264
114 140
114 211
114 213
114 247
114 409
114 379
114 252
115 258
115 356
115 359
115 408
115 224
115 152
115 244
115 248
115 199
116 130
116 179
116 133
116 395
116 206
116 400
116 307
116 121
116 219
116 252
117 263
117 143
117 304
117 306
117 244
117 345
117 444
117 159
118 385
118 324
118 294
118 193
118 161
118 431
118 305
118 409
118 185
119 128
119 293
119 137
119 272
119 435
119 374
119 250
119 190
120 164
120 357
120 198
120 135
120 392
120 233
120 172
120 433
120 358
120 157
121 449
121 164
121 166
121 193
121 431
121 272
121 361
121 186
122 384
122 196
122 295
122 210
122 367
122 438
122 440
122 205
122 317
123 319
123 397
123 238
123 232
123 173
123 251
123 287
124 243
124 348
124 299
124 397
124 338
124 179
124 252
124 381
125 289
125 198
125 200
125 298
125 430
125 434
125 339
125 217
125 220
125 202
126 224
126 193
126 296
126 270
126 336
126 414
126 447
126 382
126 319
127 170
127 140
127 301
127 241
127 283
127 412
127 157
128 386
128 139
128 429
128 269
128 272
128 399
128 187
129 393
129 363
129 301
129 431
129 304
129 311
129 346
129 184
129 254
130 428
130 365
130 270
130 241
130 338
130 332
130 164
130 349
131 395
131 420
131 197
131 202
131 343
131 279
132 229
132 136
132 300
132 431
132 399
132 318
132 153
133 420
133 230
133 200
133 174
133 241
133 245
133 343
133 190
134 384
134 323
134 232
134 427
134 332
134 342
134 376
134 181
135 417
135 264
135 299
135 367
135 305
135 370
135 188
135 312
136 385
136 330
136 224
136 308
136 201
136 315
136 287
137 192
137 320
137 450
137 326
137 233
137 335
137 208
137 275
137 439
138 354
138 322
138 178
138 239
138 273
138 156
138 190
139 294
139 428
139 236
139 399
139 271
139 369
139 283
139 220
139 415
140 208
140 423
140 200
140 174
140 272
140 210
140 372
140 248
140 340
140 412
141 288
141 329
141 233
141 235
141 436
141 247
141 344
141 409
141 286
142 419
142 357
142 198
142 201
142 215
142 272
142 155
142 149
142 183
142 347
143 323
143 167
143 215
143 333
143 177
143 152
143 381
143 223
144 388
144 194
144 204
144 236
144 148
144 150
144 380
144 157
144 318
145 448
145 290
145 425
145 239
145 306
145 404
145 405
145 374
145 148
145 444
145 285
146 288
146 354
146 259
146 204
146 370
146 147
146 152
146 347
146 405
147 194
147 196
147 317
147 176
147 369
147 307
147 213
147 406
147 412
147 221
148 416
148 358
148 423
148 224
148 306
148 345
148 239
149 395
149 228
149 261
149 371
149 269
149 175
149 240
149 425
150 333
150 205
150 209
150 403
150 278
150 184
150 412
150 222
150 223
151 384
151 326
151 438
151 230
151 235
151 195
151 342
151 446
151 319
152 355
152 391
152 231
152 370
152 334
152 343
152 383
152 380
152 447
153 331
153 326
153 449
153 177
153 180
153 246
153 249
153 350
154 418
154 291
154 293
154 391
154 232
154 397
154 303
154 402
154 341
154 185
155 290
155 327
155 360
155 393
155 202
155 295
155 305
155 216
155 442
156 261
156 268
156 303
156 240
156 310
156 217
156 182
157 165
157 361
157 430
157 401
157 377
157 284
157 350
157 191
158 321
158 357
158 209
158 434
158 307
158 214
158 279
158 283
159 324
159 325
159 263
159 202
159 237
159 269
159 246
159 231
160 384
160 263
160 394
160 396
160 176
160 274
160 407
160 376
160 284
160 202
160 382
161 331
161 230
161 167
161 363
161 399
161 208
161 411
161 220
161 427
162 225
162 291
162 393
162 178
162 403
162 181
162 406
162 382
162 447
163 386
163 264
163 362
163 299
163 300
163 206
163 215
164 291
164 166
164 201
164 394
164 429
164 342
164 439
165 233
165 430
165 208
165 401
165 339
165 341
165 278
165 439
165 282
166 293
166 227
166 324
166 170
166 270
166 249
166 362
167 289
167 290
167 327
167 432
167 177
167 435
167 308
167 340
168 283
168 197
168 305
168 397
168 285
168 287
168 178
168 250
168 221
168 191
169 226
169 209
169 264
169 331
169 268
169 386
169 305
169 244
169 375
169 285
170 231
170 242
170 213
170 279
170 341
171 224
171 257
171 259
171 196
171 368
171 320
171 244
171 374
171 219
172 239
172 177
172 402
172 339
172 406
172 380
172 318
172 312
173 327
173 394
173 203
173 333
173 270
173 240
173 351
173 342
173 284
173 415
174 386
174 360
174 235
174 270
174 337
174 339
174 344
174 187
174 287
175 227
175 300
175 236
175 432
175 233
175 447
175 195
175 405
176 193
176 265
176 366
176 308
176 314
176 319
177 266
177 395
177 206
177 247
177 271
178 295
178 189
178 338
178 308
178 440
178 377
178 426
179 375
179 228
179 201
179 374
179 343
179 196
179 443
179 247
180 416
180 257
180 306
180 397
180 276
180 309
180 377
180 189
181 267
181 395
181 349
181 253
181 341
181 315
181 413
181 286
182 227
182 358
182 295
182 398
182 336
182 259
182 214
182 413
182 414
183 259
183 325
183 423
183 361
183 199
183 303
184 224
184 259
184 199
184 256
184 371
184 317
184 222
185 273
185 364
185 271
185 209
185 211
185 277
185 249
186 251
186 329
186 366
186 219
186 190
186 361
187 291
187 188
187 322
187 207
187 306
187 411
187 412
188 389
188 359
188 264
188 297
188 437
188 313
188 357
189 416
189 392
189 323
189 197
189 424
189 209
189 276
189 446
190 429
190 207
190 241
190 227
190 348
191 226
191 292
191 229
191 234
191 418
191 432
191 249
192 239
192 399
192 211
192 278
192 314
192 315
193 288
193 379
193 369
193 216
193 443
193 445
194 323
194 200
194 427
194 431
194 304
194 400
194 444
195 227
195 388
195 232
195 439
195 206
195 398
195 316
195 319
196 257
196 398
196 240
196 254
196 312
196 378
197 416
197 348
197 340
197 284
198 353
198 449
198 264
198 300
198 344
198 201
199 256
199 260
199 202
199 344
199 441
199 281
199 219
199 287
200 298
200 427
200 354
200 435
200 378
201 384
201 230
201 305
201 369
201 370
202 333
202 211
202 372
202 280
202 250
202 415
203 256
203 323
203 209
203 303
203 433
203 448
203 349
204 352
204 226
204 394
204 435
204 211
204 378
205 224
205 385
205 424
205 266
205 364
205 365
205 430
205 378
205 315
205 351
206 292
206 265
206 221
206 350
207 229
207 262
207 296
207 334
207 307
207 377
207 380
208 256
208 418
208 419
208 230
208 262
208 259
208 313
208 441
209 261
209 295
209 243
209 215
209 444
210 354
210 357
210 326
210 391
210 436
210 255
210 445
210 390
211 323
211 327
211 232
211 372
211 309
212 320
212 385
212 331
212 334
212 399
212 403
212 352
212 408
213 337
213 426
213 241
213 228
213 219
213 350
214 416
214 353
214 299
214 301
214 302
214 242
214 308
215 394
215 396
215 400
215 275
215 414
216 352
216 356
216 301
216 285
216 441
216 346
216 347
217 358
217 404
217 241
217 367
217 308
217 281
217 379
217 413
218 321
218 395
218 272
218 402
218 308
218 279
218 280
218 250
218 443
219 258
219 273
220 424
220 361
220 246
221 417
221 322
221 325
221 233
221 372
221 346
221 412
222 320
222 385
222 420
222 390
222 423
222 300
222 403
223 448
223 294
223 258
223 368
223 401
223 434
224 370
224 247
224 440
224 351
225 258
225 334
225 387
225 445
226 417
226 327
226 334
226 305
226 440
226 346
226 412
227 257
227 263
227 431
227 318
228 355
228 326
228 234
228 334
228 306
228 281
228 285
228 318
229 362
229 335
229 307
229 373
229 278
229 350
230 393
230 364
230 240
230 437
230 253
231 418
231 324
231 354
231 310
231 346
232 265
232 276
232 413
232 351
233 262
233 295
233 263
233 300
233 347
234 429
234 305
234 434
234 279
234 445
235 288
235 354
235 303
235 400
235 433
235 399
235 283
236 388
236 426
236 428
236 274
236 419
236 239
236 349
237 354
237 294
237 311
237 316
237 378
238 353
238 356
238 265
238 267
238 302
238 431
238 338
238 403
238 404
239 338
239 254
240 367
240 336
240 337
240 340
240 344
240 251
241 388
241 331
241 402
241 414
241 341
242 406
242 296
242 330
242 277
242 252
243 384
243 261
243 390
243 361
243 276
243 438
243 265
243 280
244 330
244 271
244 346
244 412
244 282
245 258
245 380
245 359
245 365
245 371
245 406
246 450
246 297
246 270
246 272
246 400
246 443
247 391
247 300
247 303
247 281
248 347
248 265
248 330
248 368
248 374
248 345
248 314
248 411
249 385
249 355
249 392
249 302
250 358
250 440
250 405
250 283
250 362
251 320
251 420
251 389
251 392
251 428
251 372
252 416
252 385
252 401
252 352
252 403
252 376
253 386
253 269
253 407
253 380
253 348
254 450
254 370
254 274
254 435
254 444
254 415
255 256
255 257
255 324
255 356
255 266
255 281
255 345
255 411
255 382
256 398
256 400
256 313
256 282
257 328
257 270
257 355
257 398
258 373
258 305
258 434
258 409
258 316
259 386
259 331
259 372
259 311
259 315
260 416
260 421
260 297
260 368
260 401
260 355
260 281
260 446
261 278
261 326
261 360
261 374
261 439
261 409
261 314
261 383
262 407
262 393
262 267
262 301
262 406
262 408
262 292
262 442
262 319
263 293
263 397
263 387
264 411
264 392
264 402
264 347
264 317
265 289
265 428
265 402
265 440
265 379
266 356
266 332
266 404
266 277
266 381
267 420
267 390
267 338
267 375
267 447
268 353
268 327
268 306
268 434
268 436
268 410
269 428
269 270
269 348
270 354
270 419
270 346
271 354
271 394
271 400
271 402
271 310
271 410
272 310
272 427
272 315
272 377
273 424
273 297
273 445
273 286
273 351
274 391
274 362
274 435
274 375
274 282
275 298
275 317
275 426
276 450
276 336
276 447
277 418
277 396
277 332
277 303
277 442
277 431
278 367
278 432
278 403
278 340
279 324
279 429
279 302
279 304
279 312
279 409
280 448
280 387
280 395
280 429
281 290
281 360
281 397
281 367
282 354
282 420
282 396
282 366
282 341
282 310
282 357
283 290
283 431
283 427
284 434
284 406
284 375
284 312
284 285
285 323
285 302
285 408
285 318
286 419
286 439
286 313
287 399
287 380
287 426
287 414
288 392
288 399
288 371
288 443
289 448
289 322
289 389
289 393
289 391
289 429
290 325
290 332
290 351
291 380
291 447
292 352
292 417
292 358
292 376
292 383
293 323
293 398
293 434
293 344
293 381
294 337
294 401
294 377
294 415
294 348
294 346
295 362
295 316
295 378
295 446
296 328
296 337
296 404
296 342
296 441
297 421
297 329
297 413
297 447
298 390
298 359
298 427
298 300
298 424
298 436
298 343
299 335
299 408
299 348
299 381
299 394
300 428
300 438
301 355
301 344
301 377
302 360
302 395
302 332
302 430
302 437
302 382
303 363
304 433
304 362
304 322
304 411
304 381
305 363
306 449
306 363
306 438
307 366
307 436
308 371
308 437
308 345
309 322
309 364
309 437
309 342
309 442
309 382
309 351
310 321
310 430
310 444
311 432
312 448
312 399
312 408
312 413
313 396
313 376
313 436
313 425
314 334
314 335
314 368
314 403
314 375
314 413
314 415
315 338
315 409
315 341
316 339
316 443
316 382
317 336
317 378
317 318
318 387
318 358
318 394
319 321
319 328
319 331
320 407
320 447
321 430
321 440
321 444
322 448
322 385
322 334
322 405
323 425
323 428
324 360
324 330
324 370
324 444
325 450
325 355
325 368
325 343
325 383
326 419
326 349
326 383
327 416
327 422
327 423
327 447
328 384
328 390
328 391
328 428
328 351
328 415
329 359
329 369
329 404
329 340
330 450
330 339
330 435
330 426
331 405
332 389
332 440
333 422
333 425
333 335
333 364
334 395
335 342
335 383
336 369
336 348
337 448
337 418
337 398
338 432
338 413
338 381
339 361
339 404
339 438
339 443
340 359
340 410
340 350
341 387
341 373
341 407
342 385
342 393
343 390
343 359
343 407
343 345
344 361
344 426
345 364
345 370
345 377
346 353
346 379
347 417
347 395
347 437
348 396
348 407
349 405
349 367
349 401
349 437
350 386
350 397
350 376
351 449
351 360
351 436
352 420
352 393
353 418
353 434
353 446
353 382
354 383
355 365
356 450
356 399
357 429
358 388
359 414
360 386
360 422
360 361
360 388
361 433
361 442
362 395
362 365
362 430
363 438
363 400
363 383
364 418
364 411
365 432
365 396
366 423
366 425
366 430
367 417
367 387
367 446
368 403
368 437
368 374
369 389
369 417
370 392
370 401
371 421
371 422
371 426
372 435
372 397
372 433
372 434
373 420
373 426
373 375
374 419
374 445
374 382
376 449
376 433
376 414
378 381
379 449
379 404
379 408
379 409
380 430
380 401
381 442
382 387
382 439
383 432
384 448
384 441
385 433
386 434
387 431
387 401
387 415
388 417
388 436
388 409
389 435
389 406
391 419
391 405
392 450
393 411
394 399
394 413
396 426
396 440
397 409
397 407
398 422
398 445
401 422
401 446
402 414
403 410
404 421
404 428
405 420
406 442
408 439
410 440
410 436
411 415
412 422
412 441
413 419
414 436
416 418
416 428
417 442
418 420
421 435
422 429
422 446
423 430
423 429
423 436
423 444
424 438
424 439
425 450
427 446
432 444
433 442
440 448
445 449
449 450
0 451
0 452
0 453
0 454
0 455
0 456
0 457
1 458
1 459
1 460
1 461
1 462
1 463
1 464
2 465
2 466
2 467
2 468
2 469
2 470
2 471
3 472
3 473
3 474
3 475
3 476
3 477
3 478
4 479
4 480
4 481
4 482
4 483
4 484
4 485
5 486
5 487
5 488
5 489
5 490
5 491
5 492
6 493
6 494
6 495
6 496
6 497
6 498
6 499
7 500
7 501
7 502
7 503
7 504
7 505
7 506
8 507
8 508
8 509
8 510
8 511
8 512
8 513
9 514
9 515
9 516
9 517
9 518
9 519
9 520
10 521
10 522
10 523
10 524
10 525
10 526
10 527
11 528
11 529
11 530
11 531
11 532
11 533
11 534
12 535
12 536
12 537
12 538
12 539
12 540
12 541
13 542
13 543
13 544
13 545
13 546
13 547
13 548
14 549
14 550
14 551
14 552
14 553
14 554
14 555
15 556
15 557
15 558
15 559
15 560
15 561
15 562
16 563
16 564
16 565
16 566
16 567
16 568
16 569
17 570
17 571
17 572
17 573
17 574
17 575
17 576
18 577
18 578
18 579
18 580
18 581
18 582
18 583
19 584
19 585
19 586
19 587
19 588
19 589
19 590
20 591
20 592
20 593
20 594
20 595
20 596
20 597
21 598
21 599
21 600
21 601
21 602
21 603
21 604
22 605
22 606
22 607
22 608
22 609
22 610
22 611
23 612
23 613
23 614
23 615
23 616
23 617
23 618
24 619
24 620
24 621
24 622
24 623
24 624
24 625
25 626
25 627
25 628
25 629
25 630
25 631
25 632
26 633
26 634
26 635
26 636
26 637
26 638
26 639
27 640
27 641
27 642
27 643
27 644
27 645
27 646
28 647
28 648
28 649
28 650
28 651
28 652
28 653
29 654
29 655
29 656
29 657
29 658
29 659
29 660
30 661
30 662
30 663
30 664
30 665
30 666
30 667
31 668
31 669
31 670
31 671
31 672
31 673
31 674
32 675
32 676
32 677
32 678
32 679
32 680
32 681
33 682
33 683
33 684
33 685
33 686
33 687
33 688
34 689
34 690
34 691
34 692
34 693
34 694
34 695
35 696
35 697
35 698
35 699
35 700
35 701
35 702
36 703
36 704
36 705
36 706
36 707
36 708
36 709
37 710
37 711
37 712
37 713
37 714
37 715
37 716
38 717
38 718
38 719
38 720
38 721
38 722
38 723
39 724
39 725
39 726
39 727
39 728
39 729
39 730
40 731
40 732
40 733
40 734
40 735
40 736
40 737
41 738
41 739
41 740
41 741
41 742
41 743
41 744
42 745
42 746
42 747
42 748
42 749
42 750
42 751
43 752
43 753
43 754
43 755
43 756
43 757
43 758
44 759
44 760
44 761
44 762
44 763
44 764
44 765
45 766
45 767
45 768
45 769
45 770
45 771
45 772
46 773
46 774
46 775
46 776
46 777
46 778
46 779
47 780
47 781
47 782
47 783
47 784
47 785
47 786
48 787
48 788
48 789
48 790
48 791
48 792
48 793
49 794
49 795
49 796
49 797
49 798
49 799
49 800
50 801
50 802
50 803
50 804
50 805
50 806
50 807
51 808
51 809
51 810
51 811
51 812
51 813
51 814
52 815
52 816
52 817
52 818
52 819
52 820
52 821
53 822
53 823
53 824
53 825
53 826
53 827
53 828
54 829
54 830
54 831
54 832
54 833
54 834
54 835
55 836
55 837
55 838
55 839
55 840
55 841
55 842
56 843
56 844
56 845
56 846
56 847
56 848
56 849
57 850
57 851
57 852
57 853
57 854
57 855
57 856
58 857
58 858
58 859
58 860
58 861
58 862
58 863
59 864
59 865
59 866
59 867
59 868
59 869
59 870
60 871
60 872
60 873
60 874
60 875
60 876
60 877
61 878
61 879
61 880
61 881
61 882
61 883
61 884
62 885
62 886
62 887
62 888
62 889
62 890
62 891
63 892
63 893
63 894
63 895
63 896
63 897
63 898
64 899
64 900
64 901
64 902
64 903
64 904
64 905
65 906
65 907
65 908
65 909
65 910
65 911
65 912
66 913
66 914
66 915
66 916
66 917
66 918
66 919
67 920
67 921
67 922
67 923
67 924
67 925
67 926
68 927
68 928
68 929
68 930
68 931
68 932
68 933
69 934
69 935
69 936
69 937
69 938
69 939
69 940
70 941
70 942
70 943
70 944
70 945
70 946
70 947
71 948
71 949
71 950
71 951
71 952
71 953
71 954
72 955
72 956
72 957
72 958
72 959
72 960
72 961
73 962
73 963
73 964
73 965
73 966
73 967
73 968
74 969
74 970
74 971
74 972
74 973
74 974
74 975
75 976
75 977
75 978
75 979
75 980
75 981
75 982
76 983
76 984
76 985
76 986
76 987
76 988
76 989
77 990
77 991
77 992
77 993
77 994
77 995
77 996
78 997
78 998
78 999
78 1000
78 1001
78 1002
78 1003
79 1004
79 1005
79 1006
79 1007
79 1008
79 1009
79 1010
80 1011
80 1012
80 1013
80 1014
80 1015
80 1016
80 1017
81 1018
81 1019
81 1020
81 1021
81 1022
81 1023
81 1024
82 1025
82 1026
82 1027
82 1028
82 1029
82 1030
82 1031
83 1032
83 1033
83 1034
83 1035
83 1036
83 1037
83 1038
84 1039
84 1040
84 1041
84 1042
84 1043
84 1044
84 1045
85 1046
85 1047
85 1048
85 1049
85 1050
85 1051
85 1052
86 1053
86 1054
86 1055
86 1056
86 1057
86 1058
86 1059
87 1060
87 1061
87 1062
87 1063
87 1064
87 1065
87 1066
88 1067
88 1068
88 1069
88 1070
88 1071
88 1072
88 1073
89 1074
89 1075
89 1076
89 1077
89 1078
89 1079
89 1080
90 1081
90 1082
90 1083
90 1084
90 1085
90 1086
90 1087
91 1088
91 1089
91 1090
91 1091
91 1092
91 1093
91 1094
92 1095
92 1096
92 1097
92 1098
92 1099
92 1100
92 1101
93 1102
93 1103
93 1104
93 1105
93 1106
93 1107
93 1108
94 1109
94 1110
94 1111
94 1112
94 1113
94 1114
94 1115
95 1116
95 1117
95 1118
95 1119
95 1120
95 1121
95 1122
96 1123
96 1124
96 1125
96 1126
96 1127
96 1128
96 1129
97 1130
97 1131
97 1132
97 1133
97 1134
97 1135
97 1136
98 1137
98 1138
98 1139
98 1140
98 1141
98 1142
98 1143
99 1144
99 1145
99 1146
99 1147
99 1148
99 1149
99 1150
100 1151
100 1152
100 1153
100 1154
100 1155
100 1156
100 1157
101 1158
101 1159
101 1160
101 1161
101 1162
101 1163
101 1164
102 1165
102 1166
102 1167
102 1168
102 1169
102 1170
102 1171
103 1172
103 1173
103 1174
103 1175
103 1176
103 1177
103 1178
104 1179
104 1180
104 1181
104 1182
104 1183
104 1184
104 1185
105 1186
105 1187
105 1188
105 1189
105 1190
105 1191
105 1192
106 1193
106 1194
106 1195
106 1196
106 1197
106 1198
106 1199
107 1200
107 1201
107 1202
107 1203
107 1204
107 1205
107 1206
108 1207
108 1208
108 1209
108 1210
108 1211
108 1212
108 1213
109 1214
109 1215
109 1216
109 1217
109 1218
109 1219
109 1220
110 1221
110 1222
110 1223
110 1224
110 1225
110 1226
110 1227
111 1228
111 1229
111 1230
111 1231
111 1232
111 1233
111 1234
112 1235
112 1236
112 1237
112 1238
112 1239
112 1240
112 1241
113 1242
113 1243
113 1244
113 1245
113 1246
113 1247
113 1248
114 1249
114 1250
114 1251
114 1252
114 1253
114 1254
114 1255
115 1256
115 1257
115 1258
115 1259
115 1260
115 1261
115 1262
116 1263
116 1264
116 1265
116 1266
116 1267
116 1268
116 1269
117 1270
117 1271
117 1272
117 1273
117 1274
117 1275
117 1276
118 1277
118 1278
118 1279
118 1280
118 1281
118 1282
118 1283
119 1284
119 1285
119 1286
119 1287
119 1288
119 1289
119 1290
120 1291
120 1292
120 1293
120 1294
120 1295
120 1296
120 1297
121 1298
121 1299
121 1300
121 1301
121 1302
121 1303
121 1304
122 1305
122 1306
122 1307
122 1308
122 1309
122 1310
122 1311
123 1312
123 1313
123 1314
123 1315
123 1316
123 1317
123 1318
124 1319
124 1320
124 1321
124 1322
124 1323
124 1324
124 1325
125 1326
125 1327
125 1328
125 1329
125 1330
125 1331
125 1332
126 1333
126 1334
126 1335
126 1336
126 1337
126 1338
126 1339
127 1340
127 1341
127 1342
127 1343
127 1344
127 1345
127 1346
128 1347
128 1348
128 1349
128 1350
128 1351
128 1352
128 1353
129 1354
129 1355
129 1356
129 1357
129 1358
129 1359
129 1360
130 1361
130 1362
130 1363
130 1364
130 1365
130 1366
130 1367
131 1368
131 1369
131 1370
131 1371
131 1372
131 1373
131 1374
132 1375
132 1376
132 1377
132 1378
132 1379
132 1380
132 1381
133 1382
133 1383
133 1384
133 1385
133 1386
133 1387
133 1388
134 1389
134 1390
134 1391
134 1392
134 1393
134 1394
134 1395
135 1396
135 1397
135 1398
135 1399
135 1400
135 1401
135 1402
136 1403
136 1404
136 1405
136 1406
136 1407
136 1408
136 1409
137 1410
137 1411
137 1412
137 1413
137 1414
137 1415
137 1416
138 1417
138 1418
138 1419
138 1420
138 1421
138 1422
138 1423
139 1424
139 1425
139 1426
139 1427
139 1428
139 1429
139 1430
140 1431
140 1432
140 1433
140 1434
140 1435
140 1436
140 1437
141 1438
141 1439
141 1440
141 1441
141 1442
141 1443
141 1444
142 1445
142 1446
142 1447
142 1448
142 1449
142 1450
142 1451
143 1452
143 1453
143 1454
143 1455
143 1456
143 1457
143 1458
144 1459
144 1460
144 1461
144 1462
144 1463
144 1464
144 1465
145 1466
145 1467
145 1468
145 1469
145 1470
145 1471
145 1472
146 1473
146 1474
146 1475
146 1476
146 1477
146 1478
146 1479
147 1480
147 1481
147 1482
147 1483
147 1484
147 1485
147 1486
148 1487
148 1488
148 1489
148 1490
148 1491
148 1492
148 1493
149 1494
149 1495
149 1496
149 1497
149 1498
149 1499
149 1500
150 1501
150 1502
150 1503
150 1504
150 1505
150 1506
150 1507
151 1508
151 1509
151 1510
151 1511
151 1512
151 1513
151 1514
152 1515
152 1516
152 1517
152 1518
152 1519
152 1520
152 1521
153 1522
153 1523
153 1524
153 1525
153 1526
153 1527
153 1528
154 1529
154 1530
154 1531
154 1532
154 1533
154 1534
154 1535
155 1536
155 1537
155 1538
155 1539
155 1540
155 1541
155 1542
156 1543
156 1544
156 1545
156 1546
156 1547
156 1548
156 1549
157 1550
157 1551
157 1552
157 1553
157 1554
157 1555
157 1556
158 1557
158 1558
158 1559
158 1560
158 1561
158 1562
158 1563
159 1564
159 1565
159 1566
159 1567
159 1568
159 1569
159 1570
160 1571
160 1572
160 1573
160 1574
160 1575
160 1576
160 1577
161 1578
161 1579
161 1580
161 1581
161 1582
161 1583
161 1584
162 1585
162 1586
162 1587
162 1588
162 1589
162 1590
162 1591
163 1592
163 1593
163 1594
163 1595
163 1596
163 1597
163 1598
164 1599
164 1600
164 1601
164 1602
164 1603
164 1604
164 1605
165 1606
165 1607
165 1608
165 1609
165 1610
165 1611
165 1612
166 1613
166 1614
166 1615
166 1616
166 1617
166 1618
166 1619
167 1620
167 1621
167 1622
167 1623
167 1624
167 1625
167 1626
168 1627
168 1628
168 1629
168 1630
168 1631
168 1632
168 1633
169 1634
169 1635
169 1636
169 1637
169 1638
169 1639
169 1640
170 1641
170 1642
170 1643
170 1644
170 1645
170 1646
170 1647
171 1648
171 1649
171 1650
171 1651
171 1652
171 1653
171 1654
172 1655
172 1656
172 1657
172 1658
172 1659
172 1660
172 1661
173 1662
173 1663
173 1664
173 1665
173 1666
173 1667
173 1668
174 1669
174 1670
174 1671
174 1672
174 1673
174 1674
174 1675
175 1676
175 1677
175 1678
175 1679
175 1680
175 1681
175 1682
176 1683
176 1684
176 1685
176 1686
176 1687
176 1688
176 1689
177 1690
177 1691
177 1692
177 1693
177 1694
177 1695
177 1696
178 1697
178 1698
178 1699
178 1700
178 1701
178 1702
178 1703
179 1704
179 1705
179 1706
179 1707
179 1708
179 1709
179 1710
180 1711
180 1712
180 1713
180 1714
180 1715
180 1716
180 1717
181 1718
181 1719
181 1720
181 1721
181 1722
181 1723
181 1724
182 1725
182 1726
182 1727
182 1728
182 1729
182 1730
182 1731
183 1732
183 1733
183 1734
183 1735
183 1736
183 1737
183 1738
184 1739
184 1740
184 1741
184 1742
184 1743
184 1744
184 1745
185 1746
185 1747
185 1748
185 1749
185 1750
185 1751
185 1752
186 1753
186 1754
186 1755
186 1756
186 1757
186 1758
186 1759
187 1760
187 1761
187 1762
187 1763
187 1764
187 1765
187 1766
188 1767
188 1768
188 1769
188 1770
188 1771
188 1772
188 1773
189 1774
189 1775
189 1776
189 1777
189 1778
189 1779
189 1780
190 1781
190 1782
190 1783
190 1784
190 1785
190 1786
190 1787
191 1788
191 1789
191 1790
191 1791
191 1792
191 1793
191 1794
192 1795
192 1796
192 1797
192 1798
192 1799
192 1800
192 1801
193 1802
193 1803
193 1804
193 1805
193 1806
193 1807
193 1808
194 1809
194 1810
194 1811
194 1812
194 1813
194 1814
194 1815
195 1816
195 1817
195 1818
195 1819
195 1820
195 1821
195 1822
196 1823
196 1824
196 1825
196 1826
196 1827
196 1828
196 1829
197 1830
197 1831
197 1832
197 1833
197 1834
197 1835
197 1836
198 1837
198 1838
198 1839
198 1840
198 1841
198 1842
198 1843
199 1844
199 1845
199 1846
199 1847
199 1848
199 1849
199 1850
200 1851
200 1852
200 1853
200 1854
200 1855
200 1856
200 1857
201 1858
201 1859
201 1860
201 1861
201 1862
201 1863
201 1864
202 1865
202 1866
202 1867
202 1868
202 1869
202 1870
202 1871
203 1872
203 1873
203 1874
203 1875
203 1876
203 1877
203 1878
204 1879
204 1880
204 1881
204 1882
204 1883
204 1884
204 1885
205 1886
205 1887
205 1888
205 1889
205 1890
205 1891
205 1892
206 1893
206 1894
206 1895
206 1896
206 1897
206 1898
206 1899
207 1900
207 1901
207 1902
207 1903
207 1904
207 1905
207 1906
208 1907
208 1908
208 1909
208 1910
208 1911
208 1912
208 1913
209 1914
209 1915
209 1916
209 1917
209 1918
209 1919
209 1920
210 1921
210 1922
210 1923
210 1924
210 1925
210 1926
210 1927
211 1928
211 1929
211 1930
211 1931
211 1932
211 1933
211 1934
212 1935
212 1936
212 1937
212 1938
212 1939
212 1940
212 1941
213 1942
213 1943
213 1944
213 1945
213 1946
213 1947
213 1948
214 1949
214 1950
214 1951
214 1952
214 1953
214 1954
214 1955
215 1956
215 1957
215 1958
215 1959
215 1960
215 1961
215 1962
216 1963
216 1964
216 1965
216 1966
216 1967
216 1968
216 1969
217 1970
217 1971
217 1972
217 1973
217 1974
217 1975
217 1976
218 1977
218 1978
218 1979
218 1980
218 1981
218 1982
218 1983
219 1984
219 1985
219 1986
219 1987
219 1988
219 1989
219 1990
220 1991
220 1992
220 1993
220 1994
220 1995
220 1996
220 1997
221 1998
221 1999
221 2000
221 2001
221 2002
221 2003
221 2004
222 2005
222 2006
222 2007
222 2008
222 2009
222 2010
222 2011
223 2012
223 2013
223 2014
223 2015
223 2016
223 2017
223 2018
224 2019
224 2020
224 2021
224 2022
224 2023
224 2024
224 2025
225 2026
225 2027
225 2028
225 2029
225 2030
225 2031
225 2032
226 2033
226 2034
226 2035
226 2036
226 2037
226 2038
226 2039
227 2040
227 2041
227 2042
227 2043
227 2044
227 2045
227 2046
228 2047
228 2048
228 2049
228 2050
228 2051
228 2052
228 2053
229 2054
229 2055
229 2056
229 2057
229 2058
229 2059
229 2060
230 2061
230 2062
230 2063
230 2064
230 2065
230 2066
230 2067
231 2068
231 2069
231 2070
231 2071
231 2072
231 2073
231 2074
232 2075
232 2076
232 2077
232 2078
232 2079
232 2080
232 2081
233 2082
233 2083
233 2084
233 2085
233 2086
233 2087
233 2088
234 2089
234 2090
234 2091
234 2092
234 2093
234 2094
234 2095
235 2096
235 2097
235 2098
235 2099
235 2100
235 2101
235 2102
236 2103
236 2104
236 2105
236 2106
236 2107
236 2108
236 2109
237 2110
237 2111
237 2112
237 2113
237 2114
237 2115
237 2116
238 2117
238 2118
238 2119
238 2120
238 2121
238 2122
238 2123
239 2124
239 2125
239 2126
239 2127
239 2128
239 2129
239 2130
240 2131
240 2132
240 2133
240 2134
240 2135
240 2136
240 2137
241 2138
241 2139
241 2140
241 2141
241 2142
241 2143
241 2144
242 2145
242 2146
242 2147
242 2148
242 2149
242 2150
242 2151
243 2152
243 2153
243 2154
243 2155
243 2156
243 2157
243 2158
244 2159
244 2160
244 2161
244 2162
244 2163
244 2164
244 2165
245 2166
245 2167
245 2168
245 2169
245 2170
245 2171
245 2172
246 2173
246 2174
246 2175
246 2176
246 2177
246 2178
246 2179
247 2180
247 2181
247 2182
247 2183
247 2184
247 2185
247 2186
248 2187
248 2188
248 2189
248 2190
248 2191
248 2192
248 2193
249 2194
249 2195
249 2196
249 2197
249 2198
249 2199
249 2200
250 2201
250 2202
250 2203
250 2204
250 2205
250 2206
250 2207
251 2208
251 2209
251 2210
251 2211
251 2212
251 2213
251 2214
252 2215
252 2216
252 2217
252 2218
252 2219
252 2220
252 2221
253 2222
253 2223
253 2224
253 2225
253 2226
253 2227
253 2228
254 2229
254 2230
254 2231
254 2232
254 2233
254 2234
254 2235
255 2236
255 2237
255 2238
255 2239
255 2240
255 2241
255 2242
256 2243
256 2244
256 2245
256 2246
256 2247
256 2248
256 2249
257 2250
257 2251
257 2252
257 2253
257 2254
257 2255
257 2256
258 2257
258 2258
258 2259
258 2260
258 2261
258 2262
258 2263
259 2264
259 2265
259 2266
259 2267
259 2268
259 2269
259 2270
260 2271
260 2272
260 2273
260 2274
260 2275
260 2276
260 2277
261 2278
261 2279
261 2280
261 2281
261 2282
261 2283
261 2284
262 2285
262 2286
262 2287
262 2288
262 2289
262 2290
262 2291
263 2292
263 2293
263 2294
263 2295
263 2296
263 2297
263 2298
264 2299
264 2300
264 2301
264 2302
264 2303
264 2304
264 2305
265 2306
265 2307
265 2308
265 2309
265 2310
265 2311
265 2312
266 2313
266 2314
266 2315
266 2316
266 2317
266 2318
266 2319
267 2320
267 2321
267 2322
267 2323
267 2324
267 2325
267 2326
268 2327
268 2328
268 2329
268 2330
268 2331
268 2332
268 2333
269 2334
269 2335
269 2336
269 2337
269 2338
269 2339
269 2340
270 2341
270 2342
270 2343
270 2344
270 2345
270 2346
270 2347
271 2348
271 2349
271 2350
271 2351
271 2352
271 2353
271 2354
272 2355
272 2356
272 2357
272 2358
272 2359
272 2360
272 2361
273 2362
273 2363
273 2364
273 2365
273 2366
273 2367
273 2368
274 2369
274 2370
274 2371
274 2372
274 2373
274 2374
274 2375
275 2376
275 2377
275 2378
275 2379
275 2380
275 2381
275 2382
276 2383
276 2384
276 2385
276 2386
276 2387
276 2388
276 2389
277 2390
277 2391
277 2392
277 2393
277 2394
277 2395
277 2396
278 2397
278 2398
278 2399
278 2400
278 2401
278 2402
278 2403
279 2404
279 2405
279 2406
279 2407
279 2408
279 2409
279 2410
280 2411
280 2412
280 2413
280 2414
280 2415
280 2416
280 2417
281 2418
281 2419
281 2420
281 2421
281 2422
281 2423
281 2424
282 2425
282 2426
282 2427
282 2428
282 2429
282 2430
282 2431
283 2432
283 2433
283 2434
283 2435
283 2436
283 2437
283 2438
284 2439
284 2440
284 2441
284 2442
284 2443
284 2444
284 2445
285 2446
285 2447
285 2448
285 2449
285 2450
285 2451
285 2452
286 2453
286 2454
286 2455
286 2456
286 2457
286 2458
286 2459
287 2460
287 2461
287 2462
287 2463
287 2464
287 2465
287 2466
288 2467
288 2468
288 2469
288 2470
288 2471
288 2472
288 2473
289 2474
289 2475
289 2476
289 2477
289 2478
289 2479
289 2480
290 2481
290 2482
290 2483
290 2484
290 2485
290 2486
290 2487
291 2488
291 2489
291 2490
291 2491
291 2492
291 2493
291 2494
292 2495
292 2496
292 2497
292 2498
292 2499
292 2500
292 2501
293 2502
293 2503
293 2504
293 2505
293 2506
293 2507
293 2508
294 2509
294 2510
294 2511
294 2512
294 2513
294 2514
294 2515
295 2516
295 2517
295 2518
295 2519
295 2520
295 2521
295 2522
296 2523
296 2524
296 2525
296 2526
296 2527
296 2528
296 2529
297 2530
297 2531
297 2532
297 2533
297 2534
297 2535
297 2536
298 2537
298 2538
298 2539
298 2540
298 2541
298 2542
298 2543
299 2544
299 2545
299 2546
299 2547
299 2548
299 2549
299 2550
300 2551
300 2552
300 2553
300 2554
300 2555
300 2556
300 2557
301 2558
301 2559
301 2560
301 2561
301 2562
301 2563
301 2564
302 2565
302 2566
302 2567
302 2568
302 2569
302 2570
302 2571
303 2572
303 2573
303 2574
303 2575
303 2576
303 2577
303 2578
304 2579
304 2580
304 2581
304 2582
304 2583
304 2584
304 2585
305 2586
305 2587
305 2588
305 2589
305 2590
305 2591
305 2592
306 2593
306 2594
306 2595
306 2596
306 2597
306 2598
306 2599
307 2600
307 2601
307 2602
307 2603
307 2604
307 2605
307 2606
308 2607
308 2608
308 2609
308 2610
308 2611
308 2612
308 2613
309 2614
309 2615
309 2616
309 2617
309 2618
309 2619
309 2620
310 2621
310 2622
310 2623
310 2624
310 2625
310 2626
310 2627
311 2628
311 2629
311 2630
311 2631
311 2632
311 2633
311 2634
312 2635
312 2636
312 2637
312 2638
312 2639
312 2640
312 2641
313 2642
313 2643
313 2644
313 2645
313 2646
313 2647
313 2648
314 2649
314 2650
314 2651
314 2652
314 2653
314 2654
314 2655
315 2656
315 2657
315 2658
315 2659
315 2660
315 2661
315 2662
316 2663
316 2664
316 2665
316 2666
316 2667
316 2668
316 2669
317 2670
317 2671
317 2672
317 2673
317 2674
317 2675
317 2676
318 2677
318 2678
318 2679
318 2680
318 2681
318 2682
318 2683
319 2684
319 2685
319 2686
319 2687
319 2688
319 2689
319 2690
320 2691
320 2692
320 2693
320 2694
320 2695
320 2696
320 2697
321 2698
321 2699
321 2700
321 2701
321 2702
321 2703
321 2704
322 2705
322 2706
322 2707
322 2708
322 2709
322 2710
322 2711
323 2712
323 2713
323 2714
323 2715
323 2716
323 2717
323 2718
324 2719
324 2720
324 2721
324 2722
324 2723
324 2724
324 2725
325 2726
325 2727
325 2728
325 2729
325 2730
325 2731
325 2732
326 2733
326 2734
326 2735
326 2736
326 2737
326 2738
326 2739
327 2740
327 2741
327 2742
327 2743
327 2744
327 2745
327 2746
328 2747
328 2748
328 2749
328 2750
328 2751
328 2752
328 2753
329 2754
329 2755
329 2756
329 2757
329 2758
329 2759
329 2760
330 2761
330 2762
330 2763
330 2764
330 2765
330 2766
330 2767
331 2768
331 2769
331 2770
331 2771
331 2772
331 2773
331 2774
332 2775
332 2776
332 2777
332 2778
332 2779
332 2780
332 2781
333 2782
333 2783
333 2784
333 2785
333 2786
333 2787
333 2788
334 2789
334 2790
334 2791
334 2792
334 2793
334 2794
334 2795
335 2796
335 2797
335 2798
335 2799
335 2800
335 2801
335 2802
336 2803
336 2804
336 2805
336 2806
336 2807
336 2808
336 2809
337 2810
337 2811
337 2812
337 2813
337 2814
337 2815
337 2816
338 2817
338 2818
338 2819
338 2820
338 2821
338 2822
338 2823
339 2824
339 2825
339 2826
339 2827
339 2828
339 2829
339 2830
340 2831
340 2832
340 2833
340 2834
340 2835
340 2836
340 2837
341 2838
341 2839
341 2840
341 2841
341 2842
341 2843
341 2844
342 2845
342 2846
342 2847
342 2848
342 2849
342 2850
342 2851
343 2852
343 2853
343 2854
343 2855
343 2856
343 2857
343 2858
344 2859
344 2860
344 2861
344 2862
344 2863
344 2864
344 2865
345 2866
345 2867
345 2868
345 2869
345 2870
345 2871
345 2872
346 2873
346 2874
346 2875
346 2876
346 2877
346 2878
346 2879
347 2880
347 2881
347 2882
347 2883
347 2884
347 2885
347 2886
348 2887
348 2888
348 2889
348 2890
348 2891
348 2892
348 2893
349 2894
349 2895
349 2896
349 2897
349 2898
349 2899
349 2900
350 2901
350 2902
350 2903
350 2904
350 2905
350 2906
350 2907
351 2908
351 2909
351 2910
351 2911
351 2912
351 2913
351 2914
352 2915
352 2916
352 2917
352 2918
352 2919
352 2920
352 2921
353 2922
353 2923
353 2924
353 2925
353 2926
353 2927
353 2928
354 2929
354 2930
354 2931
354 2932
354 2933
354 2934
354 2935
355 2936
355 2937
355 2938
355 2939
355 2940
355 2941
355 2942
356 2943
356 2944
356 2945
356 2946
356 2947
356 2948
356 2949
357 2950
357 2951
357 2952
357 2953
357 2954
357 2955
357 2956
358 2957
358 2958
358 2959
358 2960
358 2961
358 2962
358 2963
359 2964
359 2965
359 2966
359 2967
359 2968
359 2969
359 2970
360 2971
360 2972
360 2973
360 2974
360 2975
360 2976
360 2977
361 2978
361 2979
361 2980
361 2981
361 2982
361 2983
361 2984
362 2985
362 2986
362 2987
362 2988
362 2989
362 2990
362 2991
363 2992
363 2993
363 2994
363 2995
363 2996
363 2997
363 2998
364 2999
364 3000
364 3001
364 3002
364 3003
364 3004
364 3005
365 3006
365 3007
365 3008
365 3009
365 3010
365 3011
365 3012
366 3013
366 3014
366 3015
366 3016
366 3017
366 3018
366 3019
367 3020
367 3021
367 3022
367 3023
367 3024
367 3025
367 3026
368 3027
368 3028
368 3029
368 3030
368 3031
368 3032
368 3033
369 3034
369 3035
369 3036
369 3037
369 3038
369 3039
369 3040
370 3041
370 3042
370 3043
370 3044
370 3045
370 3046
370 3047
371 3048
371 3049
371 3050
371 3051
371 3052
371 3053
371 3054
372 3055
372 3056
372 3057
372 3058
372 3059
372 3060
372 3061
373 3062
373 3063
373 3064
373 3065
373 3066
373 3067
373 3068
374 3069
374 3070
374 3071
374 3072
374 3073
374 3074
374 3075
375 3076
375 3077
375 3078
375 3079
375 3080
375 3081
375 3082
376 3083
376 3084
376 3085
376 3086
376 3087
376 3088
376 3089
377 3090
377 3091
377 3092
377 3093
377 3094
377 3095
377 3096
378 3097
378 3098
378 3099
378 3100
378 3101
378 3102
378 3103
379 3104
379 3105
379 3106
379 3107
379 3108
379 3109
379 3110
380 3111
380 3112
380 3113
380 3114
380 3115
380 3116
380 3117
381 3118
381 3119
381 3120
381 3121
381 3122
381 3123
381 3124
382 3125
382 3126
382 3127
382 3128
382 3129
382 3130
382 3131
383 3132
383 3133
383 3134
383 3135
383 3136
383 3137
383 3138
384 3139
384 3140
384 3141
384 3142
384 3143
384 3144
384 3145
385 3146
385 3147
385 3148
385 3149
385 3150
385 3151
385 3152
386 3153
386 3154
386 3155
386 3156
386 3157
386 3158
386 3159
387 3160
387 3161
387 3162
387 3163
387 3164
387 3165
387 3166
388 3167
388 3168
388 3169
388 3170
388 3171
388 3172
388 3173
389 3174
389 3175
389 3176
389 3177
389 3178
389 3179
389 3180
390 3181
390 3182
390 3183
390 3184
390 3185
390 3186
390 3187
391 3188
391 3189
391 3190
391 3191
391 3192
391 3193
391 3194
392 3195
392 3196
392 3197
392 3198
392 3199
392 3200
392 3201
393 3202
393 3203
393 3204
393 3205
393 3206
393 3207
393 3208
394 3209
394 3210
394 3211
394 3212
394 3213
394 3214
394 3215
395 3216
395 3217
395 3218
395 3219
395 3220
395 3221
395 3222
396 3223
396 3224
396 3225
396 3226
396 3227
396 3228
396 3229
397 3230
397 3231
397 3232
397 3233
397 3234
397 3235
397 3236
398 3237
398 3238
398 3239
398 3240
398 3241
398 3242
398 3243
399 3244
399 3245
399 3246
399 3247
399 3248
399 3249
399 3250
400 3251
400 3252
400 3253
400 3254
400 3255
400 3256
400 3257
401 3258
401 3259
401 3260
401 3261
401 3262
401 3263
401 3264
402 3265
402 3266
402 3267
402 3268
402 3269
402 3270
402 3271
403 3272
403 3273
403 3274
403 3275
403 3276
403 3277
403 3278
404 3279
404 3280
404 3281
404 3282
404 3283
404 3284
404 3285
405 3286
405 3287
405 3288
405 3289
405 3290
405 3291
405 3292
406 3293
406 3294
406 3295
406 3296
406 3297
406 3298
406 3299
407 3300
407 3301
407 3302
407 3303
407 3304
407 3305
407 3306
408 3307
408 3308
408 3309
408 3310
408 3311
408 3312
408 3313
409 3314
409 3315
409 3316
409 3317
409 3318
409 3319
409 3320
410 3321
410 3322
410 3323
410 3324
410 3325
410 3326
410 3327
411 3328
411 3329
411 3330
411 3331
411 3332
411 3333
411 3334
412 3335
412 3336
412 3337
412 3338
412 3339
412 3340
412 3341
413 3342
413 3343
413 3344
413 3345
413 3346
413 3347
413 3348
414 3349
414 3350
414 3351
414 3352
414 3353
414 3354
414 3355
415 3356
415 3357
415 3358
415 3359
415 3360
415 3361
415 3362
416 3363
416 3364
416 3365
416 3366
416 3367
416 3368
416 3369
417 3370
417 3371
417 3372
417 3373
417 3374
417 3375
417 3376
418 3377
418 3378
418 3379
418 3380
418 3381
418 3382
418 3383
419 3384
419 3385
419 3386
419 3387
419 3388
419 3389
419 3390
420 3391
420 3392
420 3393
420 3394
420 3395
420 3396
420 3397
421 3398
421 3399
421 3400
421 3401
421 3402
421 3403
421 3404
422 3405
422 3406
422 3407
422 3408
422 3409
422 3410
422 3411
423 3412
423 3413
423 3414
423 3415
423 3416
423 3417
423 3418
424 3419
424 3420
424 3421
424 3422
424 3423
424 3424
424 3425
425 3426
425 3427
425 3428
425 3429
425 3430
425 3431
425 3432
426 3433
426 3434
426 3435
426 3436
426 3437
426 3438
426 3439
427 3440
427 3441
427 3442
427 3443
427 3444
427 3445
427 3446
428 3447
428 3448
428 3449
428 3450
428 3451
428 3452
428 3453
429 3454
429 3455
429 3456
429 3457
429 3458
429 3459
429 3460
430 3461
430 3462
430 3463
430 3464
430 3465
430 3466
430 3467
431 3468
431 3469
431 3470
431 3471
431 3472
431 3473
431 3474
432 3475
432 3476
432 3477
432 3478
432 3479
432 3480
432 3481
433 3482
433 3483
433 3484
433 3485
433 3486
433 3487
433 3488
434 3489
434 3490
434 3491
434 3492
434 3493
434 3494
434 3495
435 3496
435 3497
435 3498
435 3499
435 3500
435 3501
435 3502
436 3503
436 3504
436 3505
436 3506
436 3507
436 3508
436 3509
437 3510
437 3511
437 3512
437 3513
437 3514
437 3515
437 3516
438 3517
438 3518
438 3519
438 3520
438 3521
438 3522
438 3523
439 3524
439 3525
439 3526
439 3527
439 3528
439 3529
439 3530
440 3531
440 3532
440 3533
440 3534
440 3535
440 3536
440 3537
441 3538
441 3539
441 3540
441 3541
441 3542
441 3543
441 3544
442 3545
442 3546
442 3547
442 3548
442 3549
442 3550
442 3551
443 3552
443 3553
443 3554
443 3555
443 3556
443 3557
443 3558
444 3559
444 3560
444 3561
444 3562
444 3563
444 3564
444 3565
445 3566
445 3567
445 3568
445 3569
445 3570
445 3571
445 3572
446 3573
446 3574
446 3575
446 3576
446 3577
446 3578
446 3579
447 3580
447 3581
447 3582
447 3583
447 3584
447 3585
447 3586
448 3587
448 3588
448 3589
448 3590
448 3591
448 3592
448 3593
449 3594
449 3595
449 3596
449 3597
449 3598
449 3599
449 3600
450 3601
450 3602
450 3603
450 3604
450 3605
450 3606
450 3607
