0 165
0 294
0 313
0 139
0 61
0 287
1 81
1 154
1 26
1 300
1 205
1 269
2 272
2 229
2 279
2 223
2 237
2 303
3 178
3 102
3 172
3 109
3 302
3 127
4 192
4 18
4 119
4 236
4 44
4 143
5 197
5 198
5 311
5 55
5 28
5 303
6 291
6 69
6 185
6 137
6 253
6 317
7 208
7 210
7 53
7 311
7 169
7 124
8 16
8 290
8 36
8 71
8 298
8 171
9 273
9 242
9 62
9 205
9 190
9 175
10 288
10 98
10 116
10 296
10 274
10 238
11 17
11 67
11 21
11 122
11 170
11 95
12 210
12 115
12 277
12 135
12 87
12 174
13 178
13 230
13 151
13 39
13 188
13 78
14 129
14 19
14 84
14 22
14 70
14 93
15 160
15 307
15 25
15 283
15 252
15 45
16 240
16 289
16 213
16 263
16 143
17 20
17 118
17 38
17 93
17 69
18 277
18 310
18 295
18 292
18 142
19 291
19 148
19 143
19 77
19 271
20 97
20 158
20 23
20 88
20 110
21 176
21 52
21 185
21 221
21 78
22 211
22 313
22 138
22 174
22 303
23 290
23 118
23 55
23 232
23 254
24 208
24 113
24 100
24 262
24 119
24 174
25 192
25 64
25 199
25 57
25 223
26 263
26 145
26 152
26 169
26 187
27 51
27 276
27 57
27 220
27 222
27 31
28 48
28 208
28 97
28 120
28 105
29 176
29 50
29 86
29 40
29 204
29 319
30 225
30 259
30 212
30 166
30 116
30 60
31 171
31 52
31 151
31 141
31 206
32 68
32 295
32 154
32 187
32 300
32 234
33 132
33 167
33 312
33 284
33 92
33 221
34 224
34 232
34 295
34 88
34 205
34 79
35 290
35 115
35 234
35 251
35 114
35 207
36 72
36 132
36 89
36 218
36 220
37 85
37 294
37 231
37 153
37 202
37 215
38 99
38 41
38 89
38 280
38 73
39 64
39 290
39 140
39 126
39 143
40 261
40 165
40 43
40 238
40 157
41 193
41 99
41 86
41 78
41 309
42 305
42 275
42 278
42 248
42 316
42 126
43 145
43 167
43 153
43 254
43 271
44 307
44 293
44 92
44 285
44 309
45 210
45 292
45 117
45 63
45 188
46 176
46 98
46 56
46 63
46 238
46 143
47 177
47 243
47 238
47 264
47 185
47 158
48 96
48 256
48 101
48 247
48 110
49 291
49 53
49 134
49 299
49 267
49 156
50 99
50 214
50 297
50 186
50 301
51 208
51 106
51 159
51 158
51 287
52 246
52 275
52 214
52 248
53 142
53 305
53 238
53 143
54 224
54 82
54 291
54 135
54 234
54 67
55 65
55 108
55 317
55 253
56 176
56 164
56 310
56 157
56 271
57 84
57 102
57 150
57 170
58 65
58 293
58 199
58 168
58 167
58 149
59 213
59 233
59 298
59 91
59 318
59 207
60 84
60 69
60 188
60 140
60 126
61 176
61 173
61 231
61 141
61 205
62 246
62 251
62 316
62 269
62 191
63 80
63 144
63 282
63 255
64 148
64 122
64 75
64 268
65 291
65 68
65 278
65 266
66 128
66 251
66 106
66 74
66 315
66 93
67 149
67 252
67 173
67 133
68 241
68 118
68 145
68 305
69 276
69 309
69 72
70 148
70 152
70 297
70 106
70 239
71 102
71 312
71 104
71 170
71 267
72 184
72 251
72 156
72 319
73 80
73 288
73 103
73 107
73 205
74 257
74 113
74 118
74 295
74 125
75 193
75 139
75 310
75 218
75 283
76 181
76 297
76 216
76 249
76 234
76 157
77 112
77 100
77 181
77 300
77 94
78 112
78 265
78 285
79 225
79 180
79 266
79 162
79 270
80 273
80 194
80 133
80 316
81 150
81 113
81 136
81 155
81 125
82 130
82 259
82 311
82 104
82 219
83 273
83 243
83 101
83 257
83 123
83 284
84 102
84 204
84 206
85 147
85 131
85 133
85 244
85 175
86 161
86 184
86 154
86 286
87 144
87 274
87 252
87 300
87 317
88 101
88 151
88 299
88 95
89 306
89 262
89 264
89 301
90 289
90 134
90 313
90 172
90 218
90 140
91 304
91 307
91 164
91 264
91 153
92 259
92 229
92 166
92 312
93 256
93 123
93 301
94 113
94 150
94 250
94 299
94 158
95 306
95 245
95 114
95 111
96 241
96 134
96 186
96 266
96 191
97 209
97 170
97 139
97 125
98 168
98 313
98 250
98 298
99 240
99 139
99 157
100 195
100 203
100 204
100 127
101 176
101 227
101 170
102 245
102 259
103 275
103 150
103 121
103 300
103 270
104 272
104 211
104 195
104 159
105 192
105 181
105 311
105 282
105 319
106 181
106 293
106 166
107 145
107 210
107 115
107 169
107 122
108 208
108 226
108 123
108 141
108 270
109 242
109 121
109 297
109 203
109 287
110 302
110 284
110 268
110 270
111 288
111 273
111 229
111 248
111 188
112 274
112 135
112 235
112 287
113 229
113 253
114 307
114 310
114 220
114 317
115 258
115 228
115 120
116 197
116 150
116 221
116 223
117 193
117 212
117 197
117 166
117 244
118 146
118 213
119 144
119 206
119 231
119 190
120 225
120 259
120 318
120 159
121 260
121 216
121 220
121 239
122 277
122 168
122 250
123 306
123 131
123 163
124 211
124 215
124 169
124 218
124 187
125 307
125 245
125 250
126 242
126 151
126 302
127 129
127 228
127 232
127 217
128 289
128 167
128 184
128 204
128 270
129 164
129 229
129 292
129 138
130 224
130 177
130 268
130 156
130 301
131 219
131 310
131 202
131 207
132 240
132 305
132 261
132 225
133 235
133 173
133 142
134 262
134 236
134 253
135 288
135 272
135 292
136 224
136 275
136 230
136 137
136 315
137 304
137 160
137 197
137 217
138 304
138 217
138 139
138 156
139 179
140 179
140 261
140 199
141 162
141 195
141 244
142 171
142 249
142 267
144 304
144 264
144 303
145 177
145 189
146 161
146 148
146 201
146 250
146 316
147 240
147 307
147 308
147 215
147 271
148 212
148 206
149 213
149 215
149 248
149 255
150 173
151 298
151 156
152 213
152 214
152 200
152 285
153 194
153 308
153 277
154 262
154 186
154 237
155 304
155 258
155 227
155 226
155 190
156 179
157 243
157 184
158 312
158 259
159 163
159 318
159 197
160 209
160 242
160 211
160 292
161 184
161 218
161 267
161 271
162 221
162 281
162 172
162 189
163 226
163 308
163 199
163 222
164 183
164 200
164 237
165 306
165 246
165 183
165 286
166 215
166 247
167 261
167 286
168 294
168 247
168 191
169 180
169 282
170 296
171 230
171 235
171 302
172 183
172 300
172 223
173 212
173 238
174 256
174 236
174 254
175 192
175 229
175 312
175 282
177 243
177 280
177 317
178 227
178 265
178 186
178 319
179 213
179 217
179 318
180 306
180 244
180 311
180 202
181 313
181 254
182 305
182 197
182 257
182 232
182 279
182 293
183 249
183 187
183 191
184 283
185 200
185 283
185 316
186 279
186 201
187 210
187 297
188 276
188 248
189 211
189 246
189 216
189 220
190 268
190 317
190 231
191 294
191 299
192 195
192 309
193 194
193 203
193 260
194 227
194 262
194 301
195 282
195 302
196 272
196 214
196 198
196 219
196 268
196 318
198 308
198 281
198 255
198 271
199 212
199 236
200 217
200 202
200 269
201 277
201 263
201 247
201 274
202 280
202 315
203 257
203 297
203 315
204 306
204 285
205 239
206 248
206 286
207 231
207 280
207 265
208 298
209 241
209 266
209 314
209 302
210 237
211 285
212 295
214 258
214 309
215 245
216 260
216 266
216 253
217 291
218 235
219 226
219 292
219 260
220 283
221 226
221 245
222 309
222 232
222 233
222 284
223 243
223 234
224 225
224 228
225 296
226 242
227 230
227 268
228 303
228 267
228 269
230 270
230 303
231 285
232 288
233 289
233 275
233 278
233 314
234 293
235 276
235 252
236 264
236 252
237 257
237 247
239 279
239 265
239 263
240 274
240 294
241 261
241 267
241 253
242 314
243 304
244 260
244 316
245 313
246 311
246 281
247 295
249 256
249 274
249 296
250 255
251 263
251 283
252 273
254 288
254 284
255 279
255 299
256 258
256 294
257 278
258 278
258 281
260 280
261 262
263 305
264 279
265 286
265 318
266 287
269 273
269 280
272 314
272 298
275 310
276 290
276 277
278 299
281 296
281 315
282 319
284 308
286 287
289 290
289 293
296 308
301 315
312 314
314 319
0 320
0 321
0 322
0 323
0 324
0 325
0 326
0 327
0 328
0 329
1 330
1 331
1 332
1 333
1 334
1 335
1 336
1 337
1 338
1 339
2 340
2 341
2 342
2 343
2 344
2 345
2 346
2 347
2 348
2 349
3 350
3 351
3 352
3 353
3 354
3 355
3 356
3 357
3 358
3 359
4 360
4 361
4 362
4 363
4 364
4 365
4 366
4 367
4 368
4 369
5 370
5 371
5 372
5 373
5 374
5 375
5 376
5 377
5 378
5 379
6 380
6 381
6 382
6 383
6 384
6 385
6 386
6 387
6 388
6 389
7 390
7 391
7 392
7 393
7 394
7 395
7 396
7 397
7 398
7 399
8 400
8 401
8 402
8 403
8 404
8 405
8 406
8 407
8 408
8 409
9 410
9 411
9 412
9 413
9 414
9 415
9 416
9 417
9 418
9 419
10 420
10 421
10 422
10 423
10 424
10 425
10 426
10 427
10 428
10 429
11 430
11 431
11 432
11 433
11 434
11 435
11 436
11 437
11 438
11 439
12 440
12 441
12 442
12 443
12 444
12 445
12 446
12 447
12 448
12 449
13 450
13 451
13 452
13 453
13 454
13 455
13 456
13 457
13 458
13 459
14 460
14 461
14 462
14 463
14 464
14 465
14 466
14 467
14 468
14 469
15 470
15 471
15 472
15 473
15 474
15 475
15 476
15 477
15 478
15 479
16 480
16 481
16 482
16 483
16 484
16 485
16 486
16 487
16 488
16 489
17 490
17 491
17 492
17 493
17 494
17 495
17 496
17 497
17 498
17 499
18 500
18 501
18 502
18 503
18 504
18 505
18 506
18 507
18 508
18 509
19 510
19 511
19 512
19 513
19 514
19 515
19 516
19 517
19 518
19 519
20 520
20 521
20 522
20 523
20 524
20 525
20 526
20 527
20 528
20 529
21 530
21 531
21 532
21 533
21 534
21 535
21 536
21 537
21 538
21 539
22 540
22 541
22 542
22 543
22 544
22 545
22 546
22 547
22 548
22 549
23 550
23 551
23 552
23 553
23 554
23 555
23 556
23 557
23 558
23 559
24 560
24 561
24 562
24 563
24 564
24 565
24 566
24 567
24 568
24 569
25 570
25 571
25 572
25 573
25 574
25 575
25 576
25 577
25 578
25 579
26 580
26 581
26 582
26 583
26 584
26 585
26 586
26 587
26 588
26 589
27 590
27 591
27 592
27 593
27 594
27 595
27 596
27 597
27 598
27 599
28 600
28 601
28 602
28 603
28 604
28 605
28 606
28 607
28 608
28 609
29 610
29 611
29 612
29 613
29 614
29 615
29 616
29 617
29 618
29 619
30 620
30 621
30 622
30 623
30 624
30 625
30 626
30 627
30 628
30 629
31 630
31 631
31 632
31 633
31 634
31 635
31 636
31 637
31 638
31 639
32 640
32 641
32 642
32 643
32 644
32 645
32 646
32 647
32 648
32 649
33 650
33 651
33 652
33 653
33 654
33 655
33 656
33 657
33 658
33 659
34 660
34 661
34 662
34 663
34 664
34 665
34 666
34 667
34 668
34 669
35 670
35 671
35 672
35 673
35 674
35 675
35 676
35 677
35 678
35 679
36 680
36 681
36 682
36 683
36 684
36 685
36 686
36 687
36 688
36 689
37 690
37 691
37 692
37 693
37 694
37 695
37 696
37 697
37 698
37 699
38 700
38 701
38 702
38 703
38 704
38 705
38 706
38 707
38 708
38 709
39 710
39 711
39 712
39 713
39 714
39 715
39 716
39 717
39 718
39 719
40 720
40 721
40 722
40 723
40 724
40 725
40 726
40 727
40 728
40 729
41 730
41 731
41 732
41 733
41 734
41 735
41 736
41 737
41 738
41 739
42 740
42 741
42 742
42 743
42 744
42 745
42 746
42 747
42 748
42 749
43 750
43 751
43 752
43 753
43 754
43 755
43 756
43 757
43 758
43 759
44 760
44 761
44 762
44 763
44 764
44 765
44 766
44 767
44 768
44 769
45 770
45 771
45 772
45 773
45 774
45 775
45 776
45 777
45 778
45 779
46 780
46 781
46 782
46 783
46 784
46 785
46 786
46 787
46 788
46 789
47 790
47 791
47 792
47 793
47 794
47 795
47 796
47 797
47 798
47 799
48 800
48 801
48 802
48 803
48 804
48 805
48 806
48 807
48 808
48 809
49 810
49 811
49 812
49 813
49 814
49 815
49 816
49 817
49 818
49 819
50 820
50 821
50 822
50 823
50 824
50 825
50 826
50 827
50 828
50 829
51 830
51 831
51 832
51 833
51 834
51 835
51 836
51 837
51 838
51 839
52 840
52 841
52 842
52 843
52 844
52 845
52 846
52 847
52 848
52 849
53 850
53 851
53 852
53 853
53 854
53 855
53 856
53 857
53 858
53 859
54 860
54 861
54 862
54 863
54 864
54 865
54 866
54 867
54 868
54 869
55 870
55 871
55 872
55 873
55 874
55 875
55 876
55 877
55 878
55 879
56 880
56 881
56 882
56 883
56 884
56 885
56 886
56 887
56 888
56 889
57 890
57 891
57 892
57 893
57 894
57 895
57 896
57 897
57 898
57 899
58 900
58 901
58 902
58 903
58 904
58 905
58 906
58 907
58 908
58 909
59 910
59 911
59 912
59 913
59 914
59 915
59 916
59 917
59 918
59 919
60 920
60 921
60 922
60 923
60 924
60 925
60 926
60 927
60 928
60 929
61 930
61 931
61 932
61 933
61 934
61 935
61 936
61 937
61 938
61 939
62 940
62 941
62 942
62 943
62 944
62 945
62 946
62 947
62 948
62 949
63 950
63 951
63 952
63 953
63 954
63 955
63 956
63 957
63 958
63 959
64 960
64 961
64 962
64 963
64 964
64 965
64 966
64 967
64 968
64 969
65 970
65 971
65 972
65 973
65 974
65 975
65 976
65 977
65 978
65 979
66 980
66 981
66 982
66 983
66 984
66 985
66 986
66 987
66 988
66 989
67 990
67 991
67 992
67 993
67 994
67 995
67 996
67 997
67 998
67 999
68 1000
68 1001
68 1002
68 1003
68 1004
68 1005
68 1006
68 1007
68 1008
68 1009
69 1010
69 1011
69 1012
69 1013
69 1014
69 1015
69 1016
69 1017
69 1018
69 1019
70 1020
70 1021
70 1022
70 1023
70 1024
70 1025
70 1026
70 1027
70 1028
70 1029
71 1030
71 1031
71 1032
71 1033
71 1034
71 1035
71 1036
71 1037
71 1038
71 1039
72 1040
72 1041
72 1042
72 1043
72 1044
72 1045
72 1046
72 1047
72 1048
72 1049
73 1050
73 1051
73 1052
73 1053
73 1054
73 1055
73 1056
73 1057
73 1058
73 1059
74 1060
74 1061
74 1062
74 1063
74 1064
74 1065
74 1066
74 1067
74 1068
74 1069
75 1070
75 1071
75 1072
75 1073
75 1074
75 1075
75 1076
75 1077
75 1078
75 1079
76 1080
76 1081
76 1082
76 1083
76 1084
76 1085
76 1086
76 1087
76 1088
76 1089
77 1090
77 1091
77 1092
77 1093
77 1094
77 1095
77 1096
77 1097
77 1098
77 1099
78 1100
78 1101
78 1102
78 1103
78 1104
78 1105
78 1106
78 1107
78 1108
78 1109
79 1110
79 1111
79 1112
79 1113
79 1114
79 1115
79 1116
79 1117
79 1118
79 1119
80 1120
80 1121
80 1122
80 1123
80 1124
80 1125
80 1126
80 1127
80 1128
80 1129
81 1130
81 1131
81 1132
81 1133
81 1134
81 1135
81 1136
81 1137
81 1138
81 1139
82 1140
82 1141
82 1142
82 1143
82 1144
82 1145
82 1146
82 1147
82 1148
82 1149
83 1150
83 1151
83 1152
83 1153
83 1154
83 1155
83 1156
83 1157
83 1158
83 1159
84 1160
84 1161
84 1162
84 1163
84 1164
84 1165
84 1166
84 1167
84 1168
84 1169
85 1170
85 1171
85 1172
85 1173
85 1174
85 1175
85 1176
85 1177
85 1178
85 1179
86 1180
86 1181
86 1182
86 1183
86 1184
86 1185
86 1186
86 1187
86 1188
86 1189
87 1190
87 1191
87 1192
87 1193
87 1194
87 1195
87 1196
87 1197
87 1198
87 1199
88 1200
88 1201
88 1202
88 1203
88 1204
88 1205
88 1206
88 1207
88 1208
88 1209
89 1210
89 1211
89 1212
89 1213
89 1214
89 1215
89 1216
89 1217
89 1218
89 1219
90 1220
90 1221
90 1222
90 1223
90 1224
90 1225
90 1226
90 1227
90 1228
90 1229
91 1230
91 1231
91 1232
91 1233
91 1234
91 1235
91 1236
91 1237
91 1238
91 1239
92 1240
92 1241
92 1242
92 1243
92 1244
92 1245
92 1246
92 1247
92 1248
92 1249
93 1250
93 1251
93 1252
93 1253
93 1254
93 1255
93 1256
93 1257
93 1258
93 1259
94 1260
94 1261
94 1262
94 1263
94 1264
94 1265
94 1266
94 1267
94 1268
94 1269
95 1270
95 1271
95 1272
95 1273
95 1274
95 1275
95 1276
95 1277
95 1278
95 1279
96 1280
96 1281
96 1282
96 1283
96 1284
96 1285
96 1286
96 1287
96 1288
96 1289
97 1290
97 1291
97 1292
97 1293
97 1294
97 1295
97 1296
97 1297
97 1298
97 1299
98 1300
98 1301
98 1302
98 1303
98 1304
98 1305
98 1306
98 1307
98 1308
98 1309
99 1310
99 1311
99 1312
99 1313
99 1314
99 1315
99 1316
99 1317
99 1318
99 1319
100 1320
100 1321
100 1322
100 1323
100 1324
100 1325
100 1326
100 1327
100 1328
100 1329
101 1330
101 1331
101 1332
101 1333
101 1334
101 1335
101 1336
101 1337
101 1338
101 1339
102 1340
102 1341
102 1342
102 1343
102 1344
102 1345
102 1346
102 1347
102 1348
102 1349
103 1350
103 1351
103 1352
103 1353
103 1354
103 1355
103 1356
103 1357
103 1358
103 1359
104 1360
104 1361
104 1362
104 1363
104 1364
104 1365
104 1366
104 1367
104 1368
104 1369
105 1370
105 1371
105 1372
105 1373
105 1374
105 1375
105 1376
105 1377
105 1378
105 1379
106 1380
106 1381
106 1382
106 1383
106 1384
106 1385
106 1386
106 1387
106 1388
106 1389
107 1390
107 1391
107 1392
107 1393
107 1394
107 1395
107 1396
107 1397
107 1398
107 1399
108 1400
108 1401
108 1402
108 1403
108 1404
108 1405
108 1406
108 1407
108 1408
108 1409
109 1410
109 1411
109 1412
109 1413
109 1414
109 1415
109 1416
109 1417
109 1418
109 1419
110 1420
110 1421
110 1422
110 1423
110 1424
110 1425
110 1426
110 1427
110 1428
110 1429
111 1430
111 1431
111 1432
111 1433
111 1434
111 1435
111 1436
111 1437
111 1438
111 1439
112 1440
112 1441
112 1442
112 1443
112 1444
112 1445
112 1446
112 1447
112 1448
112 1449
113 1450
113 1451
113 1452
113 1453
113 1454
113 1455
113 1456
113 1457
113 1458
113 1459
114 1460
114 1461
114 1462
114 1463
114 1464
114 1465
114 1466
114 1467
114 1468
114 1469
115 1470
115 1471
115 1472
115 1473
115 1474
115 1475
115 1476
115 1477
115 1478
115 1479
116 1480
116 1481
116 1482
116 1483
116 1484
116 1485
116 1486
116 1487
116 1488
116 1489
117 1490
117 1491
117 1492
117 1493
117 1494
117 1495
117 1496
117 1497
117 1498
117 1499
118 1500
118 1501
118 1502
118 1503
118 1504
118 1505
118 1506
118 1507
118 1508
118 1509
119 1510
119 1511
119 1512
119 1513
119 1514
119 1515
119 1516
119 1517
119 1518
119 1519
120 1520
120 1521
120 1522
120 1523
120 1524
120 1525
120 1526
120 1527
120 1528
120 1529
121 1530
121 1531
121 1532
121 1533
121 1534
121 1535
121 1536
121 1537
121 1538
121 1539
122 1540
122 1541
122 1542
122 1543
122 1544
122 1545
122 1546
122 1547
122 1548
122 1549
123 1550
123 1551
123 1552
123 1553
123 1554
123 1555
123 1556
123 1557
123 1558
123 1559
124 1560
124 1561
124 1562
124 1563
124 1564
124 1565
124 1566
124 1567
124 1568
124 1569
125 1570
125 1571
125 1572
125 1573
125 1574
125 1575
125 1576
125 1577
125 1578
125 1579
126 1580
126 1581
126 1582
126 1583
126 1584
126 1585
126 1586
126 1587
126 1588
126 1589
127 1590
127 1591
127 1592
127 1593
127 1594
127 1595
127 1596
127 1597
127 1598
127 1599
128 1600
128 1601
128 1602
128 1603
128 1604
128 1605
128 1606
128 1607
128 1608
128 1609
129 1610
129 1611
129 1612
129 1613
129 1614
129 1615
129 1616
129 1617
129 1618
129 1619
130 1620
130 1621
130 1622
130 1623
130 1624
130 1625
130 1626
130 1627
130 1628
130 1629
131 1630
131 1631
131 1632
131 1633
131 1634
131 1635
131 1636
131 1637
131 1638
131 1639
132 1640
132 1641
132 1642
132 1643
132 1644
132 1645
132 1646
132 1647
132 1648
132 1649
133 1650
133 1651
133 1652
133 1653
133 1654
133 1655
133 1656
133 1657
133 1658
133 1659
134 1660
134 1661
134 1662
134 1663
134 1664
134 1665
134 1666
134 1667
134 1668
134 1669
135 1670
135 1671
135 1672
135 1673
135 1674
135 1675
135 1676
135 1677
135 1678
135 1679
136 1680
136 1681
136 1682
136 1683
136 1684
136 1685
136 1686
136 1687
136 1688
136 1689
137 1690
137 1691
137 1692
137 1693
137 1694
137 1695
137 1696
137 1697
137 1698
137 1699
138 1700
138 1701
138 1702
138 1703
138 1704
138 1705
138 1706
138 1707
138 1708
138 1709
139 1710
139 1711
139 1712
139 1713
139 1714
139 1715
139 1716
139 1717
139 1718
139 1719
140 1720
140 1721
140 1722
140 1723
140 1724
140 1725
140 1726
140 1727
140 1728
140 1729
141 1730
141 1731
141 1732
141 1733
141 1734
141 1735
141 1736
141 1737
141 1738
141 1739
142 1740
142 1741
142 1742
142 1743
142 1744
142 1745
142 1746
142 1747
142 1748
142 1749
143 1750
143 1751
143 1752
143 1753
143 1754
143 1755
143 1756
143 1757
143 1758
143 1759
144 1760
144 1761
144 1762
144 1763
144 1764
144 1765
144 1766
144 1767
144 1768
144 1769
145 1770
145 1771
145 1772
145 1773
145 1774
145 1775
145 1776
145 1777
145 1778
145 1779
146 1780
146 1781
146 1782
146 1783
146 1784
146 1785
146 1786
146 1787
146 1788
146 1789
147 1790
147 1791
147 1792
147 1793
147 1794
147 1795
147 1796
147 1797
147 1798
147 1799
148 1800
148 1801
148 1802
148 1803
148 1804
148 1805
148 1806
148 1807
148 1808
148 1809
149 1810
149 1811
149 1812
149 1813
149 1814
149 1815
149 1816
149 1817
149 1818
149 1819
150 1820
150 1821
150 1822
150 1823
150 1824
150 1825
150 1826
150 1827
150 1828
150 1829
151 1830
151 1831
151 1832
151 1833
151 1834
151 1835
151 1836
151 1837
151 1838
151 1839
152 1840
152 1841
152 1842
152 1843
152 1844
152 1845
152 1846
152 1847
152 1848
152 1849
153 1850
153 1851
153 1852
153 1853
153 1854
153 1855
153 1856
153 1857
153 1858
153 1859
154 1860
154 1861
154 1862
154 1863
154 1864
154 1865
154 1866
154 1867
154 1868
154 1869
155 1870
155 1871
155 1872
155 1873
155 1874
155 1875
155 1876
155 1877
155 1878
155 1879
156 1880
156 1881
156 1882
156 1883
156 1884
156 1885
156 1886
156 1887
156 1888
156 1889
157 1890
157 1891
157 1892
157 1893
157 1894
157 1895
157 1896
157 1897
157 1898
157 1899
158 1900
158 1901
158 1902
158 1903
158 1904
158 1905
158 1906
158 1907
158 1908
158 1909
159 1910
159 1911
159 1912
159 1913
159 1914
159 1915
159 1916
159 1917
159 1918
159 1919
160 1920
160 1921
160 1922
160 1923
160 1924
160 1925
160 1926
160 1927
160 1928
160 1929
161 1930
161 1931
161 1932
161 1933
161 1934
161 1935
161 1936
161 1937
161 1938
161 1939
162 1940
162 1941
162 1942
162 1943
162 1944
162 1945
162 1946
162 1947
162 1948
162 1949
163 1950
163 1951
163 1952
163 1953
163 1954
163 1955
163 1956
163 1957
163 1958
163 1959
164 1960
164 1961
164 1962
164 1963
164 1964
164 1965
164 1966
164 1967
164 1968
164 1969
165 1970
165 1971
165 1972
165 1973
165 1974
165 1975
165 1976
165 1977
165 1978
165 1979
166 1980
166 1981
166 1982
166 1983
166 1984
166 1985
166 1986
166 1987
166 1988
166 1989
167 1990
167 1991
167 1992
167 1993
167 1994
167 1995
167 1996
167 1997
167 1998
167 1999
168 2000
168 2001
168 2002
168 2003
168 2004
168 2005
168 2006
168 2007
168 2008
168 2009
169 2010
169 2011
169 2012
169 2013
169 2014
169 2015
169 2016
169 2017
169 2018
169 2019
170 2020
170 2021
170 2022
170 2023
170 2024
170 2025
170 2026
170 2027
170 2028
170 2029
171 2030
171 2031
171 2032
171 2033
171 2034
171 2035
171 2036
171 2037
171 2038
171 2039
172 2040
172 2041
172 2042
172 2043
172 2044
172 2045
172 2046
172 2047
172 2048
172 2049
173 2050
173 2051
173 2052
173 2053
173 2054
173 2055
173 2056
173 2057
173 2058
173 2059
174 2060
174 2061
174 2062
174 2063
174 2064
174 2065
174 2066
174 2067
174 2068
174 2069
175 2070
175 2071
175 2072
175 2073
175 2074
175 2075
175 2076
175 2077
175 2078
175 2079
176 2080
176 2081
176 2082
176 2083
176 2084
176 2085
176 2086
176 2087
176 2088
176 2089
177 2090
177 2091
177 2092
177 2093
177 2094
177 2095
177 2096
177 2097
177 2098
177 2099
178 2100
178 2101
178 2102
178 2103
178 2104
178 2105
178 2106
178 2107
178 2108
178 2109
179 2110
179 2111
179 2112
179 2113
179 2114
179 2115
179 2116
179 2117
179 2118
179 2119
180 2120
180 2121
180 2122
180 2123
180 2124
180 2125
180 2126
180 2127
180 2128
180 2129
181 2130
181 2131
181 2132
181 2133
181 2134
181 2135
181 2136
181 2137
181 2138
181 2139
182 2140
182 2141
182 2142
182 2143
182 2144
182 2145
182 2146
182 2147
182 2148
182 2149
183 2150
183 2151
183 2152
183 2153
183 2154
183 2155
183 2156
183 2157
183 2158
183 2159
184 2160
184 2161
184 2162
184 2163
184 2164
184 2165
184 2166
184 2167
184 2168
184 2169
185 2170
185 2171
185 2172
185 2173
185 2174
185 2175
185 2176
185 2177
185 2178
185 2179
186 2180
186 2181
186 2182
186 2183
186 2184
186 2185
186 2186
186 2187
186 2188
186 2189
187 2190
187 2191
187 2192
187 2193
187 2194
187 2195
187 2196
187 2197
187 2198
187 2199
188 2200
188 2201
188 2202
188 2203
188 2204
188 2205
188 2206
188 2207
188 2208
188 2209
189 2210
189 2211
189 2212
189 2213
189 2214
189 2215
189 2216
189 2217
189 2218
189 2219
190 2220
190 2221
190 2222
190 2223
190 2224
190 2225
190 2226
190 2227
190 2228
190 2229
191 2230
191 2231
191 2232
191 2233
191 2234
191 2235
191 2236
191 2237
191 2238
191 2239
192 2240
192 2241
192 2242
192 2243
192 2244
192 2245
192 2246
192 2247
192 2248
192 2249
193 2250
193 2251
193 2252
193 2253
193 2254
193 2255
193 2256
193 2257
193 2258
193 2259
194 2260
194 2261
194 2262
194 2263
194 2264
194 2265
194 2266
194 2267
194 2268
194 2269
195 2270
195 2271
195 2272
195 2273
195 2274
195 2275
195 2276
195 2277
195 2278
195 2279
196 2280
196 2281
196 2282
196 2283
196 2284
196 2285
196 2286
196 2287
196 2288
196 2289
197 2290
197 2291
197 2292
197 2293
197 2294
197 2295
197 2296
197 2297
197 2298
197 2299
198 2300
198 2301
198 2302
198 2303
198 2304
198 2305
198 2306
198 2307
198 2308
198 2309
199 2310
199 2311
199 2312
199 2313
199 2314
199 2315
199 2316
199 2317
199 2318
199 2319
200 2320
200 2321
200 2322
200 2323
200 2324
200 2325
200 2326
200 2327
200 2328
200 2329
201 2330
201 2331
201 2332
201 2333
201 2334
201 2335
201 2336
201 2337
201 2338
201 2339
202 2340
202 2341
202 2342
202 2343
202 2344
202 2345
202 2346
202 2347
202 2348
202 2349
203 2350
203 2351
203 2352
203 2353
203 2354
203 2355
203 2356
203 2357
203 2358
203 2359
204 2360
204 2361
204 2362
204 2363
204 2364
204 2365
204 2366
204 2367
204 2368
204 2369
205 2370
205 2371
205 2372
205 2373
205 2374
205 2375
205 2376
205 2377
205 2378
205 2379
206 2380
206 2381
206 2382
206 2383
206 2384
206 2385
206 2386
206 2387
206 2388
206 2389
207 2390
207 2391
207 2392
207 2393
207 2394
207 2395
207 2396
207 2397
207 2398
207 2399
208 2400
208 2401
208 2402
208 2403
208 2404
208 2405
208 2406
208 2407
208 2408
208 2409
209 2410
209 2411
209 2412
209 2413
209 2414
209 2415
209 2416
209 2417
209 2418
209 2419
210 2420
210 2421
210 2422
210 2423
210 2424
210 2425
210 2426
210 2427
210 2428
210 2429
211 2430
211 2431
211 2432
211 2433
211 2434
211 2435
211 2436
211 2437
211 2438
211 2439
212 2440
212 2441
212 2442
212 2443
212 2444
212 2445
212 2446
212 2447
212 2448
212 2449
213 2450
213 2451
213 2452
213 2453
213 2454
213 2455
213 2456
213 2457
213 2458
213 2459
214 2460
214 2461
214 2462
214 2463
214 2464
214 2465
214 2466
214 2467
214 2468
214 2469
215 2470
215 2471
215 2472
215 2473
215 2474
215 2475
215 2476
215 2477
215 2478
215 2479
216 2480
216 2481
216 2482
216 2483
216 2484
216 2485
216 2486
216 2487
216 2488
216 2489
217 2490
217 2491
217 2492
217 2493
217 2494
217 2495
217 2496
217 2497
217 2498
217 2499
218 2500
218 2501
218 2502
218 2503
218 2504
218 2505
218 2506
218 2507
218 2508
218 2509
219 2510
219 2511
219 2512
219 2513
219 2514
219 2515
219 2516
219 2517
219 2518
219 2519
220 2520
220 2521
220 2522
220 2523
220 2524
220 2525
220 2526
220 2527
220 2528
220 2529
221 2530
221 2531
221 2532
221 2533
221 2534
221 2535
221 2536
221 2537
221 2538
221 2539
222 2540
222 2541
222 2542
222 2543
222 2544
222 2545
222 2546
222 2547
222 2548
222 2549
223 2550
223 2551
223 2552
223 2553
223 2554
223 2555
223 2556
223 2557
223 2558
223 2559
224 2560
224 2561
224 2562
224 2563
224 2564
224 2565
224 2566
224 2567
224 2568
224 2569
225 2570
225 2571
225 2572
225 2573
225 2574
225 2575
225 2576
225 2577
225 2578
225 2579
226 2580
226 2581
226 2582
226 2583
226 2584
226 2585
226 2586
226 2587
226 2588
226 2589
227 2590
227 2591
227 2592
227 2593
227 2594
227 2595
227 2596
227 2597
227 2598
227 2599
228 2600
228 2601
228 2602
228 2603
228 2604
228 2605
228 2606
228 2607
228 2608
228 2609
229 2610
229 2611
229 2612
229 2613
229 2614
229 2615
229 2616
229 2617
229 2618
229 2619
230 2620
230 2621
230 2622
230 2623
230 2624
230 2625
230 2626
230 2627
230 2628
230 2629
231 2630
231 2631
231 2632
231 2633
231 2634
231 2635
231 2636
231 2637
231 2638
231 2639
232 2640
232 2641
232 2642
232 2643
232 2644
232 2645
232 2646
232 2647
232 2648
232 2649
233 2650
233 2651
233 2652
233 2653
233 2654
233 2655
233 2656
233 2657
233 2658
233 2659
234 2660
234 2661
234 2662
234 2663
234 2664
234 2665
234 2666
234 2667
234 2668
234 2669
235 2670
235 2671
235 2672
235 2673
235 2674
235 2675
235 2676
235 2677
235 2678
235 2679
236 2680
236 2681
236 2682
236 2683
236 2684
236 2685
236 2686
236 2687
236 2688
236 2689
237 2690
237 2691
237 2692
237 2693
237 2694
237 2695
237 2696
237 2697
237 2698
237 2699
238 2700
238 2701
238 2702
238 2703
238 2704
238 2705
238 2706
238 2707
238 2708
238 2709
239 2710
239 2711
239 2712
239 2713
239 2714
239 2715
239 2716
239 2717
239 2718
239 2719
240 2720
240 2721
240 2722
240 2723
240 2724
240 2725
240 2726
240 2727
240 2728
240 2729
241 2730
241 2731
241 2732
241 2733
241 2734
241 2735
241 2736
241 2737
241 2738
241 2739
242 2740
242 2741
242 2742
242 2743
242 2744
242 2745
242 2746
242 2747
242 2748
242 2749
243 2750
243 2751
243 2752
243 2753
243 2754
243 2755
243 2756
243 2757
243 2758
243 2759
244 2760
244 2761
244 2762
244 2763
244 2764
244 2765
244 2766
244 2767
244 2768
244 2769
245 2770
245 2771
245 2772
245 2773
245 2774
245 2775
245 2776
245 2777
245 2778
245 2779
246 2780
246 2781
246 2782
246 2783
246 2784
246 2785
246 2786
246 2787
246 2788
246 2789
247 2790
247 2791
247 2792
247 2793
247 2794
247 2795
247 2796
247 2797
247 2798
247 2799
248 2800
248 2801
248 2802
248 2803
248 2804
248 2805
248 2806
248 2807
248 2808
248 2809
249 2810
249 2811
249 2812
249 2813
249 2814
249 2815
249 2816
249 2817
249 2818
249 2819
250 2820
250 2821
250 2822
250 2823
250 2824
250 2825
250 2826
250 2827
250 2828
250 2829
251 2830
251 2831
251 2832
251 2833
251 2834
251 2835
251 2836
251 2837
251 2838
251 2839
252 2840
252 2841
252 2842
252 2843
252 2844
252 2845
252 2846
252 2847
252 2848
252 2849
253 2850
253 2851
253 2852
253 2853
253 2854
253 2855
253 2856
253 2857
253 2858
253 2859
254 2860
254 2861
254 2862
254 2863
254 2864
254 2865
254 2866
254 2867
254 2868
254 2869
255 2870
255 2871
255 2872
255 2873
255 2874
255 2875
255 2876
255 2877
255 2878
255 2879
256 2880
256 2881
256 2882
256 2883
256 2884
256 2885
256 2886
256 2887
256 2888
256 2889
257 2890
257 2891
257 2892
257 2893
257 2894
257 2895
257 2896
257 2897
257 2898
257 2899
258 2900
258 2901
258 2902
258 2903
258 2904
258 2905
258 2906
258 2907
258 2908
258 2909
259 2910
259 2911
259 2912
259 2913
259 2914
259 2915
259 2916
259 2917
259 2918
259 2919
260 2920
260 2921
260 2922
260 2923
260 2924
260 2925
260 2926
260 2927
260 2928
260 2929
261 2930
261 2931
261 2932
261 2933
261 2934
261 2935
261 2936
261 2937
261 2938
261 2939
262 2940
262 2941
262 2942
262 2943
262 2944
262 2945
262 2946
262 2947
262 2948
262 2949
263 2950
263 2951
263 2952
263 2953
263 2954
263 2955
263 2956
263 2957
263 2958
263 2959
264 2960
264 2961
264 2962
264 2963
264 2964
264 2965
264 2966
264 2967
264 2968
264 2969
265 2970
265 2971
265 2972
265 2973
265 2974
265 2975
265 2976
265 2977
265 2978
265 2979
266 2980
266 2981
266 2982
266 2983
266 2984
266 2985
266 2986
266 2987
266 2988
266 2989
267 2990
267 2991
267 2992
267 2993
267 2994
267 2995
267 2996
267 2997
267 2998
267 2999
268 3000
268 3001
268 3002
268 3003
268 3004
268 3005
268 3006
268 3007
268 3008
268 3009
269 3010
269 3011
269 3012
269 3013
269 3014
269 3015
269 3016
269 3017
269 3018
269 3019
270 3020
270 3021
270 3022
270 3023
270 3024
270 3025
270 3026
270 3027
270 3028
270 3029
271 3030
271 3031
271 3032
271 3033
271 3034
271 3035
271 3036
271 3037
271 3038
271 3039
272 3040
272 3041
272 3042
272 3043
272 3044
272 3045
272 3046
272 3047
272 3048
272 3049
273 3050
273 3051
273 3052
273 3053
273 3054
273 3055
273 3056
273 3057
273 3058
273 3059
274 3060
274 3061
274 3062
274 3063
274 3064
274 3065
274 3066
274 3067
274 3068
274 3069
275 3070
275 3071
275 3072
275 3073
275 3074
275 3075
275 3076
275 3077
275 3078
275 3079
276 3080
276 3081
276 3082
276 3083
276 3084
276 3085
276 3086
276 3087
276 3088
276 3089
277 3090
277 3091
277 3092
277 3093
277 3094
277 3095
277 3096
277 3097
277 3098
277 3099
278 3100
278 3101
278 3102
278 3103
278 3104
278 3105
278 3106
278 3107
278 3108
278 3109
279 3110
279 3111
279 3112
279 3113
279 3114
279 3115
279 3116
279 3117
279 3118
279 3119
280 3120
280 3121
280 3122
280 3123
280 3124
280 3125
280 3126
280 3127
280 3128
280 3129
281 3130
281 3131
281 3132
281 3133
281 3134
281 3135
281 3136
281 3137
281 3138
281 3139
282 3140
282 3141
282 3142
282 3143
282 3144
282 3145
282 3146
282 3147
282 3148
282 3149
283 3150
283 3151
283 3152
283 3153
283 3154
283 3155
283 3156
283 3157
283 3158
283 3159
284 3160
284 3161
284 3162
284 3163
284 3164
284 3165
284 3166
284 3167
284 3168
284 3169
285 3170
285 3171
285 3172
285 3173
285 3174
285 3175
285 3176
285 3177
285 3178
285 3179
286 3180
286 3181
286 3182
286 3183
286 3184
286 3185
286 3186
286 3187
286 3188
286 3189
287 3190
287 3191
287 3192
287 3193
287 3194
287 3195
287 3196
287 3197
287 3198
287 3199
288 3200
288 3201
288 3202
288 3203
288 3204
288 3205
288 3206
288 3207
288 3208
288 3209
289 3210
289 3211
289 3212
289 3213
289 3214
289 3215
289 3216
289 3217
289 3218
289 3219
290 3220
290 3221
290 3222
290 3223
290 3224
290 3225
290 3226
290 3227
290 3228
290 3229
291 3230
291 3231
291 3232
291 3233
291 3234
291 3235
291 3236
291 3237
291 3238
291 3239
292 3240
292 3241
292 3242
292 3243
292 3244
292 3245
292 3246
292 3247
292 3248
292 3249
293 3250
293 3251
293 3252
293 3253
293 3254
293 3255
293 3256
293 3257
293 3258
293 3259
294 3260
294 3261
294 3262
294 3263
294 3264
294 3265
294 3266
294 3267
294 3268
294 3269
295 3270
295 3271
295 3272
295 3273
295 3274
295 3275
295 3276
295 3277
295 3278
295 3279
296 3280
296 3281
296 3282
296 3283
296 3284
296 3285
296 3286
296 3287
296 3288
296 3289
297 3290
297 3291
297 3292
297 3293
297 3294
297 3295
297 3296
297 3297
297 3298
297 3299
298 3300
298 3301
298 3302
298 3303
298 3304
298 3305
298 3306
298 3307
298 3308
298 3309
299 3310
299 3311
299 3312
299 3313
299 3314
299 3315
299 3316
299 3317
299 3318
299 3319
300 3320
300 3321
300 3322
300 3323
300 3324
300 3325
300 3326
300 3327
300 3328
300 3329
301 3330
301 3331
301 3332
301 3333
301 3334
301 3335
301 3336
301 3337
301 3338
301 3339
302 3340
302 3341
302 3342
302 3343
302 3344
302 3345
302 3346
302 3347
302 3348
302 3349
303 3350
303 3351
303 3352
303 3353
303 3354
303 3355
303 3356
303 3357
303 3358
303 3359
304 3360
304 3361
304 3362
304 3363
304 3364
304 3365
304 3366
304 3367
304 3368
304 3369
305 3370
305 3371
305 3372
305 3373
305 3374
305 3375
305 3376
305 3377
305 3378
305 3379
306 3380
306 3381
306 3382
306 3383
306 3384
306 3385
306 3386
306 3387
306 3388
306 3389
307 3390
307 3391
307 3392
307 3393
307 3394
307 3395
307 3396
307 3397
307 3398
307 3399
308 3400
308 3401
308 3402
308 3403
308 3404
308 3405
308 3406
308 3407
308 3408
308 3409
309 3410
309 3411
309 3412
309 3413
309 3414
309 3415
309 3416
309 3417
309 3418
309 3419
310 3420
310 3421
310 3422
310 3423
310 3424
310 3425
310 3426
310 3427
310 3428
310 3429
311 3430
311 3431
311 3432
311 3433
311 3434
311 3435
311 3436
311 3437
311 3438
311 3439
312 3440
312 3441
312 3442
312 3443
312 3444
312 3445
312 3446
312 3447
312 3448
312 3449
313 3450
313 3451
313 3452
313 3453
313 3454
313 3455
313 3456
313 3457
313 3458
313 3459
314 3460
314 3461
314 3462
314 3463
314 3464
314 3465
314 3466
314 3467
314 3468
314 3469
315 3470
315 3471
315 3472
315 3473
315 3474
315 3475
315 3476
315 3477
315 3478
315 3479
316 3480
316 3481
316 3482
316 3483
316 3484
316 3485
316 3486
316 3487
316 3488
316 3489
317 3490
317 3491
317 3492
317 3493
317 3494
317 3495
317 3496
317 3497
317 3498
317 3499
318 3500
318 3501
318 3502
318 3503
318 3504
318 3505
318 3506
318 3507
318 3508
318 3509
319 3510
319 3511
319 3512
319 3513
319 3514
319 3515
319 3516
319 3517
319 3518
319 3519
