0 128
0 192
0 221
0 187
0 215
0 40
0 75
0 92
0 125
0 157
1 229
1 241
1 226
1 227
1 21
1 169
1 152
1 153
1 202
1 101
2 32
2 65
2 115
2 164
2 54
2 39
2 8
2 185
2 234
2 47
3 241
3 4
3 198
3 231
3 105
3 122
3 71
3 204
3 109
3 111
4 208
4 16
4 210
4 147
4 244
4 183
4 55
4 171
4 237
5 184
5 82
5 163
5 121
5 8
5 233
5 90
5 235
5 204
5 194
6 129
6 130
6 97
6 212
6 118
6 71
6 41
6 231
6 13
6 181
7 208
7 161
7 18
7 19
7 118
7 103
7 72
7 170
7 140
7 141
8 81
8 115
8 56
8 216
8 73
8 202
8 219
8 236
9 240
9 176
9 164
9 102
9 33
9 184
9 58
9 187
9 29
9 45
10 216
10 179
10 164
10 113
10 54
10 193
10 168
10 76
10 206
10 165
11 32
11 240
11 227
11 116
11 229
11 55
11 203
11 60
11 167
11 14
12 66
12 35
12 228
12 165
12 104
12 106
12 155
12 156
12 206
12 79
13 192
13 225
13 240
13 20
13 230
13 65
13 234
13 108
13 93
14 128
14 192
14 85
14 151
14 153
14 202
14 44
14 122
14 94
15 34
15 235
15 148
15 214
15 104
15 203
15 220
15 173
15 238
15 31
16 66
16 84
16 54
16 230
16 119
16 40
16 91
16 92
16 194
17 82
17 115
17 187
17 54
17 183
17 218
17 215
17 188
17 30
17 181
18 227
18 37
18 198
18 231
18 24
18 106
18 126
18 46
18 85
19 163
19 243
19 119
19 104
19 73
19 138
19 27
19 221
19 110
20 112
20 56
20 34
20 50
20 114
20 23
20 218
20 138
20 55
21 140
21 69
21 136
21 89
21 186
21 31
21 44
21 101
21 159
22 129
22 163
22 196
22 169
22 243
22 185
22 58
22 155
22 93
22 62
23 243
23 238
23 198
23 151
23 136
23 89
23 217
23 220
23 94
24 176
24 144
24 66
24 194
24 185
24 59
24 29
24 94
24 63
25 80
25 113
25 242
25 212
25 126
25 166
25 161
25 58
25 190
25 143
26 240
26 241
26 68
26 122
26 52
26 218
26 124
26 237
26 174
26 95
27 192
27 162
27 85
27 227
27 234
27 37
27 221
27 110
27 223
28 33
28 50
28 36
28 98
28 214
28 153
28 139
28 108
28 146
28 116
29 144
29 81
29 83
29 203
29 167
29 139
29 236
29 61
30 146
30 84
30 166
30 225
30 164
30 218
30 132
30 204
30 207
31 33
31 210
31 115
31 85
31 67
31 90
31 114
31 222
32 224
32 107
32 162
32 35
32 86
32 56
32 168
32 140
33 224
33 86
33 38
33 56
33 170
33 91
33 138
34 226
34 122
34 38
34 103
34 234
34 223
34 50
34 62
35 224
35 54
35 169
35 105
35 209
35 205
35 174
35 73
36 144
36 145
36 118
36 184
36 201
36 152
36 127
36 42
36 79
37 195
37 116
37 179
37 154
37 172
37 109
37 78
37 191
38 48
38 180
38 117
38 80
38 185
38 171
38 141
38 184
39 243
39 85
39 102
39 188
39 125
39 156
39 77
39 78
39 95
40 192
40 244
40 72
40 120
40 218
40 237
40 64
40 157
41 75
41 163
41 139
41 179
41 216
41 106
41 91
41 142
41 174
42 96
42 48
42 146
42 53
42 200
42 148
42 58
42 187
42 170
43 50
43 175
43 155
43 183
43 205
43 67
43 171
43 45
43 207
43 77
44 48
44 49
44 178
44 65
44 96
44 105
44 90
44 203
45 241
45 182
45 139
45 197
45 189
45 188
45 101
45 85
46 97
46 130
46 69
46 218
46 73
46 58
46 188
46 173
46 111
47 177
47 131
47 84
47 53
47 134
47 218
47 123
47 122
47 238
48 224
48 178
48 243
48 181
48 183
48 146
48 158
49 217
49 196
49 70
49 167
49 200
49 137
49 90
49 107
49 153
50 241
50 51
50 209
50 122
50 94
50 223
51 58
51 217
51 84
51 135
51 232
51 57
51 186
51 189
51 205
52 128
52 160
52 130
52 165
52 166
52 71
52 210
52 141
52 197
53 224
53 86
53 87
53 187
53 140
53 154
53 158
53 61
54 97
54 65
54 119
54 151
54 222
55 225
55 178
55 163
55 66
55 198
55 156
55 146
56 241
56 210
56 86
56 215
56 90
56 118
57 208
57 113
57 196
57 197
57 195
57 167
57 136
57 84
57 154
58 199
58 186
58 59
58 109
59 165
59 163
59 212
59 133
59 230
59 199
59 91
59 191
60 242
60 163
60 244
60 230
60 121
60 74
60 203
60 188
60 238
61 145
61 161
61 127
61 217
61 187
61 124
61 158
61 141
62 243
62 70
62 215
62 136
62 163
62 109
62 82
62 197
63 209
63 242
63 180
63 134
63 241
63 152
63 89
63 106
63 82
64 224
64 80
64 194
64 228
64 117
64 199
64 184
64 200
64 141
65 177
65 66
65 228
65 236
65 132
65 220
66 120
66 244
66 92
66 222
66 95
67 241
67 195
67 132
67 230
67 71
67 74
67 187
67 135
68 112
68 152
68 82
68 198
68 184
68 80
68 123
68 77
68 206
69 71
69 166
69 150
69 135
69 136
69 202
69 206
69 159
70 178
70 147
70 120
70 123
70 108
70 141
70 126
70 143
71 244
71 197
71 183
71 227
71 173
72 96
72 232
72 147
72 195
72 202
72 168
72 156
72 126
73 210
73 236
73 194
73 156
73 220
73 189
74 213
74 147
74 101
74 211
74 124
74 156
74 237
74 78
75 96
75 179
75 163
75 232
75 128
75 219
75 159
75 175
76 176
76 80
76 83
76 196
76 211
76 184
76 139
76 237
76 143
77 81
77 98
77 111
77 154
77 108
77 141
77 223
78 240
78 146
78 84
78 182
78 216
78 205
78 206
79 160
79 81
79 227
79 243
79 89
79 119
79 172
79 206
80 128
80 192
80 180
80 186
80 235
81 98
81 212
81 149
81 126
81 164
81 159
82 210
82 244
82 142
82 143
82 173
83 110
83 115
83 133
83 105
83 217
83 199
83 125
83 238
84 113
84 242
84 105
84 188
85 160
85 167
85 216
85 170
86 232
86 157
86 152
86 239
86 108
86 205
87 149
87 136
87 131
87 215
87 104
87 154
87 124
87 142
87 95
88 131
88 164
88 182
88 134
88 137
88 104
88 185
88 103
88 157
88 174
89 144
89 240
89 195
89 229
89 230
89 95
90 96
90 197
90 104
90 122
90 140
91 208
91 217
91 214
91 169
91 218
91 144
92 176
92 211
92 228
92 200
92 201
92 222
92 175
93 160
93 192
93 228
93 168
93 234
93 159
93 190
93 127
94 133
94 184
94 227
94 229
94 199
94 143
95 123
95 136
95 220
95 109
95 142
96 128
96 179
96 212
96 102
96 164
97 225
97 237
97 229
97 142
97 174
97 190
97 182
98 146
98 200
98 156
98 207
98 140
98 110
98 127
99 208
99 144
99 147
99 190
99 167
99 152
99 185
99 220
99 222
99 207
100 176
100 193
100 148
100 131
100 196
100 181
100 161
100 121
100 202
100 157
101 209
101 213
101 198
101 215
101 217
101 170
102 164
102 213
102 135
102 212
102 140
102 110
102 165
103 224
103 161
103 116
103 233
103 187
103 108
103 127
104 226
104 115
104 141
104 110
105 115
105 134
105 199
105 143
105 207
106 210
106 117
106 162
106 213
106 178
106 205
107 193
107 212
107 142
107 206
107 170
107 166
107 174
107 111
108 184
108 202
108 159
108 190
109 228
109 182
109 217
109 186
109 134
110 172
110 200
110 136
110 216
111 194
111 149
111 199
111 137
111 154
111 156
112 240
112 145
112 194
112 179
112 151
112 138
112 158
112 191
113 128
113 194
113 214
113 118
113 200
113 223
114 192
114 225
114 211
114 230
114 134
114 152
114 171
114 191
115 152
115 216
115 242
116 208
116 168
116 121
116 138
116 239
116 127
117 147
117 132
117 153
117 207
117 202
117 206
117 159
118 214
118 171
118 236
118 221
118 175
119 162
119 195
119 120
119 188
119 166
119 159
120 209
120 164
120 229
120 138
120 242
120 174
121 145
121 165
121 202
121 187
121 236
121 158
122 198
122 152
122 203
123 193
123 134
123 150
123 215
123 152
123 138
124 132
124 181
124 153
124 235
124 173
124 175
125 200
125 178
125 181
125 130
125 232
125 240
125 221
126 209
126 162
126 227
126 201
126 129
127 150
127 135
127 217
127 190
128 241
128 160
128 133
129 224
129 242
129 227
129 239
129 172
129 211
129 195
130 145
130 229
130 167
130 153
130 173
130 223
131 203
131 212
131 233
131 137
131 187
131 239
132 145
132 244
132 232
132 201
132 239
133 242
133 155
133 233
133 202
133 236
133 157
134 179
134 204
134 158
135 168
135 226
135 151
135 137
135 213
136 219
136 169
137 208
137 148
137 213
137 203
137 191
138 211
138 180
138 221
139 193
139 194
139 158
139 140
139 235
140 153
140 204
141 161
141 201
142 229
142 183
142 204
142 242
143 201
143 186
143 235
143 154
144 212
144 165
144 183
144 168
145 204
145 168
145 234
145 156
146 209
146 198
146 219
147 180
147 231
147 220
147 173
148 225
148 228
148 177
148 235
148 159
148 169
149 208
149 225
149 226
149 219
149 172
149 238
149 239
150 198
150 177
150 219
150 214
150 231
150 217
150 191
151 178
151 219
151 212
151 185
151 236
153 161
153 174
154 181
154 215
154 223
155 244
155 181
155 195
155 235
155 171
155 237
156 228
157 225
157 226
157 193
157 231
158 160
158 186
158 221
159 189
160 176
160 230
160 216
160 166
161 241
161 218
161 222
162 224
162 213
162 232
162 204
162 239
163 171
164 238
165 194
165 169
165 238
166 199
166 188
166 191
167 226
167 201
167 205
168 214
168 169
169 193
169 203
170 197
170 233
170 201
170 172
171 193
171 204
171 189
172 176
172 195
172 214
172 189
173 237
173 183
173 191
174 211
174 190
175 177
175 182
175 232
175 233
175 223
176 178
176 183
176 189
177 243
177 190
177 207
177 180
177 238
178 179
178 238
179 231
179 216
180 195
180 214
180 234
180 221
181 210
181 243
182 224
182 201
182 220
182 223
183 221
184 211
185 200
185 211
185 239
186 193
186 215
186 233
188 209
188 205
189 196
189 197
189 215
190 244
190 207
191 216
191 237
192 213
192 230
193 232
196 233
196 232
196 219
196 239
197 226
197 214
198 225
199 208
199 229
200 236
201 208
203 213
204 211
205 235
205 239
206 244
206 222
207 220
207 222
209 219
209 223
210 226
210 236
213 219
218 231
220 228
221 234
222 233
222 237
225 231
226 227
228 231
229 230
233 240
234 242
234 235
240 243
0 245
0 246
0 247
0 248
1 249
1 250
1 251
1 252
2 253
2 254
2 255
2 256
3 257
3 258
3 259
3 260
4 261
4 262
4 263
4 264
5 265
5 266
5 267
5 268
6 269
6 270
6 271
6 272
7 273
7 274
7 275
7 276
8 277
8 278
8 279
8 280
9 281
9 282
9 283
9 284
10 285
10 286
10 287
10 288
11 289
11 290
11 291
11 292
12 293
12 294
12 295
12 296
13 297
13 298
13 299
13 300
14 301
14 302
14 303
14 304
15 305
15 306
15 307
15 308
16 309
16 310
16 311
16 312
17 313
17 314
17 315
17 316
18 317
18 318
18 319
18 320
19 321
19 322
19 323
19 324
20 325
20 326
20 327
20 328
21 329
21 330
21 331
21 332
22 333
22 334
22 335
22 336
23 337
23 338
23 339
23 340
24 341
24 342
24 343
24 344
25 345
25 346
25 347
25 348
26 349
26 350
26 351
26 352
27 353
27 354
27 355
27 356
28 357
28 358
28 359
28 360
29 361
29 362
29 363
29 364
30 365
30 366
30 367
30 368
31 369
31 370
31 371
31 372
32 373
32 374
32 375
32 376
33 377
33 378
33 379
33 380
34 381
34 382
34 383
34 384
35 385
35 386
35 387
35 388
36 389
36 390
36 391
36 392
37 393
37 394
37 395
37 396
38 397
38 398
38 399
38 400
39 401
39 402
39 403
39 404
40 405
40 406
40 407
40 408
41 409
41 410
41 411
41 412
42 413
42 414
42 415
42 416
43 417
43 418
43 419
43 420
44 421
44 422
44 423
44 424
45 425
45 426
45 427
45 428
46 429
46 430
46 431
46 432
47 433
47 434
47 435
47 436
48 437
48 438
48 439
48 440
49 441
49 442
49 443
49 444
50 445
50 446
50 447
50 448
51 449
51 450
51 451
51 452
52 453
52 454
52 455
52 456
53 457
53 458
53 459
53 460
54 461
54 462
54 463
54 464
55 465
55 466
55 467
55 468
56 469
56 470
56 471
56 472
57 473
57 474
57 475
57 476
58 477
58 478
58 479
58 480
59 481
59 482
59 483
59 484
60 485
60 486
60 487
60 488
61 489
61 490
61 491
61 492
62 493
62 494
62 495
62 496
63 497
63 498
63 499
63 500
64 501
64 502
64 503
64 504
65 505
65 506
65 507
65 508
66 509
66 510
66 511
66 512
67 513
67 514
67 515
67 516
68 517
68 518
68 519
68 520
69 521
69 522
69 523
69 524
70 525
70 526
70 527
70 528
71 529
71 530
71 531
71 532
72 533
72 534
72 535
72 536
73 537
73 538
73 539
73 540
74 541
74 542
74 543
74 544
75 545
75 546
75 547
75 548
76 549
76 550
76 551
76 552
77 553
77 554
77 555
77 556
78 557
78 558
78 559
78 560
79 561
79 562
79 563
79 564
80 565
80 566
80 567
80 568
81 569
81 570
81 571
81 572
82 573
82 574
82 575
82 576
83 577
83 578
83 579
83 580
84 581
84 582
84 583
84 584
85 585
85 586
85 587
85 588
86 589
86 590
86 591
86 592
87 593
87 594
87 595
87 596
88 597
88 598
88 599
88 600
89 601
89 602
89 603
89 604
90 605
90 606
90 607
90 608
91 609
91 610
91 611
91 612
92 613
92 614
92 615
92 616
93 617
93 618
93 619
93 620
94 621
94 622
94 623
94 624
95 625
95 626
95 627
95 628
96 629
96 630
96 631
96 632
97 633
97 634
97 635
97 636
98 637
98 638
98 639
98 640
99 641
99 642
99 643
99 644
100 645
100 646
100 647
100 648
101 649
101 650
101 651
101 652
102 653
102 654
102 655
102 656
103 657
103 658
103 659
103 660
104 661
104 662
104 663
104 664
105 665
105 666
105 667
105 668
106 669
106 670
106 671
106 672
107 673
107 674
107 675
107 676
108 677
108 678
108 679
108 680
109 681
109 682
109 683
109 684
110 685
110 686
110 687
110 688
111 689
111 690
111 691
111 692
112 693
112 694
112 695
112 696
113 697
113 698
113 699
113 700
114 701
114 702
114 703
114 704
115 705
115 706
115 707
115 708
116 709
116 710
116 711
116 712
117 713
117 714
117 715
117 716
118 717
118 718
118 719
118 720
119 721
119 722
119 723
119 724
120 725
120 726
120 727
120 728
121 729
121 730
121 731
121 732
122 733
122 734
122 735
122 736
123 737
123 738
123 739
123 740
124 741
124 742
124 743
124 744
125 745
125 746
125 747
125 748
126 749
126 750
126 751
126 752
127 753
127 754
127 755
127 756
128 757
128 758
128 759
128 760
129 761
129 762
129 763
129 764
130 765
130 766
130 767
130 768
131 769
131 770
131 771
131 772
132 773
132 774
132 775
132 776
133 777
133 778
133 779
133 780
134 781
134 782
134 783
134 784
135 785
135 786
135 787
135 788
136 789
136 790
136 791
136 792
137 793
137 794
137 795
137 796
138 797
138 798
138 799
138 800
139 801
139 802
139 803
139 804
140 805
140 806
140 807
140 808
141 809
141 810
141 811
141 812
142 813
142 814
142 815
142 816
143 817
143 818
143 819
143 820
144 821
144 822
144 823
144 824
145 825
145 826
145 827
145 828
146 829
146 830
146 831
146 832
147 833
147 834
147 835
147 836
148 837
148 838
148 839
148 840
149 841
149 842
149 843
149 844
150 845
150 846
150 847
150 848
151 849
151 850
151 851
151 852
152 853
152 854
152 855
152 856
153 857
153 858
153 859
153 860
154 861
154 862
154 863
154 864
155 865
155 866
155 867
155 868
156 869
156 870
156 871
156 872
157 873
157 874
157 875
157 876
158 877
158 878
158 879
158 880
159 881
159 882
159 883
159 884
160 885
160 886
160 887
160 888
161 889
161 890
161 891
161 892
162 893
162 894
162 895
162 896
163 897
163 898
163 899
163 900
164 901
164 902
164 903
164 904
165 905
165 906
165 907
165 908
166 909
166 910
166 911
166 912
167 913
167 914
167 915
167 916
168 917
168 918
168 919
168 920
169 921
169 922
169 923
169 924
170 925
170 926
170 927
170 928
171 929
171 930
171 931
171 932
172 933
172 934
172 935
172 936
173 937
173 938
173 939
173 940
174 941
174 942
174 943
174 944
175 945
175 946
175 947
175 948
176 949
176 950
176 951
176 952
177 953
177 954
177 955
177 956
178 957
178 958
178 959
178 960
179 961
179 962
179 963
179 964
180 965
180 966
180 967
180 968
181 969
181 970
181 971
181 972
182 973
182 974
182 975
182 976
183 977
183 978
183 979
183 980
184 981
184 982
184 983
184 984
185 985
185 986
185 987
185 988
186 989
186 990
186 991
186 992
187 993
187 994
187 995
187 996
188 997
188 998
188 999
188 1000
189 1001
189 1002
189 1003
189 1004
190 1005
190 1006
190 1007
190 1008
191 1009
191 1010
191 1011
191 1012
192 1013
192 1014
192 1015
192 1016
193 1017
193 1018
193 1019
193 1020
194 1021
194 1022
194 1023
194 1024
195 1025
195 1026
195 1027
195 1028
196 1029
196 1030
196 1031
196 1032
197 1033
197 1034
197 1035
197 1036
198 1037
198 1038
198 1039
198 1040
199 1041
199 1042
199 1043
199 1044
200 1045
200 1046
200 1047
200 1048
201 1049
201 1050
201 1051
201 1052
202 1053
202 1054
202 1055
202 1056
203 1057
203 1058
203 1059
203 1060
204 1061
204 1062
204 1063
204 1064
205 1065
205 1066
205 1067
205 1068
206 1069
206 1070
206 1071
206 1072
207 1073
207 1074
207 1075
207 1076
208 1077
208 1078
208 1079
208 1080
209 1081
209 1082
209 1083
209 1084
210 1085
210 1086
210 1087
210 1088
211 1089
211 1090
211 1091
211 1092
212 1093
212 1094
212 1095
212 1096
213 1097
213 1098
213 1099
213 1100
214 1101
214 1102
214 1103
214 1104
215 1105
215 1106
215 1107
215 1108
216 1109
216 1110
216 1111
216 1112
217 1113
217 1114
217 1115
217 1116
218 1117
218 1118
218 1119
218 1120
219 1121
219 1122
219 1123
219 1124
220 1125
220 1126
220 1127
220 1128
221 1129
221 1130
221 1131
221 1132
222 1133
222 1134
222 1135
222 1136
223 1137
223 1138
223 1139
223 1140
224 1141
224 1142
224 1143
224 1144
225 1145
225 1146
225 1147
225 1148
226 1149
226 1150
226 1151
226 1152
227 1153
227 1154
227 1155
227 1156
228 1157
228 1158
228 1159
228 1160
229 1161
229 1162
229 1163
229 1164
230 1165
230 1166
230 1167
230 1168
231 1169
231 1170
231 1171
231 1172
232 1173
232 1174
232 1175
232 1176
233 1177
233 1178
233 1179
233 1180
234 1181
234 1182
234 1183
234 1184
235 1185
235 1186
235 1187
235 1188
236 1189
236 1190
236 1191
236 1192
237 1193
237 1194
237 1195
237 1196
238 1197
238 1198
238 1199
238 1200
239 1201
239 1202
239 1203
239 1204
240 1205
240 1206
240 1207
240 1208
241 1209
241 1210
241 1211
241 1212
242 1213
242 1214
242 1215
242 1216
243 1217
243 1218
243 1219
243 1220
244 1221
244 1222
244 1223
244 1224
