0 112
0 84
0 50
0 67
0 148
0 88
0 73
0 106
0 114
0 15
1 80
1 128
1 130
1 115
1 3
1 40
1 106
1 43
1 124
1 15
2 35
2 70
2 54
2 71
2 136
2 41
2 108
2 125
2 62
2 101
3 32
3 114
3 117
3 8
3 40
3 104
3 91
3 125
3 53
4 144
4 146
4 82
4 117
4 118
4 26
4 59
4 12
4 125
4 63
5 76
5 33
5 148
5 117
5 68
5 10
5 11
5 108
5 36
5 63
6 32
6 37
6 89
6 7
6 8
6 105
6 74
6 110
6 14
6 77
7 145
7 83
7 117
7 39
7 56
7 90
7 123
7 29
7 14
8 99
8 68
8 131
8 70
8 73
8 44
8 13
8 61
9 129
9 109
9 115
9 100
9 85
9 105
9 138
9 124
9 93
9 13
10 17
10 27
10 100
10 81
10 135
10 137
10 107
10 44
10 15
11 65
11 18
11 83
11 121
11 21
11 87
11 41
11 33
11 42
12 64
12 131
12 132
12 21
12 86
12 41
12 14
12 92
12 127
13 128
13 91
13 102
13 121
13 106
13 123
13 109
13 103
14 49
14 67
14 36
14 69
14 135
14 56
14 53
15 80
15 61
15 101
15 135
15 37
15 29
15 65
16 32
16 133
16 148
16 68
16 37
16 41
16 108
16 18
16 30
16 52
17 64
17 144
17 34
17 67
17 104
17 96
17 27
17 18
17 47
18 82
18 71
18 114
18 39
18 72
18 90
18 61
19 80
19 145
19 146
19 115
19 53
19 119
19 75
19 76
19 77
19 47
20 81
20 140
20 133
20 73
20 135
20 25
20 75
20 28
20 47
20 143
21 112
21 132
21 149
21 39
21 116
21 93
21 142
21 63
22 96
22 146
22 116
22 117
22 118
22 71
22 119
22 54
22 140
22 34
23 104
23 74
23 54
23 72
23 68
23 122
23 92
23 141
23 93
23 95
24 80
24 112
24 147
24 148
24 37
24 88
24 57
24 59
24 46
24 85
25 96
25 98
25 56
25 61
25 58
25 27
25 29
25 132
25 45
26 145
26 114
26 104
26 60
26 31
26 44
26 109
26 148
26 61
27 112
27 100
27 41
27 86
27 57
27 122
27 94
28 64
28 145
28 85
28 102
28 103
28 120
28 105
28 75
28 77
29 76
29 92
29 130
29 116
29 37
29 44
29 85
30 128
30 112
30 146
30 52
30 56
30 127
30 75
30 110
30 31
31 66
31 115
31 150
31 130
31 103
31 40
31 122
31 45
32 104
32 82
32 147
32 38
32 72
32 83
32 142
33 80
33 115
33 68
33 62
33 57
33 75
33 140
33 46
34 98
34 102
34 55
34 54
34 124
34 93
34 142
34 111
35 146
35 133
35 136
35 73
35 123
35 124
35 45
35 93
35 149
36 113
36 130
36 147
36 131
36 150
36 65
36 137
36 93
37 99
37 100
37 71
37 91
37 78
38 120
38 102
38 147
38 69
38 54
38 57
38 88
38 73
38 141
39 97
39 67
39 54
39 103
39 60
39 45
39 62
40 54
40 86
40 89
40 105
40 143
40 78
40 79
41 99
41 84
41 133
41 56
41 61
42 43
42 91
42 75
42 101
42 86
42 112
42 107
42 78
42 127
43 64
43 118
43 121
43 137
43 135
43 143
43 45
43 79
44 112
44 82
44 100
44 124
44 62
44 127
45 96
45 114
45 65
45 59
45 46
46 113
46 50
46 134
46 65
46 57
46 126
46 79
47 80
47 83
47 99
47 133
47 89
47 109
47 94
48 100
48 66
48 116
48 118
48 70
48 120
48 132
48 74
48 95
48 127
49 65
49 115
49 52
49 149
49 150
49 56
49 140
49 125
49 127
50 113
50 67
50 132
50 118
50 103
50 95
50 60
50 143
51 108
51 98
51 59
51 72
51 73
51 95
51 123
51 92
51 141
51 79
52 128
52 130
52 147
52 87
52 104
52 58
52 140
53 140
53 142
53 73
53 107
53 124
53 126
53 101
54 144
54 87
54 126
55 145
55 99
55 97
55 62
55 87
55 90
55 93
55 78
55 69
56 137
56 132
56 72
56 110
57 130
57 83
57 135
57 106
57 58
58 147
58 82
58 131
58 126
58 105
58 74
58 142
59 150
59 87
59 148
59 92
59 78
59 77
60 128
60 66
60 84
60 85
60 89
60 74
60 101
61 64
61 85
61 146
61 98
62 139
62 150
62 136
62 123
62 108
63 80
63 109
63 67
63 118
63 93
63 69
63 111
64 66
64 86
64 119
64 110
64 124
65 130
65 70
65 103
65 143
66 72
66 130
66 136
66 112
66 138
66 111
67 82
67 96
67 74
67 140
68 146
68 132
68 69
68 90
68 110
69 82
69 70
69 106
69 76
69 125
70 100
70 148
70 79
70 94
70 95
71 97
71 101
71 87
71 129
71 81
71 150
72 128
72 85
72 138
72 106
73 121
73 136
73 112
74 135
74 76
74 125
74 110
75 131
75 106
75 91
75 143
76 122
76 131
76 102
76 119
76 108
77 133
77 118
77 89
77 140
77 94
77 95
78 81
78 146
78 137
78 141
78 111
79 80
79 114
79 131
79 84
79 143
80 131
80 85
81 136
81 117
81 88
81 107
81 125
81 109
82 113
82 134
82 110
83 144
83 131
83 139
83 121
83 126
84 96
84 132
84 147
84 116
84 102
84 139
85 124
85 118
86 147
86 150
86 92
86 139
86 110
87 97
87 134
87 120
87 149
88 133
88 129
88 121
88 106
88 123
88 109
89 100
89 103
89 104
89 95
89 139
90 128
90 99
90 133
90 134
90 119
90 92
91 97
91 139
91 113
91 123
91 106
92 129
92 113
92 136
93 94
93 149
94 120
94 150
94 103
94 136
94 117
95 129
95 134
95 126
96 112
96 120
96 104
96 145
97 148
97 101
97 119
97 136
97 143
98 122
98 130
98 121
98 138
98 142
98 127
99 113
99 121
99 127
99 108
100 145
100 125
101 105
101 117
101 149
102 144
102 116
102 148
102 123
103 137
103 120
104 116
104 114
105 116
105 135
105 119
105 141
106 126
107 114
107 122
107 118
107 123
107 141
107 125
108 133
108 110
108 122
109 116
109 120
109 137
110 131
111 144
111 113
111 142
111 129
111 138
111 140
113 115
113 147
114 139
114 134
115 149
115 150
115 124
116 129
117 136
117 143
118 135
119 146
119 149
119 121
120 144
120 141
121 137
122 145
122 127
122 141
123 138
124 139
125 126
126 138
126 149
127 137
128 142
128 139
128 138
129 147
129 133
129 150
130 145
132 144
132 138
134 144
134 149
134 148
134 141
135 141
137 142
138 142
139 145
140 144
143 146
0 151
1 152
2 153
3 154
4 155
5 156
6 157
7 158
8 159
9 160
10 161
11 162
12 163
13 164
14 165
15 166
16 167
17 168
18 169
19 170
20 171
21 172
22 173
23 174
24 175
25 176
26 177
27 178
28 179
29 180
30 181
31 182
32 183
33 184
34 185
35 186
36 187
37 188
38 189
39 190
40 191
41 192
42 193
43 194
44 195
45 196
46 197
47 198
48 199
49 200
50 201
51 202
52 203
53 204
54 205
55 206
56 207
57 208
58 209
59 210
60 211
61 212
62 213
63 214
64 215
65 216
66 217
67 218
68 219
69 220
70 221
71 222
72 223
73 224
74 225
75 226
76 227
77 228
78 229
79 230
80 231
81 232
82 233
83 234
84 235
85 236
86 237
87 238
88 239
89 240
90 241
91 242
92 243
93 244
94 245
95 246
96 247
97 248
98 249
99 250
100 251
101 252
102 253
103 254
104 255
105 256
106 257
107 258
108 259
109 260
110 261
111 262
112 263
113 264
114 265
115 266
116 267
117 268
118 269
119 270
120 271
121 272
122 273
123 274
124 275
125 276
126 277
127 278
128 279
129 280
130 281
131 282
132 283
133 284
134 285
135 286
136 287
137 288
138 289
139 290
140 291
141 292
142 293
143 294
144 295
145 296
146 297
147 298
148 299
149 300
150 301
