0 296
0 82
0 99
0 23
0 8
0 216
0 202
0 247
0 140
0 301
1 64
1 254
1 36
1 5
1 108
1 87
1 25
1 268
1 93
1 302
2 193
2 82
2 243
2 4
2 214
2 57
2 107
2 226
2 242
2 269
3 32
3 240
3 187
3 231
3 89
3 154
3 143
3 156
3 317
3 207
4 16
4 146
4 119
4 77
4 264
4 223
4 237
4 206
4 45
5 48
5 242
5 22
5 296
5 210
5 154
5 28
5 61
5 288
6 273
6 274
6 245
6 246
6 215
6 55
6 138
6 27
6 108
6 206
7 165
7 146
7 43
7 132
7 149
7 310
7 244
7 299
7 134
7 319
8 114
8 66
8 163
8 228
8 117
8 106
8 299
8 252
8 154
9 289
9 50
9 292
9 120
9 55
9 72
9 116
9 106
9 61
9 190
10 272
10 176
10 34
10 148
10 277
10 304
10 140
10 208
10 238
10 253
11 112
11 240
11 262
11 310
11 247
11 236
11 282
11 252
11 317
11 166
12 97
12 179
12 236
12 310
12 73
12 185
12 250
12 108
12 237
12 254
13 289
13 114
13 229
13 262
13 161
13 186
13 27
13 18
13 286
13 293
14 288
14 51
14 291
14 233
14 41
14 26
14 159
14 284
14 255
14 287
15 272
15 81
15 307
15 48
15 142
15 305
15 297
15 141
15 94
15 21
16 133
16 33
16 213
16 248
16 319
16 216
16 77
16 174
16 125
17 81
17 162
17 131
17 148
17 165
17 103
17 184
17 71
17 76
17 303
18 258
18 260
18 293
18 86
18 215
18 120
18 126
18 283
18 62
19 221
19 244
19 295
19 60
19 180
19 31
19 36
19 253
19 238
19 93
20 112
20 195
20 164
20 198
20 311
20 233
20 138
20 235
20 28
20 247
21 82
21 259
21 163
21 284
21 42
21 67
21 156
21 98
21 158
22 319
22 259
22 139
22 81
22 122
22 267
22 60
22 45
22 159
23 129
23 178
23 308
23 53
23 161
23 296
23 89
23 124
23 143
24 32
24 33
24 43
24 313
24 266
24 267
24 44
24 175
24 62
24 271
25 271
25 312
25 198
25 120
25 58
25 251
25 269
25 222
25 189
26 288
26 143
26 116
26 183
26 312
26 135
26 125
26 253
26 301
27 161
27 221
27 269
27 118
27 250
27 171
27 45
27 287
28 35
28 258
28 139
28 142
28 299
28 255
28 30
28 127
29 66
29 67
29 68
29 54
29 283
29 276
29 282
29 59
29 300
29 125
30 144
30 112
30 274
30 195
30 68
30 147
30 221
30 46
30 125
31 193
31 134
31 295
31 298
31 71
31 316
31 314
31 110
31 63
32 48
32 115
32 50
32 102
32 178
32 92
32 253
32 287
33 288
33 274
33 311
33 81
33 57
33 87
33 283
33 143
34 112
34 289
34 242
34 50
34 294
34 193
34 167
34 156
34 273
35 83
35 292
35 213
35 231
35 89
35 95
35 59
35 126
35 143
36 263
36 226
36 132
36 215
36 201
36 219
36 44
36 270
37 80
37 248
37 232
37 144
37 56
37 42
37 123
37 236
37 109
37 47
38 177
38 162
38 116
38 49
38 119
38 100
38 85
38 43
38 63
38 247
39 64
39 256
39 178
39 294
39 309
39 118
39 268
39 239
39 76
39 198
40 304
40 101
40 134
40 56
40 293
40 235
40 156
40 125
40 174
40 317
41 272
41 273
41 277
41 55
41 217
41 74
41 295
41 183
41 77
42 225
42 259
42 70
42 168
42 313
42 218
42 203
42 237
43 208
43 129
43 243
43 228
43 89
43 266
43 303
44 225
44 262
44 311
44 161
44 231
44 216
44 264
44 159
45 145
45 243
45 133
45 88
45 297
45 126
45 245
46 80
46 66
46 227
46 238
46 73
46 184
46 201
46 187
46 98
47 66
47 132
47 211
47 84
47 265
47 313
47 202
47 138
47 221
48 160
48 95
48 212
48 248
48 154
48 223
48 298
49 264
49 162
49 168
49 220
49 314
49 251
49 60
49 234
49 255
50 224
50 98
50 89
50 145
50 107
50 192
50 303
51 272
51 162
51 158
51 294
51 279
51 171
51 284
51 269
51 206
52 133
52 292
52 261
52 214
52 183
52 276
52 314
52 315
52 173
52 189
53 225
53 67
53 165
53 87
53 73
53 170
53 171
53 265
53 309
54 211
54 317
54 85
54 278
54 312
54 106
54 283
54 219
54 175
55 80
55 210
55 292
55 261
55 239
55 188
55 117
56 262
56 115
56 212
56 310
56 284
56 124
56 61
56 195
57 146
57 293
57 294
57 113
57 232
57 71
57 219
57 319
58 192
58 130
58 278
58 194
58 266
58 92
58 258
58 142
58 268
59 192
59 113
59 75
59 271
59 263
59 258
59 183
59 207
60 208
60 180
60 100
60 118
60 89
60 164
60 174
61 66
61 228
61 314
61 75
61 285
61 110
61 111
62 92
62 241
62 194
62 69
62 166
62 169
62 230
62 317
63 304
63 66
63 147
63 148
63 149
63 169
63 265
63 155
64 304
64 178
64 149
64 184
64 186
64 139
64 220
64 285
65 128
65 305
65 82
65 83
65 274
65 215
65 275
65 154
65 251
65 205
66 211
66 214
66 311
66 205
67 304
67 81
67 300
67 119
67 88
67 265
67 76
68 257
68 242
68 312
68 218
68 90
68 251
68 221
68 285
69 256
69 264
69 291
69 270
69 166
69 88
69 74
69 188
69 115
70 211
70 293
70 166
70 72
70 233
70 314
70 188
70 170
70 318
71 210
71 147
71 230
71 103
71 104
71 106
71 159
72 128
72 97
72 307
72 200
72 217
72 171
72 248
72 95
73 141
73 98
73 243
73 276
73 167
73 269
73 157
74 202
74 229
74 121
74 153
74 234
74 267
74 141
74 110
75 100
75 318
75 184
75 138
75 156
75 237
75 254
75 191
76 272
76 217
76 296
76 265
76 250
76 316
76 271
77 176
77 165
77 182
77 135
77 281
77 250
77 206
78 256
78 80
78 226
78 227
78 276
78 277
78 311
78 120
78 307
78 143
79 305
79 130
79 267
79 149
79 251
79 139
79 268
79 189
79 223
79 109
80 86
80 310
80 314
80 188
80 109
80 207
81 101
81 136
81 249
81 171
81 252
82 99
82 166
82 117
82 221
82 302
82 191
83 204
83 103
83 280
83 185
83 122
83 219
83 284
83 157
84 290
84 179
84 244
84 309
84 102
84 138
84 235
84 190
84 302
85 287
85 113
85 116
85 104
85 100
85 202
85 219
85 207
86 88
86 290
86 196
86 230
86 199
86 152
86 253
86 237
87 163
87 305
87 296
87 204
87 248
87 110
87 309
88 145
88 142
88 232
88 117
88 173
88 126
89 193
89 276
89 114
89 94
90 129
90 178
90 107
90 101
90 215
90 184
90 161
90 231
90 283
91 240
91 161
91 101
91 246
91 247
91 234
91 231
91 109
91 302
91 253
92 99
92 105
92 214
92 183
92 120
92 153
92 170
93 266
93 186
93 199
93 281
93 298
93 123
93 170
93 303
94 225
94 169
94 174
94 167
94 136
94 170
94 143
94 110
95 288
95 98
95 294
95 226
95 122
95 171
95 173
96 97
96 311
96 163
96 182
96 279
96 201
96 315
96 124
96 167
96 317
97 145
97 226
97 291
97 185
97 138
97 266
97 127
98 256
98 294
98 185
98 107
98 125
99 177
99 259
99 229
99 136
99 140
99 235
99 197
100 224
100 177
100 194
100 277
100 262
100 155
101 251
101 238
101 181
101 219
101 318
101 287
102 129
102 242
102 181
102 263
102 177
102 186
102 132
102 142
103 128
103 227
103 293
103 168
103 209
103 238
103 239
104 272
104 273
104 306
104 316
104 119
104 220
104 254
104 191
105 280
105 187
105 118
105 166
105 257
105 136
105 241
105 168
105 287
106 230
106 263
106 200
106 250
106 188
106 280
107 128
107 120
107 211
107 209
107 280
107 217
108 224
108 289
108 307
108 132
108 177
108 285
108 302
109 176
109 258
109 309
109 198
109 137
109 293
110 176
110 286
110 123
110 245
110 303
111 144
111 112
111 131
111 148
111 197
111 262
111 151
111 198
111 309
112 113
112 223
112 178
112 268
112 194
113 144
113 115
113 271
113 282
113 122
113 255
114 121
114 150
114 279
114 296
114 215
114 268
114 190
115 131
115 233
115 297
115 183
115 161
115 175
116 169
116 276
116 153
116 283
116 189
116 126
117 136
117 306
117 194
117 172
117 157
117 206
118 240
118 274
118 315
118 196
118 298
118 306
119 160
119 152
119 134
119 312
119 235
119 303
120 242
120 214
120 302
120 255
121 151
121 137
121 250
121 295
121 252
121 298
121 234
121 317
122 193
122 233
122 315
122 220
122 158
122 271
123 128
123 163
123 182
123 142
123 232
123 154
123 206
124 145
124 274
124 276
124 264
124 199
124 290
124 174
125 308
125 202
125 218
125 172
126 160
126 196
126 230
126 199
126 297
127 161
127 211
127 277
127 200
127 225
127 205
127 254
127 159
128 273
128 248
128 177
128 268
128 286
129 209
129 274
129 217
129 153
129 186
129 215
130 221
130 181
130 294
130 183
130 171
130 156
130 266
130 150
131 224
131 307
131 285
131 166
131 280
131 211
131 232
132 305
132 184
132 140
132 251
132 158
133 157
133 152
133 293
133 141
133 232
133 269
133 142
134 278
134 296
134 281
134 154
134 157
134 302
135 176
135 145
135 290
135 170
135 187
135 284
135 173
135 174
136 318
136 257
136 234
136 191
136 285
137 161
137 306
137 139
137 193
137 152
137 315
137 286
137 143
138 314
138 316
138 301
138 319
139 240
139 308
139 277
139 196
139 141
140 274
140 258
140 165
140 294
140 249
140 157
141 256
141 210
141 291
141 300
141 173
142 182
142 167
142 157
143 165
143 200
144 318
144 145
144 216
144 298
144 316
144 301
145 210
145 279
145 300
146 260
146 150
146 279
146 313
146 282
146 189
146 270
147 258
147 227
147 260
147 277
147 246
147 287
147 318
148 193
148 291
148 292
148 166
148 151
148 159
149 299
149 228
149 309
149 199
149 280
149 169
150 176
150 225
150 291
150 203
150 217
150 283
150 172
151 256
151 305
151 244
151 185
151 216
151 314
151 249
152 210
152 227
152 200
152 282
152 281
152 239
153 180
153 252
153 170
153 171
153 237
153 239
154 247
154 236
154 312
155 304
155 303
155 290
155 307
155 286
155 292
155 251
155 223
156 192
156 296
156 279
156 272
157 212
157 191
157 261
158 179
158 164
158 311
158 185
158 299
158 245
159 178
159 196
159 210
159 285
160 288
160 289
160 241
160 233
160 247
160 253
160 238
161 278
162 257
162 297
162 311
162 281
162 185
162 255
163 192
163 203
163 164
163 313
163 308
164 195
164 300
164 201
164 189
164 254
164 223
165 245
165 261
165 213
165 250
166 204
166 229
167 241
167 226
167 214
167 187
167 207
168 263
168 181
168 182
168 218
168 287
168 191
169 246
169 281
169 196
169 293
169 175
170 176
170 284
170 207
171 278
171 241
172 206
172 177
172 259
172 209
172 316
172 318
172 223
173 209
173 280
173 297
173 233
173 177
174 274
174 230
174 203
174 255
175 271
175 195
175 299
175 235
175 318
175 319
176 243
176 261
176 255
177 183
177 266
178 192
178 230
178 199
179 280
179 290
179 275
179 248
179 308
179 299
179 194
180 240
180 213
180 262
180 215
180 202
180 220
180 301
181 272
181 246
181 291
181 276
181 237
181 195
182 222
182 243
182 270
182 313
182 234
183 230
183 271
184 290
184 267
184 292
184 190
185 294
185 249
185 270
186 241
186 216
186 197
186 311
186 208
187 209
187 258
187 278
187 218
187 226
188 241
188 259
188 278
188 318
188 319
189 213
189 316
189 269
189 238
190 304
190 257
190 260
190 197
190 235
190 301
191 315
191 247
191 307
191 194
192 275
192 199
192 281
192 303
193 288
193 221
193 299
194 197
194 227
194 297
195 306
195 265
195 244
195 205
196 225
196 259
196 215
196 265
197 208
197 305
197 200
197 265
197 207
198 244
198 280
198 201
198 285
198 207
199 225
199 297
199 245
200 209
200 279
200 316
200 253
201 228
201 213
201 231
201 202
201 282
202 242
202 236
202 222
203 226
203 243
203 295
203 275
203 291
203 306
204 256
204 305
204 275
204 228
204 246
204 249
204 213
205 292
205 310
205 266
205 269
205 238
205 319
206 253
206 309
206 281
207 295
207 263
208 241
208 306
208 252
208 217
208 316
209 262
209 265
209 275
210 240
210 271
210 238
211 273
211 289
211 286
212 241
212 275
212 310
212 214
212 295
212 220
212 289
213 273
213 229
213 231
214 259
214 260
214 242
215 289
216 296
216 298
216 234
216 304
217 281
217 296
217 317
218 256
218 305
218 247
218 267
218 237
219 260
219 229
219 264
219 235
220 248
220 306
220 229
220 284
221 309
221 308
222 227
222 229
222 264
222 300
222 282
222 270
222 255
223 257
223 295
223 318
224 273
224 290
224 260
224 228
224 269
224 307
225 246
225 314
226 279
226 262
227 283
227 316
227 284
228 290
228 251
228 270
229 249
229 298
230 302
230 248
231 247
231 315
231 265
232 289
232 243
232 234
232 275
233 312
233 235
233 301
234 236
234 301
235 300
236 241
236 267
236 297
236 270
237 261
237 270
238 254
239 306
239 243
239 249
239 315
239 291
240 309
240 266
240 268
242 288
242 312
243 310
244 272
244 307
244 267
244 302
245 256
245 310
245 249
245 313
246 293
246 259
246 287
248 275
249 304
249 270
250 286
250 279
250 258
251 283
252 263
252 294
252 310
252 271
253 282
254 304
254 263
254 260
255 305
256 288
257 291
257 268
257 300
257 269
258 307
259 295
260 267
260 317
261 275
261 264
261 285
261 298
262 274
263 273
263 308
264 303
264 266
267 315
268 313
272 273
276 297
276 319
277 289
277 306
277 286
278 286
278 308
278 302
279 308
280 317
281 285
282 299
282 301
283 311
284 312
286 312
287 313
288 313
290 295
292 314
292 298
299 301
300 319
300 303
308 315
0 320
0 321
0 322
0 323
0 324
0 325
1 326
1 327
1 328
1 329
1 330
1 331
2 332
2 333
2 334
2 335
2 336
2 337
3 338
3 339
3 340
3 341
3 342
3 343
4 344
4 345
4 346
4 347
4 348
4 349
5 350
5 351
5 352
5 353
5 354
5 355
6 356
6 357
6 358
6 359
6 360
6 361
7 362
7 363
7 364
7 365
7 366
7 367
8 368
8 369
8 370
8 371
8 372
8 373
9 374
9 375
9 376
9 377
9 378
9 379
10 380
10 381
10 382
10 383
10 384
10 385
11 386
11 387
11 388
11 389
11 390
11 391
12 392
12 393
12 394
12 395
12 396
12 397
13 398
13 399
13 400
13 401
13 402
13 403
14 404
14 405
14 406
14 407
14 408
14 409
15 410
15 411
15 412
15 413
15 414
15 415
16 416
16 417
16 418
16 419
16 420
16 421
17 422
17 423
17 424
17 425
17 426
17 427
18 428
18 429
18 430
18 431
18 432
18 433
19 434
19 435
19 436
19 437
19 438
19 439
20 440
20 441
20 442
20 443
20 444
20 445
21 446
21 447
21 448
21 449
21 450
21 451
22 452
22 453
22 454
22 455
22 456
22 457
23 458
23 459
23 460
23 461
23 462
23 463
24 464
24 465
24 466
24 467
24 468
24 469
25 470
25 471
25 472
25 473
25 474
25 475
26 476
26 477
26 478
26 479
26 480
26 481
27 482
27 483
27 484
27 485
27 486
27 487
28 488
28 489
28 490
28 491
28 492
28 493
29 494
29 495
29 496
29 497
29 498
29 499
30 500
30 501
30 502
30 503
30 504
30 505
31 506
31 507
31 508
31 509
31 510
31 511
32 512
32 513
32 514
32 515
32 516
32 517
33 518
33 519
33 520
33 521
33 522
33 523
34 524
34 525
34 526
34 527
34 528
34 529
35 530
35 531
35 532
35 533
35 534
35 535
36 536
36 537
36 538
36 539
36 540
36 541
37 542
37 543
37 544
37 545
37 546
37 547
38 548
38 549
38 550
38 551
38 552
38 553
39 554
39 555
39 556
39 557
39 558
39 559
40 560
40 561
40 562
40 563
40 564
40 565
41 566
41 567
41 568
41 569
41 570
41 571
42 572
42 573
42 574
42 575
42 576
42 577
43 578
43 579
43 580
43 581
43 582
43 583
44 584
44 585
44 586
44 587
44 588
44 589
45 590
45 591
45 592
45 593
45 594
45 595
46 596
46 597
46 598
46 599
46 600
46 601
47 602
47 603
47 604
47 605
47 606
47 607
48 608
48 609
48 610
48 611
48 612
48 613
49 614
49 615
49 616
49 617
49 618
49 619
50 620
50 621
50 622
50 623
50 624
50 625
51 626
51 627
51 628
51 629
51 630
51 631
52 632
52 633
52 634
52 635
52 636
52 637
53 638
53 639
53 640
53 641
53 642
53 643
54 644
54 645
54 646
54 647
54 648
54 649
55 650
55 651
55 652
55 653
55 654
55 655
56 656
56 657
56 658
56 659
56 660
56 661
57 662
57 663
57 664
57 665
57 666
57 667
58 668
58 669
58 670
58 671
58 672
58 673
59 674
59 675
59 676
59 677
59 678
59 679
60 680
60 681
60 682
60 683
60 684
60 685
61 686
61 687
61 688
61 689
61 690
61 691
62 692
62 693
62 694
62 695
62 696
62 697
63 698
63 699
63 700
63 701
63 702
63 703
64 704
64 705
64 706
64 707
64 708
64 709
65 710
65 711
65 712
65 713
65 714
65 715
66 716
66 717
66 718
66 719
66 720
66 721
67 722
67 723
67 724
67 725
67 726
67 727
68 728
68 729
68 730
68 731
68 732
68 733
69 734
69 735
69 736
69 737
69 738
69 739
70 740
70 741
70 742
70 743
70 744
70 745
71 746
71 747
71 748
71 749
71 750
71 751
72 752
72 753
72 754
72 755
72 756
72 757
73 758
73 759
73 760
73 761
73 762
73 763
74 764
74 765
74 766
74 767
74 768
74 769
75 770
75 771
75 772
75 773
75 774
75 775
76 776
76 777
76 778
76 779
76 780
76 781
77 782
77 783
77 784
77 785
77 786
77 787
78 788
78 789
78 790
78 791
78 792
78 793
79 794
79 795
79 796
79 797
79 798
79 799
80 800
80 801
80 802
80 803
80 804
80 805
81 806
81 807
81 808
81 809
81 810
81 811
82 812
82 813
82 814
82 815
82 816
82 817
83 818
83 819
83 820
83 821
83 822
83 823
84 824
84 825
84 826
84 827
84 828
84 829
85 830
85 831
85 832
85 833
85 834
85 835
86 836
86 837
86 838
86 839
86 840
86 841
87 842
87 843
87 844
87 845
87 846
87 847
88 848
88 849
88 850
88 851
88 852
88 853
89 854
89 855
89 856
89 857
89 858
89 859
90 860
90 861
90 862
90 863
90 864
90 865
91 866
91 867
91 868
91 869
91 870
91 871
92 872
92 873
92 874
92 875
92 876
92 877
93 878
93 879
93 880
93 881
93 882
93 883
94 884
94 885
94 886
94 887
94 888
94 889
95 890
95 891
95 892
95 893
95 894
95 895
96 896
96 897
96 898
96 899
96 900
96 901
97 902
97 903
97 904
97 905
97 906
97 907
98 908
98 909
98 910
98 911
98 912
98 913
99 914
99 915
99 916
99 917
99 918
99 919
100 920
100 921
100 922
100 923
100 924
100 925
101 926
101 927
101 928
101 929
101 930
101 931
102 932
102 933
102 934
102 935
102 936
102 937
103 938
103 939
103 940
103 941
103 942
103 943
104 944
104 945
104 946
104 947
104 948
104 949
105 950
105 951
105 952
105 953
105 954
105 955
106 956
106 957
106 958
106 959
106 960
106 961
107 962
107 963
107 964
107 965
107 966
107 967
108 968
108 969
108 970
108 971
108 972
108 973
109 974
109 975
109 976
109 977
109 978
109 979
110 980
110 981
110 982
110 983
110 984
110 985
111 986
111 987
111 988
111 989
111 990
111 991
112 992
112 993
112 994
112 995
112 996
112 997
113 998
113 999
113 1000
113 1001
113 1002
113 1003
114 1004
114 1005
114 1006
114 1007
114 1008
114 1009
115 1010
115 1011
115 1012
115 1013
115 1014
115 1015
116 1016
116 1017
116 1018
116 1019
116 1020
116 1021
117 1022
117 1023
117 1024
117 1025
117 1026
117 1027
118 1028
118 1029
118 1030
118 1031
118 1032
118 1033
119 1034
119 1035
119 1036
119 1037
119 1038
119 1039
120 1040
120 1041
120 1042
120 1043
120 1044
120 1045
121 1046
121 1047
121 1048
121 1049
121 1050
121 1051
122 1052
122 1053
122 1054
122 1055
122 1056
122 1057
123 1058
123 1059
123 1060
123 1061
123 1062
123 1063
124 1064
124 1065
124 1066
124 1067
124 1068
124 1069
125 1070
125 1071
125 1072
125 1073
125 1074
125 1075
126 1076
126 1077
126 1078
126 1079
126 1080
126 1081
127 1082
127 1083
127 1084
127 1085
127 1086
127 1087
128 1088
128 1089
128 1090
128 1091
128 1092
128 1093
129 1094
129 1095
129 1096
129 1097
129 1098
129 1099
130 1100
130 1101
130 1102
130 1103
130 1104
130 1105
131 1106
131 1107
131 1108
131 1109
131 1110
131 1111
132 1112
132 1113
132 1114
132 1115
132 1116
132 1117
133 1118
133 1119
133 1120
133 1121
133 1122
133 1123
134 1124
134 1125
134 1126
134 1127
134 1128
134 1129
135 1130
135 1131
135 1132
135 1133
135 1134
135 1135
136 1136
136 1137
136 1138
136 1139
136 1140
136 1141
137 1142
137 1143
137 1144
137 1145
137 1146
137 1147
138 1148
138 1149
138 1150
138 1151
138 1152
138 1153
139 1154
139 1155
139 1156
139 1157
139 1158
139 1159
140 1160
140 1161
140 1162
140 1163
140 1164
140 1165
141 1166
141 1167
141 1168
141 1169
141 1170
141 1171
142 1172
142 1173
142 1174
142 1175
142 1176
142 1177
143 1178
143 1179
143 1180
143 1181
143 1182
143 1183
144 1184
144 1185
144 1186
144 1187
144 1188
144 1189
145 1190
145 1191
145 1192
145 1193
145 1194
145 1195
146 1196
146 1197
146 1198
146 1199
146 1200
146 1201
147 1202
147 1203
147 1204
147 1205
147 1206
147 1207
148 1208
148 1209
148 1210
148 1211
148 1212
148 1213
149 1214
149 1215
149 1216
149 1217
149 1218
149 1219
150 1220
150 1221
150 1222
150 1223
150 1224
150 1225
151 1226
151 1227
151 1228
151 1229
151 1230
151 1231
152 1232
152 1233
152 1234
152 1235
152 1236
152 1237
153 1238
153 1239
153 1240
153 1241
153 1242
153 1243
154 1244
154 1245
154 1246
154 1247
154 1248
154 1249
155 1250
155 1251
155 1252
155 1253
155 1254
155 1255
156 1256
156 1257
156 1258
156 1259
156 1260
156 1261
157 1262
157 1263
157 1264
157 1265
157 1266
157 1267
158 1268
158 1269
158 1270
158 1271
158 1272
158 1273
159 1274
159 1275
159 1276
159 1277
159 1278
159 1279
160 1280
160 1281
160 1282
160 1283
160 1284
160 1285
161 1286
161 1287
161 1288
161 1289
161 1290
161 1291
162 1292
162 1293
162 1294
162 1295
162 1296
162 1297
163 1298
163 1299
163 1300
163 1301
163 1302
163 1303
164 1304
164 1305
164 1306
164 1307
164 1308
164 1309
165 1310
165 1311
165 1312
165 1313
165 1314
165 1315
166 1316
166 1317
166 1318
166 1319
166 1320
166 1321
167 1322
167 1323
167 1324
167 1325
167 1326
167 1327
168 1328
168 1329
168 1330
168 1331
168 1332
168 1333
169 1334
169 1335
169 1336
169 1337
169 1338
169 1339
170 1340
170 1341
170 1342
170 1343
170 1344
170 1345
171 1346
171 1347
171 1348
171 1349
171 1350
171 1351
172 1352
172 1353
172 1354
172 1355
172 1356
172 1357
173 1358
173 1359
173 1360
173 1361
173 1362
173 1363
174 1364
174 1365
174 1366
174 1367
174 1368
174 1369
175 1370
175 1371
175 1372
175 1373
175 1374
175 1375
176 1376
176 1377
176 1378
176 1379
176 1380
176 1381
177 1382
177 1383
177 1384
177 1385
177 1386
177 1387
178 1388
178 1389
178 1390
178 1391
178 1392
178 1393
179 1394
179 1395
179 1396
179 1397
179 1398
179 1399
180 1400
180 1401
180 1402
180 1403
180 1404
180 1405
181 1406
181 1407
181 1408
181 1409
181 1410
181 1411
182 1412
182 1413
182 1414
182 1415
182 1416
182 1417
183 1418
183 1419
183 1420
183 1421
183 1422
183 1423
184 1424
184 1425
184 1426
184 1427
184 1428
184 1429
185 1430
185 1431
185 1432
185 1433
185 1434
185 1435
186 1436
186 1437
186 1438
186 1439
186 1440
186 1441
187 1442
187 1443
187 1444
187 1445
187 1446
187 1447
188 1448
188 1449
188 1450
188 1451
188 1452
188 1453
189 1454
189 1455
189 1456
189 1457
189 1458
189 1459
190 1460
190 1461
190 1462
190 1463
190 1464
190 1465
191 1466
191 1467
191 1468
191 1469
191 1470
191 1471
192 1472
192 1473
192 1474
192 1475
192 1476
192 1477
193 1478
193 1479
193 1480
193 1481
193 1482
193 1483
194 1484
194 1485
194 1486
194 1487
194 1488
194 1489
195 1490
195 1491
195 1492
195 1493
195 1494
195 1495
196 1496
196 1497
196 1498
196 1499
196 1500
196 1501
197 1502
197 1503
197 1504
197 1505
197 1506
197 1507
198 1508
198 1509
198 1510
198 1511
198 1512
198 1513
199 1514
199 1515
199 1516
199 1517
199 1518
199 1519
200 1520
200 1521
200 1522
200 1523
200 1524
200 1525
201 1526
201 1527
201 1528
201 1529
201 1530
201 1531
202 1532
202 1533
202 1534
202 1535
202 1536
202 1537
203 1538
203 1539
203 1540
203 1541
203 1542
203 1543
204 1544
204 1545
204 1546
204 1547
204 1548
204 1549
205 1550
205 1551
205 1552
205 1553
205 1554
205 1555
206 1556
206 1557
206 1558
206 1559
206 1560
206 1561
207 1562
207 1563
207 1564
207 1565
207 1566
207 1567
208 1568
208 1569
208 1570
208 1571
208 1572
208 1573
209 1574
209 1575
209 1576
209 1577
209 1578
209 1579
210 1580
210 1581
210 1582
210 1583
210 1584
210 1585
211 1586
211 1587
211 1588
211 1589
211 1590
211 1591
212 1592
212 1593
212 1594
212 1595
212 1596
212 1597
213 1598
213 1599
213 1600
213 1601
213 1602
213 1603
214 1604
214 1605
214 1606
214 1607
214 1608
214 1609
215 1610
215 1611
215 1612
215 1613
215 1614
215 1615
216 1616
216 1617
216 1618
216 1619
216 1620
216 1621
217 1622
217 1623
217 1624
217 1625
217 1626
217 1627
218 1628
218 1629
218 1630
218 1631
218 1632
218 1633
219 1634
219 1635
219 1636
219 1637
219 1638
219 1639
220 1640
220 1641
220 1642
220 1643
220 1644
220 1645
221 1646
221 1647
221 1648
221 1649
221 1650
221 1651
222 1652
222 1653
222 1654
222 1655
222 1656
222 1657
223 1658
223 1659
223 1660
223 1661
223 1662
223 1663
224 1664
224 1665
224 1666
224 1667
224 1668
224 1669
225 1670
225 1671
225 1672
225 1673
225 1674
225 1675
226 1676
226 1677
226 1678
226 1679
226 1680
226 1681
227 1682
227 1683
227 1684
227 1685
227 1686
227 1687
228 1688
228 1689
228 1690
228 1691
228 1692
228 1693
229 1694
229 1695
229 1696
229 1697
229 1698
229 1699
230 1700
230 1701
230 1702
230 1703
230 1704
230 1705
231 1706
231 1707
231 1708
231 1709
231 1710
231 1711
232 1712
232 1713
232 1714
232 1715
232 1716
232 1717
233 1718
233 1719
233 1720
233 1721
233 1722
233 1723
234 1724
234 1725
234 1726
234 1727
234 1728
234 1729
235 1730
235 1731
235 1732
235 1733
235 1734
235 1735
236 1736
236 1737
236 1738
236 1739
236 1740
236 1741
237 1742
237 1743
237 1744
237 1745
237 1746
237 1747
238 1748
238 1749
238 1750
238 1751
238 1752
238 1753
239 1754
239 1755
239 1756
239 1757
239 1758
239 1759
240 1760
240 1761
240 1762
240 1763
240 1764
240 1765
241 1766
241 1767
241 1768
241 1769
241 1770
241 1771
242 1772
242 1773
242 1774
242 1775
242 1776
242 1777
243 1778
243 1779
243 1780
243 1781
243 1782
243 1783
244 1784
244 1785
244 1786
244 1787
244 1788
244 1789
245 1790
245 1791
245 1792
245 1793
245 1794
245 1795
246 1796
246 1797
246 1798
246 1799
246 1800
246 1801
247 1802
247 1803
247 1804
247 1805
247 1806
247 1807
248 1808
248 1809
248 1810
248 1811
248 1812
248 1813
249 1814
249 1815
249 1816
249 1817
249 1818
249 1819
250 1820
250 1821
250 1822
250 1823
250 1824
250 1825
251 1826
251 1827
251 1828
251 1829
251 1830
251 1831
252 1832
252 1833
252 1834
252 1835
252 1836
252 1837
253 1838
253 1839
253 1840
253 1841
253 1842
253 1843
254 1844
254 1845
254 1846
254 1847
254 1848
254 1849
255 1850
255 1851
255 1852
255 1853
255 1854
255 1855
256 1856
256 1857
256 1858
256 1859
256 1860
256 1861
257 1862
257 1863
257 1864
257 1865
257 1866
257 1867
258 1868
258 1869
258 1870
258 1871
258 1872
258 1873
259 1874
259 1875
259 1876
259 1877
259 1878
259 1879
260 1880
260 1881
260 1882
260 1883
260 1884
260 1885
261 1886
261 1887
261 1888
261 1889
261 1890
261 1891
262 1892
262 1893
262 1894
262 1895
262 1896
262 1897
263 1898
263 1899
263 1900
263 1901
263 1902
263 1903
264 1904
264 1905
264 1906
264 1907
264 1908
264 1909
265 1910
265 1911
265 1912
265 1913
265 1914
265 1915
266 1916
266 1917
266 1918
266 1919
266 1920
266 1921
267 1922
267 1923
267 1924
267 1925
267 1926
267 1927
268 1928
268 1929
268 1930
268 1931
268 1932
268 1933
269 1934
269 1935
269 1936
269 1937
269 1938
269 1939
270 1940
270 1941
270 1942
270 1943
270 1944
270 1945
271 1946
271 1947
271 1948
271 1949
271 1950
271 1951
272 1952
272 1953
272 1954
272 1955
272 1956
272 1957
273 1958
273 1959
273 1960
273 1961
273 1962
273 1963
274 1964
274 1965
274 1966
274 1967
274 1968
274 1969
275 1970
275 1971
275 1972
275 1973
275 1974
275 1975
276 1976
276 1977
276 1978
276 1979
276 1980
276 1981
277 1982
277 1983
277 1984
277 1985
277 1986
277 1987
278 1988
278 1989
278 1990
278 1991
278 1992
278 1993
279 1994
279 1995
279 1996
279 1997
279 1998
279 1999
280 2000
280 2001
280 2002
280 2003
280 2004
280 2005
281 2006
281 2007
281 2008
281 2009
281 2010
281 2011
282 2012
282 2013
282 2014
282 2015
282 2016
282 2017
283 2018
283 2019
283 2020
283 2021
283 2022
283 2023
284 2024
284 2025
284 2026
284 2027
284 2028
284 2029
285 2030
285 2031
285 2032
285 2033
285 2034
285 2035
286 2036
286 2037
286 2038
286 2039
286 2040
286 2041
287 2042
287 2043
287 2044
287 2045
287 2046
287 2047
288 2048
288 2049
288 2050
288 2051
288 2052
288 2053
289 2054
289 2055
289 2056
289 2057
289 2058
289 2059
290 2060
290 2061
290 2062
290 2063
290 2064
290 2065
291 2066
291 2067
291 2068
291 2069
291 2070
291 2071
292 2072
292 2073
292 2074
292 2075
292 2076
292 2077
293 2078
293 2079
293 2080
293 2081
293 2082
293 2083
294 2084
294 2085
294 2086
294 2087
294 2088
294 2089
295 2090
295 2091
295 2092
295 2093
295 2094
295 2095
296 2096
296 2097
296 2098
296 2099
296 2100
296 2101
297 2102
297 2103
297 2104
297 2105
297 2106
297 2107
298 2108
298 2109
298 2110
298 2111
298 2112
298 2113
299 2114
299 2115
299 2116
299 2117
299 2118
299 2119
300 2120
300 2121
300 2122
300 2123
300 2124
300 2125
301 2126
301 2127
301 2128
301 2129
301 2130
301 2131
302 2132
302 2133
302 2134
302 2135
302 2136
302 2137
303 2138
303 2139
303 2140
303 2141
303 2142
303 2143
304 2144
304 2145
304 2146
304 2147
304 2148
304 2149
305 2150
305 2151
305 2152
305 2153
305 2154
305 2155
306 2156
306 2157
306 2158
306 2159
306 2160
306 2161
307 2162
307 2163
307 2164
307 2165
307 2166
307 2167
308 2168
308 2169
308 2170
308 2171
308 2172
308 2173
309 2174
309 2175
309 2176
309 2177
309 2178
309 2179
310 2180
310 2181
310 2182
310 2183
310 2184
310 2185
311 2186
311 2187
311 2188
311 2189
311 2190
311 2191
312 2192
312 2193
312 2194
312 2195
312 2196
312 2197
313 2198
313 2199
313 2200
313 2201
313 2202
313 2203
314 2204
314 2205
314 2206
314 2207
314 2208
314 2209
315 2210
315 2211
315 2212
315 2213
315 2214
315 2215
316 2216
316 2217
316 2218
316 2219
316 2220
316 2221
317 2222
317 2223
317 2224
317 2225
317 2226
317 2227
318 2228
318 2229
318 2230
318 2231
318 2232
318 2233
319 2234
319 2235
319 2236
319 2237
319 2238
319 2239
