0 65
0 196
0 101
0 86
0 120
0 84
0 42
0 171
0 60
0 78
1 80
1 65
1 195
1 133
1 85
1 24
1 41
1 205
1 190
1 61
2 18
2 29
2 87
2 184
2 39
2 91
2 92
2 167
2 142
2 31
3 49
3 179
3 148
3 139
3 22
3 9
3 24
3 38
3 187
3 207
4 129
4 50
4 165
4 87
4 200
4 185
4 168
4 12
4 98
4 161
5 147
5 131
5 20
5 21
5 150
5 8
5 42
5 107
5 94
5 117
6 16
6 65
6 178
6 131
6 172
6 120
6 73
6 74
6 192
6 189
7 32
7 184
7 146
7 99
7 117
7 150
7 120
7 123
7 141
7 110
8 144
8 193
8 179
8 132
8 72
8 153
8 58
8 27
8 126
9 81
9 51
9 35
9 209
9 88
9 76
9 87
9 172
9 158
10 34
10 54
10 63
10 73
10 87
10 205
10 13
10 125
10 206
10 61
11 66
11 195
11 133
11 38
11 183
11 56
11 186
11 173
11 150
11 95
12 96
12 80
12 19
12 196
12 86
12 105
12 187
12 60
12 93
13 96
13 115
13 22
13 166
13 88
13 90
13 154
13 61
13 109
14 96
14 145
14 50
14 180
14 101
14 135
14 56
14 108
14 82
14 189
15 112
15 208
15 178
15 182
15 86
15 39
15 56
15 42
15 81
15 79
16 61
16 155
16 139
16 70
16 40
16 202
16 95
16 154
16 205
17 144
17 146
17 68
17 149
17 119
17 152
17 45
17 125
17 207
17 47
18 68
18 37
18 146
18 89
18 90
18 191
18 156
18 77
18 157
19 112
19 165
19 194
19 83
19 163
19 55
19 61
19 126
19 31
20 112
20 114
20 51
20 70
20 153
20 201
20 58
20 173
20 78
21 160
21 32
21 194
21 155
21 134
21 38
21 59
21 182
21 206
22 128
22 192
22 116
22 188
22 105
22 201
22 172
22 127
23 130
23 196
23 57
23 41
23 72
23 105
23 138
23 59
23 157
23 94
24 96
24 36
24 198
24 54
24 187
24 43
24 92
24 37
25 192
25 161
25 149
25 71
25 184
25 57
25 26
25 27
25 137
25 47
26 48
26 35
26 131
26 100
26 117
26 182
26 71
26 75
26 188
27 144
27 81
27 120
27 104
27 121
27 168
27 174
27 111
28 192
28 163
28 195
28 103
28 153
28 74
28 188
28 45
28 126
28 111
29 177
29 36
29 133
29 49
29 90
29 155
29 92
29 85
29 159
30 112
30 80
30 43
30 53
30 105
30 111
30 156
30 157
30 174
30 149
31 115
31 130
31 99
31 180
31 135
31 138
31 190
31 77
32 64
32 82
32 149
32 134
32 106
32 173
32 158
32 191
33 48
33 49
33 136
33 133
33 104
33 92
33 42
33 124
33 93
33 190
34 49
34 116
34 70
34 167
34 202
34 203
34 60
34 45
34 159
35 84
35 206
35 164
35 151
35 169
35 58
35 109
35 94
36 194
36 163
36 69
36 165
36 56
36 57
36 63
36 205
37 80
37 162
37 67
37 164
37 181
37 202
37 106
37 173
38 208
38 147
38 53
38 54
38 167
38 43
38 108
39 81
39 134
39 65
39 200
39 172
39 75
39 140
39 158
40 64
40 128
40 98
40 67
40 182
40 104
40 89
40 170
40 63
41 176
41 130
41 68
41 136
41 172
41 122
41 92
41 126
42 164
42 127
42 153
42 74
42 75
42 188
43 198
43 193
43 114
43 52
43 94
43 203
43 207
44 160
44 67
44 132
44 158
44 119
44 186
44 95
44 188
44 94
44 197
45 80
45 187
45 69
45 137
45 122
45 156
45 79
46 97
46 194
46 94
46 150
46 184
46 47
46 203
46 50
46 126
46 141
47 96
47 49
47 86
47 184
47 177
47 205
47 79
48 64
48 145
48 209
48 53
48 182
48 76
48 109
48 111
49 51
49 181
49 72
49 210
49 141
50 107
50 95
50 187
50 207
50 106
50 139
50 159
51 192
51 194
51 116
51 55
51 132
51 91
51 204
52 112
52 193
52 67
52 69
52 115
52 54
52 74
52 110
52 197
53 118
53 183
53 137
53 154
53 199
53 170
53 159
54 113
54 179
54 81
54 207
54 175
54 95
55 176
55 163
55 150
55 200
55 76
55 90
55 155
55 140
56 98
56 115
56 182
56 103
56 148
56 186
57 97
57 210
57 71
57 138
57 107
57 204
57 98
58 208
58 156
58 163
58 84
58 147
58 204
58 206
59 66
59 132
59 118
59 151
59 200
59 106
59 150
59 197
60 115
60 81
60 131
60 183
60 73
60 65
60 159
61 83
61 106
61 88
61 169
61 191
62 128
62 126
62 89
62 121
62 88
62 169
62 119
62 188
62 189
62 110
63 96
63 184
63 195
63 133
63 151
63 157
63 174
64 193
64 130
64 67
64 147
64 102
64 145
64 174
65 100
65 158
65 106
65 142
65 159
66 157
66 203
66 133
66 86
66 199
66 175
66 126
66 127
67 129
67 101
67 124
67 76
67 158
68 176
68 146
68 91
68 169
68 153
68 75
68 142
69 80
69 91
69 150
69 89
69 73
69 122
69 107
70 84
70 101
70 87
70 201
70 125
70 185
70 109
71 128
71 210
71 115
71 132
71 103
71 152
71 207
72 198
72 113
72 132
72 165
72 156
72 85
72 95
73 198
73 102
73 196
73 171
73 118
73 134
74 99
74 167
74 137
74 140
74 158
74 79
75 208
75 163
75 88
75 196
75 92
75 174
76 160
76 146
76 148
76 149
76 103
76 189
77 161
77 100
77 166
77 86
77 132
77 186
77 140
77 181
78 112
78 162
78 116
78 120
78 169
78 171
78 157
78 191
79 145
79 149
79 129
79 88
79 171
79 124
80 98
80 118
80 114
80 157
81 82
81 166
81 137
81 154
82 83
82 148
82 117
82 86
82 134
82 137
82 187
83 117
83 185
83 137
83 153
83 163
83 171
83 190
84 176
84 147
84 180
84 90
84 102
84 173
85 100
85 102
85 154
85 153
85 201
85 186
85 125
86 196
86 162
86 148
87 98
87 194
87 170
87 123
87 111
88 171
88 116
88 136
88 173
89 112
89 139
89 179
89 203
89 93
89 110
90 128
90 114
90 166
90 121
90 122
91 192
91 197
91 122
91 155
91 204
91 189
92 176
92 105
92 178
92 206
93 162
93 180
93 204
93 121
93 191
93 210
93 143
94 117
94 140
94 109
94 197
95 145
95 99
95 165
95 107
96 195
96 181
96 121
96 124
97 113
97 130
97 164
97 110
97 137
97 123
97 210
97 111
98 178
98 195
98 154
98 139
99 161
99 178
99 138
99 156
99 205
99 206
100 177
100 179
100 201
100 170
100 203
100 126
101 130
101 150
101 120
101 154
101 187
101 173
102 149
102 135
102 127
102 169
102 207
102 111
103 144
103 168
103 149
103 122
103 171
103 206
104 176
104 107
104 132
104 149
104 113
104 156
104 127
105 192
105 195
105 116
105 138
105 186
106 123
106 129
106 121
106 156
107 195
107 198
107 172
107 117
108 194
108 123
108 164
108 118
108 167
108 136
108 139
108 204
109 146
109 152
109 122
109 204
109 207
110 177
110 172
110 152
110 119
110 124
111 209
111 168
111 122
112 126
112 117
112 173
113 208
113 196
113 166
113 183
113 185
113 138
114 210
114 121
114 139
114 124
114 158
114 175
115 145
115 122
115 168
115 154
116 145
116 134
116 152
116 187
117 161
117 176
118 198
118 151
118 136
118 201
118 154
119 178
119 134
119 135
119 151
119 141
119 206
120 160
120 162
120 142
120 185
121 148
121 183
121 184
122 134
123 139
123 172
123 204
123 186
123 158
124 181
124 142
124 176
124 125
125 209
125 199
125 188
125 157
125 190
126 136
127 128
127 168
127 153
127 155
127 142
128 144
128 129
128 177
128 140
129 144
129 130
129 198
129 168
129 205
130 192
130 170
130 157
131 181
131 162
131 154
131 171
131 156
131 133
132 165
132 161
133 148
133 179
133 143
134 136
134 151
135 209
135 178
135 147
135 168
135 202
135 204
136 208
136 199
136 186
137 166
137 159
138 161
138 187
138 143
138 167
139 181
139 143
140 183
140 148
140 153
140 188
141 160
141 206
141 182
141 183
141 170
141 174
142 168
142 186
142 203
142 205
143 177
143 195
143 166
143 199
143 151
143 174
144 178
144 148
144 197
144 209
145 198
145 184
145 190
146 163
146 181
146 200
146 179
147 151
147 170
147 199
147 175
148 188
149 159
150 210
150 163
151 162
151 184
152 193
152 162
152 174
152 201
152 164
153 161
155 157
155 162
155 185
155 192
156 201
158 185
159 209
159 185
160 208
160 200
160 180
160 170
160 191
161 200
161 175
162 177
163 190
164 180
164 177
164 196
164 188
165 208
165 167
165 202
165 175
166 167
166 210
166 175
167 202
167 171
168 172
169 193
169 194
169 183
169 202
170 204
170 194
171 207
172 208
173 200
173 199
174 195
174 199
175 200
175 202
175 187
176 183
176 189
177 197
177 200
178 209
178 189
179 193
179 197
179 185
180 183
180 201
180 203
180 190
181 192
181 198
182 191
182 189
182 202
184 193
185 197
186 191
189 209
189 205
190 203
190 207
191 199
191 201
193 196
193 202
194 209
196 210
197 198
199 208
203 210
205 206
0 211
0 212
0 213
1 214
1 215
1 216
2 217
2 218
2 219
3 220
3 221
3 222
4 223
4 224
4 225
5 226
5 227
5 228
6 229
6 230
6 231
7 232
7 233
7 234
8 235
8 236
8 237
9 238
9 239
9 240
10 241
10 242
10 243
11 244
11 245
11 246
12 247
12 248
12 249
13 250
13 251
13 252
14 253
14 254
14 255
15 256
15 257
15 258
16 259
16 260
16 261
17 262
17 263
17 264
18 265
18 266
18 267
19 268
19 269
19 270
20 271
20 272
20 273
21 274
21 275
21 276
22 277
22 278
22 279
23 280
23 281
23 282
24 283
24 284
24 285
25 286
25 287
25 288
26 289
26 290
26 291
27 292
27 293
27 294
28 295
28 296
28 297
29 298
29 299
29 300
30 301
30 302
30 303
31 304
31 305
31 306
32 307
32 308
32 309
33 310
33 311
33 312
34 313
34 314
34 315
35 316
35 317
35 318
36 319
36 320
36 321
37 322
37 323
37 324
38 325
38 326
38 327
39 328
39 329
39 330
40 331
40 332
40 333
41 334
41 335
41 336
42 337
42 338
42 339
43 340
43 341
43 342
44 343
44 344
44 345
45 346
45 347
45 348
46 349
46 350
46 351
47 352
47 353
47 354
48 355
48 356
48 357
49 358
49 359
49 360
50 361
50 362
50 363
51 364
51 365
51 366
52 367
52 368
52 369
53 370
53 371
53 372
54 373
54 374
54 375
55 376
55 377
55 378
56 379
56 380
56 381
57 382
57 383
57 384
58 385
58 386
58 387
59 388
59 389
59 390
60 391
60 392
60 393
61 394
61 395
61 396
62 397
62 398
62 399
63 400
63 401
63 402
64 403
64 404
64 405
65 406
65 407
65 408
66 409
66 410
66 411
67 412
67 413
67 414
68 415
68 416
68 417
69 418
69 419
69 420
70 421
70 422
70 423
71 424
71 425
71 426
72 427
72 428
72 429
73 430
73 431
73 432
74 433
74 434
74 435
75 436
75 437
75 438
76 439
76 440
76 441
77 442
77 443
77 444
78 445
78 446
78 447
79 448
79 449
79 450
80 451
80 452
80 453
81 454
81 455
81 456
82 457
82 458
82 459
83 460
83 461
83 462
84 463
84 464
84 465
85 466
85 467
85 468
86 469
86 470
86 471
87 472
87 473
87 474
88 475
88 476
88 477
89 478
89 479
89 480
90 481
90 482
90 483
91 484
91 485
91 486
92 487
92 488
92 489
93 490
93 491
93 492
94 493
94 494
94 495
95 496
95 497
95 498
96 499
96 500
96 501
97 502
97 503
97 504
98 505
98 506
98 507
99 508
99 509
99 510
100 511
100 512
100 513
101 514
101 515
101 516
102 517
102 518
102 519
103 520
103 521
103 522
104 523
104 524
104 525
105 526
105 527
105 528
106 529
106 530
106 531
107 532
107 533
107 534
108 535
108 536
108 537
109 538
109 539
109 540
110 541
110 542
110 543
111 544
111 545
111 546
112 547
112 548
112 549
113 550
113 551
113 552
114 553
114 554
114 555
115 556
115 557
115 558
116 559
116 560
116 561
117 562
117 563
117 564
118 565
118 566
118 567
119 568
119 569
119 570
120 571
120 572
120 573
121 574
121 575
121 576
122 577
122 578
122 579
123 580
123 581
123 582
124 583
124 584
124 585
125 586
125 587
125 588
126 589
126 590
126 591
127 592
127 593
127 594
128 595
128 596
128 597
129 598
129 599
129 600
130 601
130 602
130 603
131 604
131 605
131 606
132 607
132 608
132 609
133 610
133 611
133 612
134 613
134 614
134 615
135 616
135 617
135 618
136 619
136 620
136 621
137 622
137 623
137 624
138 625
138 626
138 627
139 628
139 629
139 630
140 631
140 632
140 633
141 634
141 635
141 636
142 637
142 638
142 639
143 640
143 641
143 642
144 643
144 644
144 645
145 646
145 647
145 648
146 649
146 650
146 651
147 652
147 653
147 654
148 655
148 656
148 657
149 658
149 659
149 660
150 661
150 662
150 663
151 664
151 665
151 666
152 667
152 668
152 669
153 670
153 671
153 672
154 673
154 674
154 675
155 676
155 677
155 678
156 679
156 680
156 681
157 682
157 683
157 684
158 685
158 686
158 687
159 688
159 689
159 690
160 691
160 692
160 693
161 694
161 695
161 696
162 697
162 698
162 699
163 700
163 701
163 702
164 703
164 704
164 705
165 706
165 707
165 708
166 709
166 710
166 711
167 712
167 713
167 714
168 715
168 716
168 717
169 718
169 719
169 720
170 721
170 722
170 723
171 724
171 725
171 726
172 727
172 728
172 729
173 730
173 731
173 732
174 733
174 734
174 735
175 736
175 737
175 738
176 739
176 740
176 741
177 742
177 743
177 744
178 745
178 746
178 747
179 748
179 749
179 750
180 751
180 752
180 753
181 754
181 755
181 756
182 757
182 758
182 759
183 760
183 761
183 762
184 763
184 764
184 765
185 766
185 767
185 768
186 769
186 770
186 771
187 772
187 773
187 774
188 775
188 776
188 777
189 778
189 779
189 780
190 781
190 782
190 783
191 784
191 785
191 786
192 787
192 788
192 789
193 790
193 791
193 792
194 793
194 794
194 795
195 796
195 797
195 798
196 799
196 800
196 801
197 802
197 803
197 804
198 805
198 806
198 807
199 808
199 809
199 810
200 811
200 812
200 813
201 814
201 815
201 816
202 817
202 818
202 819
203 820
203 821
203 822
204 823
204 824
204 825
205 826
205 827
205 828
206 829
206 830
206 831
207 832
207 833
207 834
208 835
208 836
208 837
209 838
209 839
209 840
210 841
210 842
210 843
