0 192
0 128
0 418
0 106
0 194
0 125
0 19
0 269
0 313
0 58
0 156
0 346
0 350
0 255
1 288
1 219
1 229
1 102
1 104
1 457
1 108
1 141
1 110
1 367
1 92
1 187
1 28
1 351
2 257
2 387
2 179
2 353
2 275
2 105
2 172
2 79
2 168
2 499
2 383
2 477
2 190
2 287
3 416
3 230
3 7
3 392
3 41
3 492
3 240
3 401
3 307
3 439
3 88
3 121
3 316
3 62
4 257
4 482
4 452
4 325
4 6
4 193
4 168
4 329
4 107
4 468
4 85
4 471
4 314
4 158
5 35
5 118
5 136
5 265
5 139
5 205
5 419
5 404
5 57
5 342
5 281
5 153
5 345
5 21
6 224
6 485
6 348
6 106
6 239
6 397
6 334
6 303
6 304
6 81
6 59
6 60
6 143
7 129
7 70
7 262
7 456
7 298
7 401
7 434
7 435
7 276
7 277
7 127
7 222
7 373
8 288
8 129
8 260
8 359
8 161
8 265
8 216
8 436
8 375
8 344
8 132
8 188
8 93
8 414
9 96
9 225
9 98
9 99
9 454
9 262
9 104
9 460
9 367
9 184
9 470
9 88
9 185
9 122
10 353
10 67
10 273
10 136
10 202
10 300
10 237
10 77
10 301
10 433
10 468
10 55
10 186
10 413
11 288
11 418
11 291
11 356
11 260
11 392
11 124
11 492
11 210
11 259
11 313
11 251
11 92
11 477
12 323
12 292
12 487
12 72
12 426
12 364
12 45
12 16
12 53
12 150
12 119
12 91
12 125
12 181
13 36
13 455
13 457
13 330
13 397
13 176
13 177
13 179
13 23
13 234
13 346
13 444
13 266
13 94
14 257
14 196
14 201
14 490
14 171
14 77
14 175
14 432
14 307
14 341
14 89
14 284
14 413
14 318
15 144
15 421
15 209
15 391
15 79
15 336
15 241
15 83
15 340
15 277
15 183
15 154
15 286
15 309
16 163
16 200
16 203
16 365
16 461
16 464
16 120
16 478
16 283
16 473
16 187
16 221
16 475
17 128
17 288
17 452
17 358
17 70
17 423
17 489
17 39
17 367
17 85
17 471
17 312
17 346
17 94
18 395
18 454
18 358
18 265
18 171
18 492
18 207
18 403
18 309
18 87
18 284
18 221
18 222
18 159
19 347
19 36
19 485
19 423
19 297
19 141
19 174
19 144
19 498
19 339
19 53
19 246
19 219
20 195
20 101
20 42
20 235
20 333
20 496
20 273
20 275
20 343
20 409
20 58
20 317
20 254
20 133
21 67
21 131
21 230
21 137
21 236
21 237
21 44
21 432
21 401
21 51
21 342
21 376
21 460
22 384
22 150
22 39
22 457
22 396
22 184
22 435
22 116
22 405
22 374
22 169
22 440
22 412
22 101
23 450
23 227
23 200
23 42
23 206
23 24
23 83
23 404
23 184
23 473
23 410
23 155
23 284
24 331
24 357
24 231
24 363
24 397
24 302
24 335
24 369
24 431
24 49
24 191
24 151
24 389
25 384
25 64
25 226
25 67
25 448
25 358
25 353
25 174
25 337
25 372
25 118
25 377
25 26
25 222
26 387
26 68
26 198
26 231
26 391
26 366
26 227
26 468
26 478
26 442
26 283
26 221
26 126
27 194
27 293
27 230
27 136
27 201
27 109
27 66
27 397
27 113
27 94
27 214
27 361
27 126
27 469
28 132
28 134
28 359
28 138
28 299
28 397
28 173
28 243
28 308
28 405
28 87
28 351
28 447
29 194
29 294
29 260
29 165
29 486
29 429
29 495
29 272
29 407
29 248
29 153
29 155
29 125
29 254
30 416
30 385
30 163
30 294
30 230
30 488
30 73
30 109
30 256
30 205
30 81
30 367
30 349
30 69
31 258
31 37
31 390
31 296
31 476
31 235
31 364
31 242
31 468
31 342
31 57
31 408
31 89
31 316
32 228
32 328
32 393
32 490
32 492
32 467
32 80
32 401
32 498
32 243
32 212
32 469
32 375
32 462
33 224
33 484
33 261
33 486
33 302
33 349
33 144
33 142
33 228
33 442
33 239
33 413
33 350
33 36
34 226
34 291
34 455
34 264
34 359
34 365
34 367
34 296
34 237
34 85
34 346
34 250
34 348
34 186
35 64
35 41
35 427
35 204
35 205
35 398
35 399
35 401
35 276
35 310
35 492
35 190
35 351
36 339
36 146
36 174
36 141
36 178
36 277
36 54
36 411
36 426
36 202
36 127
37 128
37 160
37 450
37 484
37 70
37 166
37 168
37 490
37 239
37 113
37 453
37 362
37 158
38 162
38 99
38 452
38 425
38 490
38 492
38 493
38 368
38 466
38 314
38 251
38 349
38 350
38 479
39 149
39 483
39 260
39 325
39 456
39 405
39 173
39 238
39 195
39 341
39 343
39 319
40 208
40 130
40 420
40 103
40 392
40 112
40 49
40 306
40 499
40 309
40 342
40 377
40 154
40 104
41 160
41 417
41 226
41 211
41 426
41 366
41 445
41 242
41 52
41 184
41 431
41 285
42 163
42 452
42 241
42 489
42 362
42 43
42 48
42 465
42 75
42 245
42 409
42 127
43 290
43 98
43 104
43 297
43 490
43 109
43 206
43 253
43 276
43 85
43 376
43 148
43 330
44 192
44 417
44 459
44 135
44 75
44 364
44 272
44 467
44 343
44 312
44 220
44 253
44 446
45 65
45 418
45 323
45 327
45 488
45 304
45 360
45 50
45 85
45 279
45 312
45 185
45 159
46 320
46 64
46 166
46 112
46 170
46 215
46 144
46 82
46 340
46 310
46 249
46 57
46 475
46 124
47 167
47 264
47 122
47 203
47 175
47 157
47 253
47 245
47 118
47 89
47 474
47 156
47 189
47 213
48 66
48 196
48 197
48 487
48 173
48 79
48 304
48 408
48 371
48 116
48 56
48 426
48 293
49 260
49 390
49 202
49 494
49 498
49 84
49 118
49 57
49 313
49 410
49 362
49 490
50 144
50 450
50 294
50 369
50 393
50 202
50 176
50 368
50 403
50 341
50 379
50 188
50 189
51 107
51 453
51 455
51 81
51 233
51 426
51 395
51 492
51 272
51 433
51 281
51 445
51 126
52 290
52 419
52 452
52 265
52 111
52 467
52 180
52 151
52 347
52 283
52 92
52 221
52 222
53 257
53 83
53 294
53 327
53 366
53 241
53 434
53 181
53 410
53 59
53 218
53 245
54 320
54 129
54 167
54 233
54 461
54 238
54 469
54 55
54 388
54 154
54 447
54 124
54 223
55 449
55 68
55 261
55 100
55 225
55 395
55 173
55 429
55 81
55 434
55 308
55 420
56 100
56 134
56 437
56 169
56 307
56 145
56 403
56 341
56 489
56 345
56 92
56 446
56 415
57 449
57 68
57 166
57 305
57 458
57 231
57 176
57 470
57 376
57 60
58 193
58 262
58 321
58 72
58 363
58 277
58 406
58 215
58 152
58 122
58 378
58 223
59 320
59 418
59 483
59 388
59 197
59 167
59 235
59 301
59 433
59 378
59 93
59 63
60 225
60 259
60 452
60 71
60 203
60 241
60 498
60 481
60 342
60 153
60 90
60 316
61 133
61 482
61 67
61 164
61 197
61 203
61 175
61 80
61 115
61 211
61 148
61 438
61 349
61 479
62 162
62 195
62 150
62 393
62 491
62 428
62 270
62 431
62 240
62 312
62 342
62 344
62 248
63 321
63 66
63 132
63 129
63 266
63 331
63 76
63 289
63 240
63 465
63 339
63 87
63 414
64 416
64 481
64 388
64 73
64 176
64 462
64 432
64 206
64 274
64 121
64 218
65 384
65 161
65 486
65 134
65 107
65 368
65 278
65 216
65 358
65 223
65 133
65 445
65 95
66 320
66 191
66 67
66 389
66 134
66 493
66 291
66 150
66 152
66 92
66 190
67 352
67 194
67 69
67 299
67 336
67 245
67 246
67 279
67 121
68 288
68 129
68 451
68 265
68 330
68 272
68 337
68 146
68 181
68 119
68 380
69 321
69 355
69 199
69 232
69 391
69 289
69 80
69 190
69 441
69 440
69 473
69 159
70 353
70 395
70 164
70 433
70 232
70 234
70 463
70 498
70 345
70 250
70 412
71 261
71 328
71 458
71 285
71 337
71 156
71 116
71 233
71 474
71 123
71 380
71 330
71 158
72 163
72 453
72 134
72 139
72 173
72 334
72 400
72 358
72 404
72 220
72 125
72 190
73 385
73 322
73 293
73 422
73 202
73 236
73 269
73 82
73 119
73 325
73 458
73 230
74 386
74 196
74 296
74 234
74 371
74 268
74 335
74 136
74 146
74 243
74 436
74 247
74 253
74 190
75 384
75 227
75 170
75 486
75 173
75 142
75 303
75 244
75 366
75 345
75 116
75 317
76 98
76 263
76 351
76 135
76 78
76 429
76 206
76 464
76 273
76 274
76 277
76 407
76 127
77 417
77 311
77 428
77 119
77 364
77 338
77 430
77 181
77 342
77 343
77 318
77 247
78 230
78 113
78 264
78 361
78 170
78 142
78 79
78 488
78 254
78 91
78 200
78 232
78 126
79 256
79 193
79 427
79 396
79 162
79 279
79 120
79 282
79 124
79 94
80 167
80 200
80 425
80 269
80 366
80 369
80 372
80 252
80 216
80 92
80 181
81 417
81 386
81 147
81 389
81 360
81 431
81 152
81 85
81 472
81 383
82 160
82 147
82 229
82 456
82 403
82 125
82 488
82 339
82 361
82 313
82 314
82 90
83 375
83 292
83 201
83 107
83 108
83 435
83 272
83 339
83 425
83 189
83 437
84 258
84 133
84 299
84 338
84 141
84 270
84 431
84 368
84 178
84 472
84 90
84 111
84 254
85 133
85 393
85 177
85 243
85 244
85 169
85 478
85 159
86 128
86 385
86 265
86 139
86 204
86 496
86 435
86 404
86 374
86 312
86 346
86 412
86 314
86 415
87 99
87 196
87 198
87 297
87 298
87 139
87 174
87 176
87 277
87 442
87 443
88 101
88 232
88 362
88 204
88 209
88 115
88 406
88 343
88 364
88 410
88 403
88 383
89 417
89 386
89 196
89 197
89 295
89 339
89 437
89 150
89 484
89 186
89 187
90 322
90 355
90 263
90 392
90 201
90 459
90 140
90 370
90 467
90 379
90 351
91 315
91 331
91 236
91 367
91 304
91 287
91 430
91 214
91 249
91 219
91 382
91 319
92 320
92 389
92 206
92 303
92 274
92 436
92 407
92 476
93 256
93 322
93 327
93 264
93 145
93 119
93 141
93 223
93 433
93 407
93 199
93 447
94 416
94 226
94 162
94 235
94 366
94 369
94 126
94 173
94 377
94 446
95 416
95 227
95 422
95 167
95 361
95 170
95 365
95 399
95 276
95 309
95 333
95 439
95 106
96 354
96 355
96 101
96 486
96 422
96 424
96 429
96 398
96 112
96 117
96 281
96 185
96 411
97 257
97 229
97 359
97 200
97 380
97 266
97 139
97 269
97 310
97 408
97 121
97 346
97 103
97 444
98 491
98 452
98 295
98 424
98 394
98 109
98 208
98 279
98 376
98 388
98 382
99 160
99 324
99 300
99 234
99 491
99 268
99 397
99 335
99 240
99 370
99 116
100 417
100 131
100 197
100 353
100 328
100 299
100 432
100 179
100 225
100 117
100 311
100 217
101 289
101 329
101 331
101 461
101 238
101 208
101 113
101 247
101 223
101 351
102 192
102 352
102 262
102 231
102 328
102 407
102 496
102 305
102 446
102 279
102 347
102 252
102 222
103 188
103 491
103 461
103 402
103 176
103 434
103 436
103 405
103 441
103 340
103 412
103 309
104 160
104 427
104 303
104 400
104 212
104 469
104 406
104 312
104 123
104 277
105 192
105 449
105 196
105 261
105 457
105 450
105 302
105 141
105 273
105 467
105 276
105 132
105 250
106 193
106 165
106 458
106 491
106 244
106 278
106 186
106 443
106 325
106 445
106 446
107 260
107 359
107 394
107 267
107 494
107 241
107 146
107 310
107 283
107 479
108 115
108 360
108 488
108 396
108 207
108 145
108 310
108 474
108 319
108 211
108 350
108 447
109 320
109 353
109 455
109 169
109 111
109 176
109 371
109 448
109 373
109 215
110 326
110 465
110 460
110 202
110 204
110 370
110 206
110 271
110 208
110 433
110 498
110 409
110 138
111 128
111 161
111 454
111 136
111 394
111 396
111 276
111 350
111 438
111 476
111 158
112 354
112 195
112 488
112 172
112 464
112 383
112 212
112 278
112 474
112 219
112 296
113 480
113 257
113 196
113 453
113 425
113 364
113 175
113 271
113 248
113 285
114 393
114 228
114 389
114 425
114 362
114 491
114 495
114 497
114 156
114 308
114 182
114 439
114 123
114 444
115 194
115 483
115 324
115 134
115 127
115 130
115 205
115 466
115 150
115 223
115 383
116 368
116 387
116 417
116 140
116 172
116 399
116 436
116 372
116 154
117 480
117 260
117 421
117 470
117 460
117 143
117 337
117 212
117 181
117 182
117 215
117 218
118 194
118 454
118 364
118 458
118 140
118 338
118 179
118 413
118 477
118 191
119 386
119 426
119 334
119 335
119 467
119 405
119 462
119 379
119 158
120 224
120 226
120 423
120 361
120 339
120 269
120 206
120 399
120 435
120 404
120 154
120 319
121 134
121 200
121 457
121 266
121 494
121 242
121 148
121 280
121 123
121 124
122 133
122 201
122 138
122 279
122 207
122 408
122 467
122 373
122 152
122 345
122 442
123 450
123 419
123 242
123 172
123 399
123 141
123 274
123 131
123 344
123 348
124 356
124 485
124 486
124 201
124 210
124 441
124 217
124 284
124 253
125 370
125 211
125 368
125 146
125 275
125 342
125 183
125 153
125 446
126 352
126 435
126 203
126 402
126 237
126 209
126 338
126 438
126 184
127 496
127 168
127 199
127 336
127 264
127 434
127 356
127 350
127 415
128 321
128 482
128 443
128 136
128 300
128 494
128 411
128 412
128 318
129 246
129 421
129 262
129 173
129 372
129 438
129 439
129 157
129 446
130 263
130 251
130 356
130 422
130 391
130 199
130 204
130 205
130 242
130 439
130 442
130 411
131 258
131 197
131 391
131 132
131 175
131 399
131 375
131 164
131 346
131 345
131 213
132 390
132 231
132 424
132 426
132 395
132 495
132 195
132 343
132 207
133 418
133 261
133 264
133 425
133 453
133 208
133 475
133 287
134 354
134 179
134 220
134 171
134 178
134 372
134 154
135 484
135 246
135 264
135 430
135 271
135 433
135 213
135 310
135 184
135 409
135 253
135 405
136 267
136 164
136 427
136 460
136 148
136 344
136 244
136 477
137 256
137 164
137 453
137 264
137 489
137 266
137 363
137 498
137 338
137 148
137 437
137 187
137 413
138 230
138 358
138 438
138 360
138 170
138 428
138 275
138 276
138 278
138 312
138 441
139 261
139 487
139 247
139 334
139 240
139 184
139 281
139 221
139 318
140 416
140 166
140 456
140 169
140 366
140 445
140 275
140 473
140 431
140 316
140 282
141 417
141 342
141 330
141 300
141 466
141 150
141 376
142 363
142 369
142 402
142 383
142 244
142 376
142 283
142 186
142 155
142 349
142 479
143 497
143 392
143 427
143 398
143 221
143 432
143 273
143 306
143 435
143 377
143 317
143 415
144 160
144 420
144 453
144 170
144 460
144 493
144 302
144 206
144 310
145 440
145 491
145 271
145 304
145 276
145 469
145 151
145 216
145 175
145 444
145 280
146 160
146 490
146 298
146 395
146 285
146 435
146 469
146 374
146 286
147 420
147 455
147 489
147 491
147 462
147 189
147 400
147 372
147 292
147 249
147 314
147 167
148 385
148 292
148 406
148 326
148 489
148 330
148 279
148 149
148 214
149 289
149 484
149 230
149 294
149 328
149 398
149 272
149 213
149 342
149 249
149 409
149 157
150 406
150 307
150 366
150 370
150 247
150 347
150 156
151 194
151 388
151 231
151 296
151 394
151 427
151 172
151 420
151 154
151 475
151 479
152 387
152 389
152 327
152 489
152 199
152 397
152 337
152 317
152 382
152 453
153 228
153 476
153 202
153 236
153 333
153 462
153 182
153 472
153 185
153 325
154 321
154 354
154 483
154 202
154 363
154 406
154 390
155 163
155 428
155 300
155 431
155 479
155 243
155 437
155 406
155 472
155 187
155 287
156 193
156 393
156 175
156 177
156 403
156 181
156 186
156 443
156 478
157 322
157 230
157 161
157 456
157 425
157 359
157 498
157 375
157 440
157 285
157 277
158 193
158 386
158 227
158 455
158 370
158 451
158 373
158 218
158 220
159 224
159 289
159 299
159 166
159 359
159 331
159 240
159 249
159 255
159 191
160 448
160 327
160 171
160 236
160 180
160 443
160 447
161 419
161 430
161 483
161 232
161 323
161 214
161 375
161 376
161 313
161 383
162 290
162 293
162 235
162 238
162 468
162 310
162 409
162 334
162 463
162 252
163 448
163 321
163 283
163 326
163 305
163 403
163 187
163 490
163 255
164 422
164 233
164 170
164 247
164 477
164 370
164 189
164 222
164 453
165 203
165 197
165 456
165 297
165 235
165 372
165 381
165 369
165 180
165 341
165 377
165 283
166 485
166 391
166 488
166 393
166 305
166 430
166 247
166 445
166 382
167 219
167 487
167 270
167 271
167 402
167 436
167 374
167 318
168 263
168 459
168 333
168 440
168 306
168 468
168 184
168 313
168 218
168 282
169 416
169 356
169 390
169 424
169 460
169 206
169 368
169 216
169 478
170 233
170 408
170 344
170 383
170 284
170 413
170 382
171 256
171 195
171 388
171 301
171 305
171 275
171 405
171 196
171 346
171 479
172 388
172 390
172 263
172 298
172 300
172 432
172 243
172 444
172 414
173 355
173 269
173 494
173 242
173 281
173 413
174 224
174 323
174 421
174 361
174 400
174 433
174 340
174 248
174 316
174 255
175 453
175 296
175 396
175 240
175 436
175 245
175 293
176 292
176 467
176 303
176 435
176 397
176 252
176 191
177 384
177 357
177 262
177 300
177 365
177 462
177 465
177 434
177 340
177 347
177 222
178 325
178 264
178 201
178 365
178 464
178 435
178 345
178 280
178 441
178 283
178 349
179 359
179 298
179 398
179 418
179 208
179 436
179 442
179 412
179 446
180 416
180 483
180 487
180 202
180 430
180 207
180 496
180 185
180 283
180 221
180 318
181 496
181 330
181 461
181 431
181 370
181 217
181 319
182 227
182 298
182 245
182 440
182 370
182 318
182 472
182 217
182 476
182 286
182 447
183 194
183 195
183 388
183 327
183 361
183 271
183 400
183 273
183 372
183 437
183 282
183 190
184 325
184 301
184 477
184 273
184 242
184 349
185 450
185 387
185 235
185 496
185 290
185 282
185 380
185 378
185 223
186 224
186 323
186 324
186 199
186 204
186 335
186 277
186 345
187 249
187 436
187 207
187 375
187 498
187 372
187 217
187 286
188 328
188 359
188 263
188 205
188 207
188 239
188 368
188 401
188 404
188 406
188 311
189 323
189 293
189 493
189 433
189 371
189 439
189 344
189 219
189 252
190 449
190 332
190 266
190 428
190 272
190 345
190 475
191 263
191 201
191 455
191 398
191 253
191 336
191 341
191 314
191 442
192 290
192 451
192 356
192 392
192 204
192 429
192 302
192 245
192 411
192 382
193 386
193 485
193 456
193 207
193 211
193 245
193 347
193 286
194 260
194 303
194 342
194 216
194 220
194 414
195 288
195 370
195 467
195 239
195 274
195 339
195 341
196 417
196 457
196 489
196 304
196 434
196 383
197 416
197 235
197 461
197 349
197 245
197 377
197 254
198 259
198 326
198 261
198 454
198 434
198 370
198 371
198 212
198 375
198 280
198 381
198 389
199 451
199 456
199 492
199 482
199 497
199 322
199 499
199 311
200 352
200 295
200 480
200 237
200 305
200 210
200 496
200 254
201 354
201 260
201 426
201 331
201 402
201 308
202 401
202 302
202 282
202 314
202 437
203 320
203 357
203 390
203 429
203 303
203 402
203 371
203 213
204 384
204 360
204 329
204 338
204 274
204 341
204 286
205 448
205 453
205 262
205 428
205 354
205 463
205 333
205 217
206 323
206 423
206 393
206 399
206 273
207 489
207 331
207 461
207 238
207 434
207 365
208 385
208 380
208 400
208 337
208 311
208 473
208 220
208 447
209 320
209 288
209 490
209 328
209 234
209 497
209 254
209 311
209 473
209 239
209 253
210 352
210 355
210 356
210 325
210 326
210 428
210 270
210 340
210 215
210 276
210 471
211 482
211 406
211 267
211 258
211 436
211 470
211 216
211 397
211 442
212 386
212 451
212 327
212 299
212 495
212 401
212 280
212 411
212 476
213 263
213 427
213 438
213 421
213 476
213 246
213 377
213 431
213 252
214 320
214 385
214 229
214 325
214 423
214 489
214 425
214 312
214 254
214 479
215 321
215 232
215 332
215 495
215 469
215 472
215 281
215 250
215 414
216 363
216 332
216 274
216 470
216 407
216 445
216 414
217 231
217 317
217 367
217 369
217 403
217 347
217 285
217 255
218 480
218 395
218 396
218 366
218 336
218 404
218 469
218 375
218 444
219 322
219 420
219 454
219 295
219 268
219 462
219 273
219 414
220 289
220 421
220 327
220 488
220 298
220 463
220 436
220 286
221 416
221 224
221 324
221 454
221 231
221 251
221 415
222 449
222 308
222 330
222 240
222 440
222 443
222 254
223 481
223 392
223 233
223 301
223 302
223 429
223 244
224 362
224 270
224 413
224 369
224 306
224 410
224 346
225 387
225 356
225 422
225 394
225 412
225 433
225 468
225 375
225 228
225 378
226 481
226 418
226 451
226 458
226 371
226 332
226 369
226 243
226 297
227 449
227 311
227 393
227 239
227 338
227 381
227 253
227 415
228 408
228 422
228 396
228 352
228 440
228 377
228 282
228 411
228 314
229 290
229 483
229 360
229 269
229 370
229 375
229 378
229 379
229 476
229 255
230 420
230 326
230 231
230 305
230 379
231 298
231 274
231 307
231 248
231 477
232 457
232 239
232 440
232 307
232 302
232 470
232 444
232 380
233 450
233 355
233 425
233 459
233 340
233 329
233 351
233 284
234 384
234 418
234 357
234 300
234 371
234 310
234 375
234 445
234 415
235 457
235 395
235 302
235 278
235 374
235 287
236 321
236 473
236 419
236 421
236 486
236 329
236 365
236 387
236 408
237 357
237 299
237 269
237 398
237 305
237 437
237 345
237 380
237 477
238 320
238 419
238 290
238 368
238 307
238 277
238 278
238 343
238 378
239 460
239 428
239 313
239 411
239 445
239 389
240 318
240 321
240 289
240 489
240 458
240 337
241 480
241 487
241 296
241 491
241 301
241 266
241 316
241 381
241 447
242 443
242 294
242 391
242 394
242 322
242 461
242 319
243 322
243 389
243 326
243 488
243 496
243 499
243 439
244 357
244 421
244 397
244 462
244 463
244 280
244 348
244 394
245 334
245 400
245 480
245 438
245 343
246 292
246 299
246 397
246 432
246 337
246 278
246 247
246 473
246 249
247 417
247 455
247 470
247 361
247 279
247 378
248 480
248 354
248 483
248 357
248 465
248 301
248 269
248 434
248 307
249 327
249 457
249 402
249 403
249 472
249 442
249 475
250 417
250 292
250 267
250 429
250 337
250 309
250 408
250 283
250 413
250 351
251 352
251 291
251 422
251 403
251 322
251 401
251 259
251 439
251 380
251 383
252 419
252 265
252 394
252 268
252 430
252 285
252 368
252 498
253 293
253 300
253 460
253 312
253 313
254 295
254 459
254 431
254 336
254 309
255 417
255 456
255 299
255 304
255 337
255 280
255 380
255 267
256 290
256 485
256 328
256 428
256 461
256 392
256 265
256 350
256 287
257 451
257 427
257 365
257 483
257 404
257 346
257 350
257 287
258 448
258 288
258 357
258 455
258 328
258 355
258 494
258 465
258 277
258 430
259 475
259 326
259 337
259 348
259 305
259 430
259 273
259 425
259 282
259 329
260 294
260 487
260 473
260 315
260 476
261 487
261 433
261 402
261 404
261 278
261 409
261 315
262 328
262 301
262 494
262 461
262 435
262 334
262 270
263 420
263 497
263 306
263 432
263 465
263 338
264 487
264 362
264 492
264 418
264 310
265 385
265 294
265 460
265 437
265 278
265 410
266 268
266 365
266 367
266 336
266 438
266 472
266 314
267 385
267 484
267 353
267 275
267 332
267 496
267 273
267 474
267 411
268 389
268 368
268 351
268 469
268 470
268 408
268 283
268 443
268 293
269 449
269 359
269 403
269 314
269 348
270 292
270 394
270 396
270 374
270 376
270 468
270 412
270 285
271 299
271 452
271 459
271 494
271 336
271 338
271 441
271 379
272 424
272 307
272 491
272 404
272 310
272 377
272 319
273 481
273 295
273 429
274 448
274 486
274 423
274 304
274 384
274 347
275 320
275 452
275 486
275 494
275 437
275 310
275 347
276 443
276 313
276 479
276 413
276 318
277 358
277 426
277 301
278 291
278 474
278 476
278 317
278 459
279 359
279 332
279 334
279 387
279 429
279 474
280 321
280 293
280 294
280 428
280 464
280 471
280 344
281 393
281 331
281 396
281 494
281 304
281 329
281 475
281 350
282 449
282 360
282 407
282 374
282 317
282 478
283 463
283 470
283 303
284 449
284 365
284 336
284 372
284 469
284 470
284 409
284 309
285 288
285 416
285 462
285 369
285 312
285 475
286 491
286 388
286 427
286 291
286 468
286 373
286 410
287 353
287 363
287 433
287 451
287 405
287 473
287 381
288 323
288 349
288 403
288 309
288 471
289 418
289 360
289 492
289 304
289 465
289 407
289 440
290 483
290 423
290 392
290 351
290 349
290 325
291 315
291 457
291 298
291 300
291 308
291 439
291 376
291 413
292 464
292 438
292 424
292 332
292 367
292 296
293 452
293 427
293 482
293 311
293 475
294 332
294 335
294 350
294 484
294 412
295 324
295 493
295 463
295 301
295 333
295 478
295 409
295 474
296 451
296 422
296 329
296 459
296 366
296 438
297 481
297 331
297 419
297 430
297 384
297 339
297 398
297 374
297 347
298 493
298 499
298 468
298 344
298 317
299 481
299 386
299 371
299 499
300 422
300 359
300 328
300 332
301 480
301 421
301 331
301 471
302 358
302 330
302 341
302 409
302 410
303 425
303 430
303 310
303 408
303 315
303 444
304 361
304 333
304 317
304 318
305 355
305 356
305 332
305 333
305 408
306 418
306 421
306 358
306 460
306 336
306 404
306 405
306 407
306 412
307 354
307 388
307 363
307 499
307 348
308 386
308 419
308 452
308 326
308 422
308 491
308 346
308 411
309 424
309 429
309 432
309 345
309 319
310 474
311 368
311 333
311 373
311 463
311 346
311 315
312 353
312 322
312 315
312 383
313 417
313 450
313 331
313 391
313 460
314 456
314 498
314 466
314 471
315 357
315 460
315 330
315 332
315 366
315 444
315 478
316 485
316 486
316 462
316 335
316 466
316 378
316 476
316 382
317 365
317 461
317 412
317 349
317 414
318 322
318 343
318 410
318 377
319 482
319 395
319 324
319 428
319 423
319 333
320 484
320 397
320 407
321 458
321 371
321 382
321 447
322 395
322 405
322 495
323 388
323 492
323 400
323 338
323 373
323 431
324 458
324 353
324 362
324 387
324 463
324 341
324 440
324 367
325 406
325 338
325 367
325 381
326 380
326 463
326 405
326 372
326 348
327 449
327 461
327 335
327 472
327 411
328 366
328 406
328 412
329 480
329 485
329 491
329 497
329 402
329 479
330 379
330 493
330 350
330 446
331 441
331 459
331 378
332 424
332 344
332 395
333 441
333 387
333 462
333 340
334 482
334 361
334 398
334 495
334 496
334 351
335 448
335 361
335 430
335 497
335 355
335 494
336 493
336 463
336 401
336 429
337 485
337 427
337 382
338 388
338 454
338 366
339 484
339 488
339 364
339 494
339 472
340 480
340 386
340 387
340 391
340 431
340 438
341 490
341 484
341 345
341 475
342 451
342 466
342 346
343 482
343 426
343 464
343 465
343 376
344 353
344 355
344 364
344 492
344 438
345 354
345 376
346 387
347 371
347 465
347 477
347 414
348 358
348 390
348 402
348 444
348 474
348 421
349 391
349 392
349 439
350 498
350 378
350 381
351 495
351 467
351 410
352 482
352 458
352 401
352 466
352 414
352 409
352 415
353 423
353 425
353 400
354 356
354 458
354 395
354 468
354 476
355 361
355 472
355 473
355 443
356 357
356 399
356 496
356 415
357 384
357 386
357 452
357 462
358 456
358 400
358 379
358 381
359 485
359 428
360 388
360 457
360 434
360 469
360 426
360 446
361 454
361 392
362 459
362 470
362 441
362 458
362 414
362 415
363 454
363 424
363 463
363 368
363 471
363 408
364 481
364 486
364 495
364 498
364 477
365 424
365 471
365 445
366 455
367 484
367 466
367 437
368 385
369 483
369 390
369 478
369 415
370 449
370 456
371 467
371 475
371 412
372 453
372 375
372 376
373 425
373 427
373 397
373 402
373 495
373 411
373 383
374 448
374 389
374 392
374 403
374 437
374 447
375 403
376 450
376 405
377 455
377 490
377 470
377 415
378 491
378 393
378 400
378 441
379 388
379 493
379 399
379 498
379 409
379 443
380 429
380 401
380 402
380 497
381 384
381 416
381 485
381 465
381 439
381 472
382 421
382 456
382 427
382 436
382 437
383 420
383 467
384 481
384 469
384 442
385 401
385 432
385 441
385 413
385 447
386 450
386 464
386 466
387 416
387 451
389 397
389 430
389 465
390 483
390 424
390 452
390 477
390 478
391 484
391 418
391 440
391 410
392 467
392 404
393 464
393 466
393 479
394 448
394 493
394 499
394 409
394 477
395 480
395 411
396 435
396 464
396 499
396 442
396 478
398 481
398 457
398 497
398 471
398 473
399 450
399 487
399 428
399 493
399 408
400 488
400 451
400 411
401 485
402 449
402 441
404 448
404 467
405 455
405 437
406 483
406 484
406 446
407 434
407 464
407 432
407 479
408 463
409 482
410 427
410 460
410 436
412 419
413 482
413 439
414 454
414 459
414 418
415 495
415 442
416 462
417 443
418 487
419 423
419 459
419 429
419 478
420 448
420 481
420 423
420 463
420 497
421 448
421 474
422 497
422 466
422 499
423 450
423 454
423 447
424 450
424 457
424 447
425 459
426 461
426 443
426 444
428 432
430 493
431 486
431 468
432 455
432 434
433 483
433 473
434 474
435 464
435 476
436 445
438 445
438 472
439 449
439 446
440 481
440 495
441 486
441 446
442 450
442 499
443 478
444 451
444 476
444 445
445 488
446 458
447 479
448 462
449 469
451 475
452 484
453 464
453 466
454 489
454 477
455 496
456 486
457 471
458 482
459 485
461 478
464 497
465 492
465 474
466 487
466 495
468 490
468 477
469 482
470 489
470 474
471 488
471 495
471 493
472 475
473 493
479 480
480 494
480 489
481 492
481 499
485 499
487 488
487 496
490 497
490 499
494 497
0 500
0 501
0 502
0 503
0 504
0 505
1 506
1 507
1 508
1 509
1 510
1 511
2 512
2 513
2 514
2 515
2 516
2 517
3 518
3 519
3 520
3 521
3 522
3 523
4 524
4 525
4 526
4 527
4 528
4 529
5 530
5 531
5 532
5 533
5 534
5 535
6 536
6 537
6 538
6 539
6 540
6 541
7 542
7 543
7 544
7 545
7 546
7 547
8 548
8 549
8 550
8 551
8 552
8 553
9 554
9 555
9 556
9 557
9 558
9 559
10 560
10 561
10 562
10 563
10 564
10 565
11 566
11 567
11 568
11 569
11 570
11 571
12 572
12 573
12 574
12 575
12 576
12 577
13 578
13 579
13 580
13 581
13 582
13 583
14 584
14 585
14 586
14 587
14 588
14 589
15 590
15 591
15 592
15 593
15 594
15 595
16 596
16 597
16 598
16 599
16 600
16 601
17 602
17 603
17 604
17 605
17 606
17 607
18 608
18 609
18 610
18 611
18 612
18 613
19 614
19 615
19 616
19 617
19 618
19 619
20 620
20 621
20 622
20 623
20 624
20 625
21 626
21 627
21 628
21 629
21 630
21 631
22 632
22 633
22 634
22 635
22 636
22 637
23 638
23 639
23 640
23 641
23 642
23 643
24 644
24 645
24 646
24 647
24 648
24 649
25 650
25 651
25 652
25 653
25 654
25 655
26 656
26 657
26 658
26 659
26 660
26 661
27 662
27 663
27 664
27 665
27 666
27 667
28 668
28 669
28 670
28 671
28 672
28 673
29 674
29 675
29 676
29 677
29 678
29 679
30 680
30 681
30 682
30 683
30 684
30 685
31 686
31 687
31 688
31 689
31 690
31 691
32 692
32 693
32 694
32 695
32 696
32 697
33 698
33 699
33 700
33 701
33 702
33 703
34 704
34 705
34 706
34 707
34 708
34 709
35 710
35 711
35 712
35 713
35 714
35 715
36 716
36 717
36 718
36 719
36 720
36 721
37 722
37 723
37 724
37 725
37 726
37 727
38 728
38 729
38 730
38 731
38 732
38 733
39 734
39 735
39 736
39 737
39 738
39 739
40 740
40 741
40 742
40 743
40 744
40 745
41 746
41 747
41 748
41 749
41 750
41 751
42 752
42 753
42 754
42 755
42 756
42 757
43 758
43 759
43 760
43 761
43 762
43 763
44 764
44 765
44 766
44 767
44 768
44 769
45 770
45 771
45 772
45 773
45 774
45 775
46 776
46 777
46 778
46 779
46 780
46 781
47 782
47 783
47 784
47 785
47 786
47 787
48 788
48 789
48 790
48 791
48 792
48 793
49 794
49 795
49 796
49 797
49 798
49 799
50 800
50 801
50 802
50 803
50 804
50 805
51 806
51 807
51 808
51 809
51 810
51 811
52 812
52 813
52 814
52 815
52 816
52 817
53 818
53 819
53 820
53 821
53 822
53 823
54 824
54 825
54 826
54 827
54 828
54 829
55 830
55 831
55 832
55 833
55 834
55 835
56 836
56 837
56 838
56 839
56 840
56 841
57 842
57 843
57 844
57 845
57 846
57 847
58 848
58 849
58 850
58 851
58 852
58 853
59 854
59 855
59 856
59 857
59 858
59 859
60 860
60 861
60 862
60 863
60 864
60 865
61 866
61 867
61 868
61 869
61 870
61 871
62 872
62 873
62 874
62 875
62 876
62 877
63 878
63 879
63 880
63 881
63 882
63 883
64 884
64 885
64 886
64 887
64 888
64 889
65 890
65 891
65 892
65 893
65 894
65 895
66 896
66 897
66 898
66 899
66 900
66 901
67 902
67 903
67 904
67 905
67 906
67 907
68 908
68 909
68 910
68 911
68 912
68 913
69 914
69 915
69 916
69 917
69 918
69 919
70 920
70 921
70 922
70 923
70 924
70 925
71 926
71 927
71 928
71 929
71 930
71 931
72 932
72 933
72 934
72 935
72 936
72 937
73 938
73 939
73 940
73 941
73 942
73 943
74 944
74 945
74 946
74 947
74 948
74 949
75 950
75 951
75 952
75 953
75 954
75 955
76 956
76 957
76 958
76 959
76 960
76 961
77 962
77 963
77 964
77 965
77 966
77 967
78 968
78 969
78 970
78 971
78 972
78 973
79 974
79 975
79 976
79 977
79 978
79 979
80 980
80 981
80 982
80 983
80 984
80 985
81 986
81 987
81 988
81 989
81 990
81 991
82 992
82 993
82 994
82 995
82 996
82 997
83 998
83 999
83 1000
83 1001
83 1002
83 1003
84 1004
84 1005
84 1006
84 1007
84 1008
84 1009
85 1010
85 1011
85 1012
85 1013
85 1014
85 1015
86 1016
86 1017
86 1018
86 1019
86 1020
86 1021
87 1022
87 1023
87 1024
87 1025
87 1026
87 1027
88 1028
88 1029
88 1030
88 1031
88 1032
88 1033
89 1034
89 1035
89 1036
89 1037
89 1038
89 1039
90 1040
90 1041
90 1042
90 1043
90 1044
90 1045
91 1046
91 1047
91 1048
91 1049
91 1050
91 1051
92 1052
92 1053
92 1054
92 1055
92 1056
92 1057
93 1058
93 1059
93 1060
93 1061
93 1062
93 1063
94 1064
94 1065
94 1066
94 1067
94 1068
94 1069
95 1070
95 1071
95 1072
95 1073
95 1074
95 1075
96 1076
96 1077
96 1078
96 1079
96 1080
96 1081
97 1082
97 1083
97 1084
97 1085
97 1086
97 1087
98 1088
98 1089
98 1090
98 1091
98 1092
98 1093
99 1094
99 1095
99 1096
99 1097
99 1098
99 1099
100 1100
100 1101
100 1102
100 1103
100 1104
100 1105
101 1106
101 1107
101 1108
101 1109
101 1110
101 1111
102 1112
102 1113
102 1114
102 1115
102 1116
102 1117
103 1118
103 1119
103 1120
103 1121
103 1122
103 1123
104 1124
104 1125
104 1126
104 1127
104 1128
104 1129
105 1130
105 1131
105 1132
105 1133
105 1134
105 1135
106 1136
106 1137
106 1138
106 1139
106 1140
106 1141
107 1142
107 1143
107 1144
107 1145
107 1146
107 1147
108 1148
108 1149
108 1150
108 1151
108 1152
108 1153
109 1154
109 1155
109 1156
109 1157
109 1158
109 1159
110 1160
110 1161
110 1162
110 1163
110 1164
110 1165
111 1166
111 1167
111 1168
111 1169
111 1170
111 1171
112 1172
112 1173
112 1174
112 1175
112 1176
112 1177
113 1178
113 1179
113 1180
113 1181
113 1182
113 1183
114 1184
114 1185
114 1186
114 1187
114 1188
114 1189
115 1190
115 1191
115 1192
115 1193
115 1194
115 1195
116 1196
116 1197
116 1198
116 1199
116 1200
116 1201
117 1202
117 1203
117 1204
117 1205
117 1206
117 1207
118 1208
118 1209
118 1210
118 1211
118 1212
118 1213
119 1214
119 1215
119 1216
119 1217
119 1218
119 1219
120 1220
120 1221
120 1222
120 1223
120 1224
120 1225
121 1226
121 1227
121 1228
121 1229
121 1230
121 1231
122 1232
122 1233
122 1234
122 1235
122 1236
122 1237
123 1238
123 1239
123 1240
123 1241
123 1242
123 1243
124 1244
124 1245
124 1246
124 1247
124 1248
124 1249
125 1250
125 1251
125 1252
125 1253
125 1254
125 1255
126 1256
126 1257
126 1258
126 1259
126 1260
126 1261
127 1262
127 1263
127 1264
127 1265
127 1266
127 1267
128 1268
128 1269
128 1270
128 1271
128 1272
128 1273
129 1274
129 1275
129 1276
129 1277
129 1278
129 1279
130 1280
130 1281
130 1282
130 1283
130 1284
130 1285
131 1286
131 1287
131 1288
131 1289
131 1290
131 1291
132 1292
132 1293
132 1294
132 1295
132 1296
132 1297
133 1298
133 1299
133 1300
133 1301
133 1302
133 1303
134 1304
134 1305
134 1306
134 1307
134 1308
134 1309
135 1310
135 1311
135 1312
135 1313
135 1314
135 1315
136 1316
136 1317
136 1318
136 1319
136 1320
136 1321
137 1322
137 1323
137 1324
137 1325
137 1326
137 1327
138 1328
138 1329
138 1330
138 1331
138 1332
138 1333
139 1334
139 1335
139 1336
139 1337
139 1338
139 1339
140 1340
140 1341
140 1342
140 1343
140 1344
140 1345
141 1346
141 1347
141 1348
141 1349
141 1350
141 1351
142 1352
142 1353
142 1354
142 1355
142 1356
142 1357
143 1358
143 1359
143 1360
143 1361
143 1362
143 1363
144 1364
144 1365
144 1366
144 1367
144 1368
144 1369
145 1370
145 1371
145 1372
145 1373
145 1374
145 1375
146 1376
146 1377
146 1378
146 1379
146 1380
146 1381
147 1382
147 1383
147 1384
147 1385
147 1386
147 1387
148 1388
148 1389
148 1390
148 1391
148 1392
148 1393
149 1394
149 1395
149 1396
149 1397
149 1398
149 1399
150 1400
150 1401
150 1402
150 1403
150 1404
150 1405
151 1406
151 1407
151 1408
151 1409
151 1410
151 1411
152 1412
152 1413
152 1414
152 1415
152 1416
152 1417
153 1418
153 1419
153 1420
153 1421
153 1422
153 1423
154 1424
154 1425
154 1426
154 1427
154 1428
154 1429
155 1430
155 1431
155 1432
155 1433
155 1434
155 1435
156 1436
156 1437
156 1438
156 1439
156 1440
156 1441
157 1442
157 1443
157 1444
157 1445
157 1446
157 1447
158 1448
158 1449
158 1450
158 1451
158 1452
158 1453
159 1454
159 1455
159 1456
159 1457
159 1458
159 1459
160 1460
160 1461
160 1462
160 1463
160 1464
160 1465
161 1466
161 1467
161 1468
161 1469
161 1470
161 1471
162 1472
162 1473
162 1474
162 1475
162 1476
162 1477
163 1478
163 1479
163 1480
163 1481
163 1482
163 1483
164 1484
164 1485
164 1486
164 1487
164 1488
164 1489
165 1490
165 1491
165 1492
165 1493
165 1494
165 1495
166 1496
166 1497
166 1498
166 1499
166 1500
166 1501
167 1502
167 1503
167 1504
167 1505
167 1506
167 1507
168 1508
168 1509
168 1510
168 1511
168 1512
168 1513
169 1514
169 1515
169 1516
169 1517
169 1518
169 1519
170 1520
170 1521
170 1522
170 1523
170 1524
170 1525
171 1526
171 1527
171 1528
171 1529
171 1530
171 1531
172 1532
172 1533
172 1534
172 1535
172 1536
172 1537
173 1538
173 1539
173 1540
173 1541
173 1542
173 1543
174 1544
174 1545
174 1546
174 1547
174 1548
174 1549
175 1550
175 1551
175 1552
175 1553
175 1554
175 1555
176 1556
176 1557
176 1558
176 1559
176 1560
176 1561
177 1562
177 1563
177 1564
177 1565
177 1566
177 1567
178 1568
178 1569
178 1570
178 1571
178 1572
178 1573
179 1574
179 1575
179 1576
179 1577
179 1578
179 1579
180 1580
180 1581
180 1582
180 1583
180 1584
180 1585
181 1586
181 1587
181 1588
181 1589
181 1590
181 1591
182 1592
182 1593
182 1594
182 1595
182 1596
182 1597
183 1598
183 1599
183 1600
183 1601
183 1602
183 1603
184 1604
184 1605
184 1606
184 1607
184 1608
184 1609
185 1610
185 1611
185 1612
185 1613
185 1614
185 1615
186 1616
186 1617
186 1618
186 1619
186 1620
186 1621
187 1622
187 1623
187 1624
187 1625
187 1626
187 1627
188 1628
188 1629
188 1630
188 1631
188 1632
188 1633
189 1634
189 1635
189 1636
189 1637
189 1638
189 1639
190 1640
190 1641
190 1642
190 1643
190 1644
190 1645
191 1646
191 1647
191 1648
191 1649
191 1650
191 1651
192 1652
192 1653
192 1654
192 1655
192 1656
192 1657
193 1658
193 1659
193 1660
193 1661
193 1662
193 1663
194 1664
194 1665
194 1666
194 1667
194 1668
194 1669
195 1670
195 1671
195 1672
195 1673
195 1674
195 1675
196 1676
196 1677
196 1678
196 1679
196 1680
196 1681
197 1682
197 1683
197 1684
197 1685
197 1686
197 1687
198 1688
198 1689
198 1690
198 1691
198 1692
198 1693
199 1694
199 1695
199 1696
199 1697
199 1698
199 1699
200 1700
200 1701
200 1702
200 1703
200 1704
200 1705
201 1706
201 1707
201 1708
201 1709
201 1710
201 1711
202 1712
202 1713
202 1714
202 1715
202 1716
202 1717
203 1718
203 1719
203 1720
203 1721
203 1722
203 1723
204 1724
204 1725
204 1726
204 1727
204 1728
204 1729
205 1730
205 1731
205 1732
205 1733
205 1734
205 1735
206 1736
206 1737
206 1738
206 1739
206 1740
206 1741
207 1742
207 1743
207 1744
207 1745
207 1746
207 1747
208 1748
208 1749
208 1750
208 1751
208 1752
208 1753
209 1754
209 1755
209 1756
209 1757
209 1758
209 1759
210 1760
210 1761
210 1762
210 1763
210 1764
210 1765
211 1766
211 1767
211 1768
211 1769
211 1770
211 1771
212 1772
212 1773
212 1774
212 1775
212 1776
212 1777
213 1778
213 1779
213 1780
213 1781
213 1782
213 1783
214 1784
214 1785
214 1786
214 1787
214 1788
214 1789
215 1790
215 1791
215 1792
215 1793
215 1794
215 1795
216 1796
216 1797
216 1798
216 1799
216 1800
216 1801
217 1802
217 1803
217 1804
217 1805
217 1806
217 1807
218 1808
218 1809
218 1810
218 1811
218 1812
218 1813
219 1814
219 1815
219 1816
219 1817
219 1818
219 1819
220 1820
220 1821
220 1822
220 1823
220 1824
220 1825
221 1826
221 1827
221 1828
221 1829
221 1830
221 1831
222 1832
222 1833
222 1834
222 1835
222 1836
222 1837
223 1838
223 1839
223 1840
223 1841
223 1842
223 1843
224 1844
224 1845
224 1846
224 1847
224 1848
224 1849
225 1850
225 1851
225 1852
225 1853
225 1854
225 1855
226 1856
226 1857
226 1858
226 1859
226 1860
226 1861
227 1862
227 1863
227 1864
227 1865
227 1866
227 1867
228 1868
228 1869
228 1870
228 1871
228 1872
228 1873
229 1874
229 1875
229 1876
229 1877
229 1878
229 1879
230 1880
230 1881
230 1882
230 1883
230 1884
230 1885
231 1886
231 1887
231 1888
231 1889
231 1890
231 1891
232 1892
232 1893
232 1894
232 1895
232 1896
232 1897
233 1898
233 1899
233 1900
233 1901
233 1902
233 1903
234 1904
234 1905
234 1906
234 1907
234 1908
234 1909
235 1910
235 1911
235 1912
235 1913
235 1914
235 1915
236 1916
236 1917
236 1918
236 1919
236 1920
236 1921
237 1922
237 1923
237 1924
237 1925
237 1926
237 1927
238 1928
238 1929
238 1930
238 1931
238 1932
238 1933
239 1934
239 1935
239 1936
239 1937
239 1938
239 1939
240 1940
240 1941
240 1942
240 1943
240 1944
240 1945
241 1946
241 1947
241 1948
241 1949
241 1950
241 1951
242 1952
242 1953
242 1954
242 1955
242 1956
242 1957
243 1958
243 1959
243 1960
243 1961
243 1962
243 1963
244 1964
244 1965
244 1966
244 1967
244 1968
244 1969
245 1970
245 1971
245 1972
245 1973
245 1974
245 1975
246 1976
246 1977
246 1978
246 1979
246 1980
246 1981
247 1982
247 1983
247 1984
247 1985
247 1986
247 1987
248 1988
248 1989
248 1990
248 1991
248 1992
248 1993
249 1994
249 1995
249 1996
249 1997
249 1998
249 1999
250 2000
250 2001
250 2002
250 2003
250 2004
250 2005
251 2006
251 2007
251 2008
251 2009
251 2010
251 2011
252 2012
252 2013
252 2014
252 2015
252 2016
252 2017
253 2018
253 2019
253 2020
253 2021
253 2022
253 2023
254 2024
254 2025
254 2026
254 2027
254 2028
254 2029
255 2030
255 2031
255 2032
255 2033
255 2034
255 2035
256 2036
256 2037
256 2038
256 2039
256 2040
256 2041
257 2042
257 2043
257 2044
257 2045
257 2046
257 2047
258 2048
258 2049
258 2050
258 2051
258 2052
258 2053
259 2054
259 2055
259 2056
259 2057
259 2058
259 2059
260 2060
260 2061
260 2062
260 2063
260 2064
260 2065
261 2066
261 2067
261 2068
261 2069
261 2070
261 2071
262 2072
262 2073
262 2074
262 2075
262 2076
262 2077
263 2078
263 2079
263 2080
263 2081
263 2082
263 2083
264 2084
264 2085
264 2086
264 2087
264 2088
264 2089
265 2090
265 2091
265 2092
265 2093
265 2094
265 2095
266 2096
266 2097
266 2098
266 2099
266 2100
266 2101
267 2102
267 2103
267 2104
267 2105
267 2106
267 2107
268 2108
268 2109
268 2110
268 2111
268 2112
268 2113
269 2114
269 2115
269 2116
269 2117
269 2118
269 2119
270 2120
270 2121
270 2122
270 2123
270 2124
270 2125
271 2126
271 2127
271 2128
271 2129
271 2130
271 2131
272 2132
272 2133
272 2134
272 2135
272 2136
272 2137
273 2138
273 2139
273 2140
273 2141
273 2142
273 2143
274 2144
274 2145
274 2146
274 2147
274 2148
274 2149
275 2150
275 2151
275 2152
275 2153
275 2154
275 2155
276 2156
276 2157
276 2158
276 2159
276 2160
276 2161
277 2162
277 2163
277 2164
277 2165
277 2166
277 2167
278 2168
278 2169
278 2170
278 2171
278 2172
278 2173
279 2174
279 2175
279 2176
279 2177
279 2178
279 2179
280 2180
280 2181
280 2182
280 2183
280 2184
280 2185
281 2186
281 2187
281 2188
281 2189
281 2190
281 2191
282 2192
282 2193
282 2194
282 2195
282 2196
282 2197
283 2198
283 2199
283 2200
283 2201
283 2202
283 2203
284 2204
284 2205
284 2206
284 2207
284 2208
284 2209
285 2210
285 2211
285 2212
285 2213
285 2214
285 2215
286 2216
286 2217
286 2218
286 2219
286 2220
286 2221
287 2222
287 2223
287 2224
287 2225
287 2226
287 2227
288 2228
288 2229
288 2230
288 2231
288 2232
288 2233
289 2234
289 2235
289 2236
289 2237
289 2238
289 2239
290 2240
290 2241
290 2242
290 2243
290 2244
290 2245
291 2246
291 2247
291 2248
291 2249
291 2250
291 2251
292 2252
292 2253
292 2254
292 2255
292 2256
292 2257
293 2258
293 2259
293 2260
293 2261
293 2262
293 2263
294 2264
294 2265
294 2266
294 2267
294 2268
294 2269
295 2270
295 2271
295 2272
295 2273
295 2274
295 2275
296 2276
296 2277
296 2278
296 2279
296 2280
296 2281
297 2282
297 2283
297 2284
297 2285
297 2286
297 2287
298 2288
298 2289
298 2290
298 2291
298 2292
298 2293
299 2294
299 2295
299 2296
299 2297
299 2298
299 2299
300 2300
300 2301
300 2302
300 2303
300 2304
300 2305
301 2306
301 2307
301 2308
301 2309
301 2310
301 2311
302 2312
302 2313
302 2314
302 2315
302 2316
302 2317
303 2318
303 2319
303 2320
303 2321
303 2322
303 2323
304 2324
304 2325
304 2326
304 2327
304 2328
304 2329
305 2330
305 2331
305 2332
305 2333
305 2334
305 2335
306 2336
306 2337
306 2338
306 2339
306 2340
306 2341
307 2342
307 2343
307 2344
307 2345
307 2346
307 2347
308 2348
308 2349
308 2350
308 2351
308 2352
308 2353
309 2354
309 2355
309 2356
309 2357
309 2358
309 2359
310 2360
310 2361
310 2362
310 2363
310 2364
310 2365
311 2366
311 2367
311 2368
311 2369
311 2370
311 2371
312 2372
312 2373
312 2374
312 2375
312 2376
312 2377
313 2378
313 2379
313 2380
313 2381
313 2382
313 2383
314 2384
314 2385
314 2386
314 2387
314 2388
314 2389
315 2390
315 2391
315 2392
315 2393
315 2394
315 2395
316 2396
316 2397
316 2398
316 2399
316 2400
316 2401
317 2402
317 2403
317 2404
317 2405
317 2406
317 2407
318 2408
318 2409
318 2410
318 2411
318 2412
318 2413
319 2414
319 2415
319 2416
319 2417
319 2418
319 2419
320 2420
320 2421
320 2422
320 2423
320 2424
320 2425
321 2426
321 2427
321 2428
321 2429
321 2430
321 2431
322 2432
322 2433
322 2434
322 2435
322 2436
322 2437
323 2438
323 2439
323 2440
323 2441
323 2442
323 2443
324 2444
324 2445
324 2446
324 2447
324 2448
324 2449
325 2450
325 2451
325 2452
325 2453
325 2454
325 2455
326 2456
326 2457
326 2458
326 2459
326 2460
326 2461
327 2462
327 2463
327 2464
327 2465
327 2466
327 2467
328 2468
328 2469
328 2470
328 2471
328 2472
328 2473
329 2474
329 2475
329 2476
329 2477
329 2478
329 2479
330 2480
330 2481
330 2482
330 2483
330 2484
330 2485
331 2486
331 2487
331 2488
331 2489
331 2490
331 2491
332 2492
332 2493
332 2494
332 2495
332 2496
332 2497
333 2498
333 2499
333 2500
333 2501
333 2502
333 2503
334 2504
334 2505
334 2506
334 2507
334 2508
334 2509
335 2510
335 2511
335 2512
335 2513
335 2514
335 2515
336 2516
336 2517
336 2518
336 2519
336 2520
336 2521
337 2522
337 2523
337 2524
337 2525
337 2526
337 2527
338 2528
338 2529
338 2530
338 2531
338 2532
338 2533
339 2534
339 2535
339 2536
339 2537
339 2538
339 2539
340 2540
340 2541
340 2542
340 2543
340 2544
340 2545
341 2546
341 2547
341 2548
341 2549
341 2550
341 2551
342 2552
342 2553
342 2554
342 2555
342 2556
342 2557
343 2558
343 2559
343 2560
343 2561
343 2562
343 2563
344 2564
344 2565
344 2566
344 2567
344 2568
344 2569
345 2570
345 2571
345 2572
345 2573
345 2574
345 2575
346 2576
346 2577
346 2578
346 2579
346 2580
346 2581
347 2582
347 2583
347 2584
347 2585
347 2586
347 2587
348 2588
348 2589
348 2590
348 2591
348 2592
348 2593
349 2594
349 2595
349 2596
349 2597
349 2598
349 2599
350 2600
350 2601
350 2602
350 2603
350 2604
350 2605
351 2606
351 2607
351 2608
351 2609
351 2610
351 2611
352 2612
352 2613
352 2614
352 2615
352 2616
352 2617
353 2618
353 2619
353 2620
353 2621
353 2622
353 2623
354 2624
354 2625
354 2626
354 2627
354 2628
354 2629
355 2630
355 2631
355 2632
355 2633
355 2634
355 2635
356 2636
356 2637
356 2638
356 2639
356 2640
356 2641
357 2642
357 2643
357 2644
357 2645
357 2646
357 2647
358 2648
358 2649
358 2650
358 2651
358 2652
358 2653
359 2654
359 2655
359 2656
359 2657
359 2658
359 2659
360 2660
360 2661
360 2662
360 2663
360 2664
360 2665
361 2666
361 2667
361 2668
361 2669
361 2670
361 2671
362 2672
362 2673
362 2674
362 2675
362 2676
362 2677
363 2678
363 2679
363 2680
363 2681
363 2682
363 2683
364 2684
364 2685
364 2686
364 2687
364 2688
364 2689
365 2690
365 2691
365 2692
365 2693
365 2694
365 2695
366 2696
366 2697
366 2698
366 2699
366 2700
366 2701
367 2702
367 2703
367 2704
367 2705
367 2706
367 2707
368 2708
368 2709
368 2710
368 2711
368 2712
368 2713
369 2714
369 2715
369 2716
369 2717
369 2718
369 2719
370 2720
370 2721
370 2722
370 2723
370 2724
370 2725
371 2726
371 2727
371 2728
371 2729
371 2730
371 2731
372 2732
372 2733
372 2734
372 2735
372 2736
372 2737
373 2738
373 2739
373 2740
373 2741
373 2742
373 2743
374 2744
374 2745
374 2746
374 2747
374 2748
374 2749
375 2750
375 2751
375 2752
375 2753
375 2754
375 2755
376 2756
376 2757
376 2758
376 2759
376 2760
376 2761
377 2762
377 2763
377 2764
377 2765
377 2766
377 2767
378 2768
378 2769
378 2770
378 2771
378 2772
378 2773
379 2774
379 2775
379 2776
379 2777
379 2778
379 2779
380 2780
380 2781
380 2782
380 2783
380 2784
380 2785
381 2786
381 2787
381 2788
381 2789
381 2790
381 2791
382 2792
382 2793
382 2794
382 2795
382 2796
382 2797
383 2798
383 2799
383 2800
383 2801
383 2802
383 2803
384 2804
384 2805
384 2806
384 2807
384 2808
384 2809
385 2810
385 2811
385 2812
385 2813
385 2814
385 2815
386 2816
386 2817
386 2818
386 2819
386 2820
386 2821
387 2822
387 2823
387 2824
387 2825
387 2826
387 2827
388 2828
388 2829
388 2830
388 2831
388 2832
388 2833
389 2834
389 2835
389 2836
389 2837
389 2838
389 2839
390 2840
390 2841
390 2842
390 2843
390 2844
390 2845
391 2846
391 2847
391 2848
391 2849
391 2850
391 2851
392 2852
392 2853
392 2854
392 2855
392 2856
392 2857
393 2858
393 2859
393 2860
393 2861
393 2862
393 2863
394 2864
394 2865
394 2866
394 2867
394 2868
394 2869
395 2870
395 2871
395 2872
395 2873
395 2874
395 2875
396 2876
396 2877
396 2878
396 2879
396 2880
396 2881
397 2882
397 2883
397 2884
397 2885
397 2886
397 2887
398 2888
398 2889
398 2890
398 2891
398 2892
398 2893
399 2894
399 2895
399 2896
399 2897
399 2898
399 2899
400 2900
400 2901
400 2902
400 2903
400 2904
400 2905
401 2906
401 2907
401 2908
401 2909
401 2910
401 2911
402 2912
402 2913
402 2914
402 2915
402 2916
402 2917
403 2918
403 2919
403 2920
403 2921
403 2922
403 2923
404 2924
404 2925
404 2926
404 2927
404 2928
404 2929
405 2930
405 2931
405 2932
405 2933
405 2934
405 2935
406 2936
406 2937
406 2938
406 2939
406 2940
406 2941
407 2942
407 2943
407 2944
407 2945
407 2946
407 2947
408 2948
408 2949
408 2950
408 2951
408 2952
408 2953
409 2954
409 2955
409 2956
409 2957
409 2958
409 2959
410 2960
410 2961
410 2962
410 2963
410 2964
410 2965
411 2966
411 2967
411 2968
411 2969
411 2970
411 2971
412 2972
412 2973
412 2974
412 2975
412 2976
412 2977
413 2978
413 2979
413 2980
413 2981
413 2982
413 2983
414 2984
414 2985
414 2986
414 2987
414 2988
414 2989
415 2990
415 2991
415 2992
415 2993
415 2994
415 2995
416 2996
416 2997
416 2998
416 2999
416 3000
416 3001
417 3002
417 3003
417 3004
417 3005
417 3006
417 3007
418 3008
418 3009
418 3010
418 3011
418 3012
418 3013
419 3014
419 3015
419 3016
419 3017
419 3018
419 3019
420 3020
420 3021
420 3022
420 3023
420 3024
420 3025
421 3026
421 3027
421 3028
421 3029
421 3030
421 3031
422 3032
422 3033
422 3034
422 3035
422 3036
422 3037
423 3038
423 3039
423 3040
423 3041
423 3042
423 3043
424 3044
424 3045
424 3046
424 3047
424 3048
424 3049
425 3050
425 3051
425 3052
425 3053
425 3054
425 3055
426 3056
426 3057
426 3058
426 3059
426 3060
426 3061
427 3062
427 3063
427 3064
427 3065
427 3066
427 3067
428 3068
428 3069
428 3070
428 3071
428 3072
428 3073
429 3074
429 3075
429 3076
429 3077
429 3078
429 3079
430 3080
430 3081
430 3082
430 3083
430 3084
430 3085
431 3086
431 3087
431 3088
431 3089
431 3090
431 3091
432 3092
432 3093
432 3094
432 3095
432 3096
432 3097
433 3098
433 3099
433 3100
433 3101
433 3102
433 3103
434 3104
434 3105
434 3106
434 3107
434 3108
434 3109
435 3110
435 3111
435 3112
435 3113
435 3114
435 3115
436 3116
436 3117
436 3118
436 3119
436 3120
436 3121
437 3122
437 3123
437 3124
437 3125
437 3126
437 3127
438 3128
438 3129
438 3130
438 3131
438 3132
438 3133
439 3134
439 3135
439 3136
439 3137
439 3138
439 3139
440 3140
440 3141
440 3142
440 3143
440 3144
440 3145
441 3146
441 3147
441 3148
441 3149
441 3150
441 3151
442 3152
442 3153
442 3154
442 3155
442 3156
442 3157
443 3158
443 3159
443 3160
443 3161
443 3162
443 3163
444 3164
444 3165
444 3166
444 3167
444 3168
444 3169
445 3170
445 3171
445 3172
445 3173
445 3174
445 3175
446 3176
446 3177
446 3178
446 3179
446 3180
446 3181
447 3182
447 3183
447 3184
447 3185
447 3186
447 3187
448 3188
448 3189
448 3190
448 3191
448 3192
448 3193
449 3194
449 3195
449 3196
449 3197
449 3198
449 3199
450 3200
450 3201
450 3202
450 3203
450 3204
450 3205
451 3206
451 3207
451 3208
451 3209
451 3210
451 3211
452 3212
452 3213
452 3214
452 3215
452 3216
452 3217
453 3218
453 3219
453 3220
453 3221
453 3222
453 3223
454 3224
454 3225
454 3226
454 3227
454 3228
454 3229
455 3230
455 3231
455 3232
455 3233
455 3234
455 3235
456 3236
456 3237
456 3238
456 3239
456 3240
456 3241
457 3242
457 3243
457 3244
457 3245
457 3246
457 3247
458 3248
458 3249
458 3250
458 3251
458 3252
458 3253
459 3254
459 3255
459 3256
459 3257
459 3258
459 3259
460 3260
460 3261
460 3262
460 3263
460 3264
460 3265
461 3266
461 3267
461 3268
461 3269
461 3270
461 3271
462 3272
462 3273
462 3274
462 3275
462 3276
462 3277
463 3278
463 3279
463 3280
463 3281
463 3282
463 3283
464 3284
464 3285
464 3286
464 3287
464 3288
464 3289
465 3290
465 3291
465 3292
465 3293
465 3294
465 3295
466 3296
466 3297
466 3298
466 3299
466 3300
466 3301
467 3302
467 3303
467 3304
467 3305
467 3306
467 3307
468 3308
468 3309
468 3310
468 3311
468 3312
468 3313
469 3314
469 3315
469 3316
469 3317
469 3318
469 3319
470 3320
470 3321
470 3322
470 3323
470 3324
470 3325
471 3326
471 3327
471 3328
471 3329
471 3330
471 3331
472 3332
472 3333
472 3334
472 3335
472 3336
472 3337
473 3338
473 3339
473 3340
473 3341
473 3342
473 3343
474 3344
474 3345
474 3346
474 3347
474 3348
474 3349
475 3350
475 3351
475 3352
475 3353
475 3354
475 3355
476 3356
476 3357
476 3358
476 3359
476 3360
476 3361
477 3362
477 3363
477 3364
477 3365
477 3366
477 3367
478 3368
478 3369
478 3370
478 3371
478 3372
478 3373
479 3374
479 3375
479 3376
479 3377
479 3378
479 3379
480 3380
480 3381
480 3382
480 3383
480 3384
480 3385
481 3386
481 3387
481 3388
481 3389
481 3390
481 3391
482 3392
482 3393
482 3394
482 3395
482 3396
482 3397
483 3398
483 3399
483 3400
483 3401
483 3402
483 3403
484 3404
484 3405
484 3406
484 3407
484 3408
484 3409
485 3410
485 3411
485 3412
485 3413
485 3414
485 3415
486 3416
486 3417
486 3418
486 3419
486 3420
486 3421
487 3422
487 3423
487 3424
487 3425
487 3426
487 3427
488 3428
488 3429
488 3430
488 3431
488 3432
488 3433
489 3434
489 3435
489 3436
489 3437
489 3438
489 3439
490 3440
490 3441
490 3442
490 3443
490 3444
490 3445
491 3446
491 3447
491 3448
491 3449
491 3450
491 3451
492 3452
492 3453
492 3454
492 3455
492 3456
492 3457
493 3458
493 3459
493 3460
493 3461
493 3462
493 3463
494 3464
494 3465
494 3466
494 3467
494 3468
494 3469
495 3470
495 3471
495 3472
495 3473
495 3474
495 3475
496 3476
496 3477
496 3478
496 3479
496 3480
496 3481
497 3482
497 3483
497 3484
497 3485
497 3486
497 3487
498 3488
498 3489
498 3490
498 3491
498 3492
498 3493
499 3494
499 3495
499 3496
499 3497
499 3498
499 3499
