0 88
0 92
0 100
0 63
1 90
1 45
1 86
1 85
2 26
2 52
2 38
2 22
3 56
3 59
3 11
3 87
4 99
4 100
4 61
4 6
5 76
5 17
5 67
5 68
6 18
6 35
6 95
7 34
7 59
7 53
7 79
8 43
8 28
8 21
8 95
9 35
9 67
9 22
9 30
10 64
10 42
10 53
10 31
11 41
11 18
11 97
12 16
12 22
12 78
12 77
13 66
13 92
13 54
13 38
14 68
14 52
14 37
14 86
15 88
15 49
15 42
15 25
16 41
16 98
16 29
17 72
17 97
17 28
18 68
18 54
19 48
19 83
19 21
19 55
20 81
20 84
20 29
20 87
21 85
21 55
22 65
23 36
23 67
23 60
23 78
24 80
24 40
24 66
24 36
25 88
25 90
25 52
26 44
26 85
26 45
27 58
27 44
27 37
27 79
28 92
28 76
29 99
29 70
30 36
30 37
30 46
31 49
31 77
31 38
32 41
32 61
32 94
32 81
33 43
33 59
33 70
33 63
34 64
34 43
34 79
35 82
35 94
36 46
37 77
38 83
39 74
39 60
39 86
39 62
40 56
40 98
40 75
41 82
42 64
42 99
43 58
44 85
44 62
45 60
45 73
46 69
46 93
47 73
47 91
47 53
47 81
48 51
48 83
48 93
49 59
49 55
50 89
50 90
50 71
50 57
51 73
51 74
51 94
52 87
53 58
54 65
54 94
55 89
56 69
56 93
57 58
57 91
57 68
60 98
61 84
61 95
62 97
62 69
63 100
63 84
64 77
65 89
65 69
66 80
66 67
70 82
70 99
71 90
71 75
71 78
72 96
72 97
72 79
73 96
74 81
74 98
75 88
75 100
76 96
76 89
78 92
80 96
80 86
82 83
84 95
87 91
91 93
0 101
0 102
0 103
0 104
0 105
1 106
1 107
1 108
1 109
1 110
2 111
2 112
2 113
2 114
2 115
3 116
3 117
3 118
3 119
3 120
4 121
4 122
4 123
4 124
4 125
5 126
5 127
5 128
5 129
5 130
6 131
6 132
6 133
6 134
6 135
7 136
7 137
7 138
7 139
7 140
8 141
8 142
8 143
8 144
8 145
9 146
9 147
9 148
9 149
9 150
10 151
10 152
10 153
10 154
10 155
11 156
11 157
11 158
11 159
11 160
12 161
12 162
12 163
12 164
12 165
13 166
13 167
13 168
13 169
13 170
14 171
14 172
14 173
14 174
14 175
15 176
15 177
15 178
15 179
15 180
16 181
16 182
16 183
16 184
16 185
17 186
17 187
17 188
17 189
17 190
18 191
18 192
18 193
18 194
18 195
19 196
19 197
19 198
19 199
19 200
20 201
20 202
20 203
20 204
20 205
21 206
21 207
21 208
21 209
21 210
22 211
22 212
22 213
22 214
22 215
23 216
23 217
23 218
23 219
23 220
24 221
24 222
24 223
24 224
24 225
25 226
25 227
25 228
25 229
25 230
26 231
26 232
26 233
26 234
26 235
27 236
27 237
27 238
27 239
27 240
28 241
28 242
28 243
28 244
28 245
29 246
29 247
29 248
29 249
29 250
30 251
30 252
30 253
30 254
30 255
31 256
31 257
31 258
31 259
31 260
32 261
32 262
32 263
32 264
32 265
33 266
33 267
33 268
33 269
33 270
34 271
34 272
34 273
34 274
34 275
35 276
35 277
35 278
35 279
35 280
36 281
36 282
36 283
36 284
36 285
37 286
37 287
37 288
37 289
37 290
38 291
38 292
38 293
38 294
38 295
39 296
39 297
39 298
39 299
39 300
40 301
40 302
40 303
40 304
40 305
41 306
41 307
41 308
41 309
41 310
42 311
42 312
42 313
42 314
42 315
43 316
43 317
43 318
43 319
43 320
44 321
44 322
44 323
44 324
44 325
45 326
45 327
45 328
45 329
45 330
46 331
46 332
46 333
46 334
46 335
47 336
47 337
47 338
47 339
47 340
48 341
48 342
48 343
48 344
48 345
49 346
49 347
49 348
49 349
49 350
50 351
50 352
50 353
50 354
50 355
51 356
51 357
51 358
51 359
51 360
52 361
52 362
52 363
52 364
52 365
53 366
53 367
53 368
53 369
53 370
54 371
54 372
54 373
54 374
54 375
55 376
55 377
55 378
55 379
55 380
56 381
56 382
56 383
56 384
56 385
57 386
57 387
57 388
57 389
57 390
58 391
58 392
58 393
58 394
58 395
59 396
59 397
59 398
59 399
59 400
60 401
60 402
60 403
60 404
60 405
61 406
61 407
61 408
61 409
61 410
62 411
62 412
62 413
62 414
62 415
63 416
63 417
63 418
63 419
63 420
64 421
64 422
64 423
64 424
64 425
65 426
65 427
65 428
65 429
65 430
66 431
66 432
66 433
66 434
66 435
67 436
67 437
67 438
67 439
67 440
68 441
68 442
68 443
68 444
68 445
69 446
69 447
69 448
69 449
69 450
70 451
70 452
70 453
70 454
70 455
71 456
71 457
71 458
71 459
71 460
72 461
72 462
72 463
72 464
72 465
73 466
73 467
73 468
73 469
73 470
74 471
74 472
74 473
74 474
74 475
75 476
75 477
75 478
75 479
75 480
76 481
76 482
76 483
76 484
76 485
77 486
77 487
77 488
77 489
77 490
78 491
78 492
78 493
78 494
78 495
79 496
79 497
79 498
79 499
79 500
80 501
80 502
80 503
80 504
80 505
81 506
81 507
81 508
81 509
81 510
82 511
82 512
82 513
82 514
82 515
83 516
83 517
83 518
83 519
83 520
84 521
84 522
84 523
84 524
84 525
85 526
85 527
85 528
85 529
85 530
86 531
86 532
86 533
86 534
86 535
87 536
87 537
87 538
87 539
87 540
88 541
88 542
88 543
88 544
88 545
89 546
89 547
89 548
89 549
89 550
90 551
90 552
90 553
90 554
90 555
91 556
91 557
91 558
91 559
91 560
92 561
92 562
92 563
92 564
92 565
93 566
93 567
93 568
93 569
93 570
94 571
94 572
94 573
94 574
94 575
95 576
95 577
95 578
95 579
95 580
96 581
96 582
96 583
96 584
96 585
97 586
97 587
97 588
97 589
97 590
98 591
98 592
98 593
98 594
98 595
99 596
99 597
99 598
99 599
99 600
100 601
100 602
100 603
100 604
100 605
