0 96
0 272
0 315
0 12
0 87
0 140
0 269
0 11
0 82
0 275
0 117
0 342
0 55
0 88
0 155
0 124
1 388
1 74
1 12
1 370
1 142
1 77
1 209
1 402
1 212
1 216
1 121
1 346
1 123
1 349
1 190
1 255
2 257
2 36
2 133
2 9
2 371
2 109
2 173
2 356
2 111
2 304
2 146
2 403
2 279
2 249
2 187
2 383
3 132
3 163
3 292
3 103
3 200
3 393
3 356
3 11
3 174
3 296
3 212
3 277
3 377
3 36
3 347
3 126
4 160
4 353
4 35
4 102
4 326
4 177
4 265
4 46
4 399
4 209
4 274
4 41
4 316
4 358
4 124
4 166
5 368
5 139
5 105
5 298
5 371
5 271
5 176
5 189
5 402
5 51
5 148
5 214
5 361
5 88
5 26
5 90
6 384
6 161
6 130
6 390
6 73
6 139
6 172
6 110
6 15
6 144
6 368
6 217
6 345
6 271
6 382
6 255
7 320
7 353
7 162
7 376
7 263
7 9
7 258
7 225
7 289
7 113
7 51
7 213
7 169
7 280
7 27
7 222
8 128
8 194
8 291
8 198
8 105
8 42
8 236
8 301
8 399
8 56
8 114
8 404
8 280
8 185
8 188
8 61
9 324
9 230
9 66
9 44
9 397
9 110
9 241
9 179
9 116
9 341
9 151
9 120
9 313
9 349
10 97
10 358
10 134
10 39
10 104
10 335
10 106
10 396
10 274
10 207
10 368
10 82
10 342
10 347
10 252
10 383
11 160
11 322
11 101
11 294
11 145
11 200
11 75
11 81
11 245
11 374
11 343
11 262
11 121
11 350
12 35
12 165
12 211
12 321
12 128
12 395
12 112
12 83
12 20
12 117
12 54
12 26
12 61
12 293
13 384
13 33
13 388
13 261
13 262
13 39
13 106
13 107
13 365
13 61
13 177
13 18
13 211
13 362
13 284
13 29
14 355
14 68
14 37
14 264
14 137
14 202
14 23
14 45
14 367
14 48
14 331
14 246
14 311
14 90
14 351
14 296
15 32
15 224
15 194
15 374
15 92
15 298
15 399
15 400
15 211
15 54
15 24
15 159
15 284
15 138
15 95
16 100
16 291
16 324
16 310
16 134
16 135
16 170
16 139
16 77
16 174
16 52
16 309
16 150
16 228
16 250
16 126
17 176
17 194
17 36
17 133
17 38
17 264
17 105
17 234
17 366
17 208
17 305
17 25
17 378
17 123
17 316
17 383
18 354
18 227
18 230
18 72
18 316
18 141
18 178
18 323
18 212
18 214
18 120
18 25
18 156
18 188
18 29
19 385
19 194
19 291
19 261
19 263
19 167
19 267
19 236
19 141
19 94
19 35
19 382
19 118
19 315
19 349
19 30
20 162
20 163
20 228
20 389
20 136
20 316
20 362
20 367
20 274
20 179
20 372
20 149
20 396
20 28
20 127
21 97
21 98
21 187
21 230
21 358
21 241
21 372
21 79
21 81
21 115
21 52
21 245
21 310
21 201
21 121
21 251
22 97
22 326
22 241
22 201
22 299
22 204
22 366
22 368
22 49
22 371
22 84
22 206
22 343
22 26
22 317
22 277
23 256
23 128
23 226
23 356
23 386
23 72
23 362
23 139
23 141
23 301
23 304
23 211
23 147
23 88
23 380
24 160
24 353
24 260
24 246
24 71
24 203
24 113
24 340
24 149
24 278
24 95
24 86
24 221
24 69
24 191
25 322
25 379
25 197
25 134
25 72
25 76
25 159
25 223
25 175
25 372
25 119
25 120
25 187
25 319
26 224
26 96
26 292
26 133
26 325
26 151
26 365
26 271
26 48
26 182
26 119
26 120
26 58
27 68
27 163
27 292
27 198
27 138
27 199
27 364
27 243
27 148
27 391
27 342
27 311
27 377
27 155
27 221
28 192
28 355
28 326
28 136
28 169
28 207
28 176
28 178
28 254
28 278
28 345
28 244
28 316
28 61
28 318
29 208
29 134
29 231
29 304
29 239
29 112
29 145
29 181
29 215
29 217
29 314
29 91
29 350
29 63
30 64
30 384
30 331
30 39
30 265
30 203
30 288
30 339
30 148
30 341
30 54
30 215
30 216
30 153
30 117
31 288
31 99
31 324
31 359
31 234
31 269
31 110
31 207
31 240
31 403
31 116
31 247
31 345
31 283
31 60
31 170
32 290
32 355
32 105
32 330
32 235
32 397
32 142
32 238
32 114
32 67
32 244
32 46
32 123
32 382
32 191
33 96
33 344
33 194
33 227
33 196
33 310
33 166
33 306
33 241
33 50
33 86
33 248
33 313
33 154
33 303
34 66
34 323
34 182
34 135
34 43
34 172
34 274
34 369
34 91
34 339
34 203
34 58
34 347
34 220
34 378
34 159
35 237
35 193
35 386
35 198
35 392
35 169
35 205
35 271
35 141
35 370
35 307
35 335
35 381
36 320
36 65
36 259
36 165
36 198
36 305
36 360
36 295
36 178
36 152
36 155
36 317
36 190
37 368
37 101
37 294
37 359
37 360
37 235
37 272
37 264
37 52
37 213
37 89
37 319
37 124
37 125
37 133
38 225
38 324
38 230
38 231
38 173
38 112
38 305
38 244
38 118
38 248
38 148
38 282
38 379
38 186
38 222
39 64
39 385
39 386
39 135
39 384
39 124
39 300
39 322
39 144
39 242
39 215
39 283
39 380
40 385
40 293
40 262
40 359
40 296
40 105
40 126
40 399
40 400
40 275
40 149
40 333
40 119
40 377
40 252
40 318
41 352
41 246
41 224
41 227
41 388
41 261
41 167
41 333
41 61
41 336
41 146
41 342
41 317
41 222
41 383
42 258
42 323
42 263
42 189
42 400
42 114
42 179
42 350
42 53
42 88
42 52
42 58
42 154
42 222
42 245
43 224
43 128
43 100
43 181
43 64
43 267
43 108
43 207
43 401
43 148
43 309
43 196
43 58
43 379
43 159
44 259
44 268
44 141
44 78
44 222
44 369
44 370
44 147
44 372
44 142
44 308
44 127
44 61
44 286
44 191
45 97
45 98
45 99
45 260
45 264
45 235
45 204
45 290
45 112
45 328
45 206
45 90
45 91
45 252
45 62
46 96
46 320
46 194
46 76
46 75
46 332
46 114
46 403
46 340
46 346
46 316
46 61
46 222
46 63
47 257
47 194
47 161
47 361
47 172
47 226
47 78
47 312
47 338
47 116
47 398
47 342
47 375
47 248
47 380
47 95
48 289
48 162
48 123
48 134
48 232
48 145
48 306
48 403
48 404
48 181
48 374
48 251
48 283
48 91
49 384
49 193
49 226
49 195
49 325
49 198
49 328
49 360
49 364
49 365
49 120
49 375
49 56
49 156
49 255
50 322
50 101
50 51
50 267
50 242
50 207
50 274
50 275
50 276
50 313
50 378
50 127
50 188
50 69
50 319
51 320
51 384
51 290
51 102
51 297
51 206
51 336
51 158
51 374
51 215
51 345
51 189
51 94
52 199
52 266
52 395
52 398
52 109
52 184
52 148
52 213
52 374
52 56
52 380
52 341
53 385
53 369
53 137
53 366
53 272
53 81
53 274
53 243
53 180
53 350
53 151
53 376
53 170
53 382
53 127
54 160
54 194
54 356
54 360
54 329
54 174
54 305
54 253
54 277
54 220
54 93
54 222
54 319
55 129
55 131
55 69
55 232
55 73
55 151
55 268
55 144
55 152
55 212
55 247
55 184
55 153
55 346
55 219
56 320
56 165
56 231
56 392
56 394
56 78
56 207
56 307
56 302
56 375
56 344
56 285
56 245
57 192
57 387
57 326
57 262
57 200
57 265
57 237
57 368
57 338
57 62
57 310
57 297
57 251
57 220
57 286
57 127
58 257
58 195
58 364
58 330
58 275
58 246
58 247
58 248
58 283
58 124
58 74
58 286
59 161
59 165
59 199
59 125
59 370
59 349
59 210
59 211
59 180
59 254
59 311
59 376
59 249
59 315
59 313
59 350
60 144
60 260
60 293
60 230
60 92
60 112
60 177
60 339
60 404
60 89
60 308
60 218
60 191
60 252
60 158
61 166
61 295
61 399
61 336
61 82
61 137
61 91
61 265
61 319
62 279
62 107
62 292
62 121
62 390
62 136
62 87
62 364
62 144
62 116
62 373
62 281
62 381
62 191
63 66
63 164
63 199
63 140
63 334
63 175
63 147
63 174
63 152
63 213
63 122
63 79
63 158
63 149
64 160
64 288
64 179
64 104
64 361
64 235
64 110
64 273
64 242
64 323
64 283
64 155
64 380
65 161
65 267
65 356
65 326
65 135
65 233
65 394
65 331
65 142
65 242
65 84
65 171
65 150
65 74
65 94
66 192
66 100
66 389
66 305
66 151
66 142
66 239
66 241
66 114
66 342
66 214
66 311
66 318
67 352
67 257
67 101
67 326
67 391
67 232
67 332
67 206
67 305
67 306
67 246
67 343
67 313
67 154
67 315
68 292
68 70
68 230
68 135
68 171
68 300
68 400
68 338
68 310
68 185
68 376
68 281
68 316
68 222
69 192
69 100
69 264
69 316
69 107
69 140
69 269
69 78
69 111
69 307
69 309
69 313
69 92
70 320
70 258
70 293
70 101
70 296
70 105
70 107
70 301
70 208
70 245
70 375
70 121
70 186
70 190
70 383
71 352
71 385
71 354
71 135
71 168
71 265
71 395
71 268
71 305
71 368
71 209
71 318
71 87
71 155
71 286
72 385
72 325
72 73
72 138
72 139
72 237
72 269
72 272
72 145
72 148
72 244
72 367
72 378
73 288
73 164
73 200
73 170
73 140
73 370
73 276
73 149
73 150
73 378
73 314
73 125
73 351
74 257
74 226
74 103
74 201
74 110
74 368
74 273
74 210
74 340
74 86
74 153
74 221
74 190
75 130
75 182
75 358
75 231
75 275
75 202
75 290
75 81
75 83
75 117
75 238
75 152
75 234
75 318
76 162
76 227
76 179
76 166
76 93
76 232
76 234
76 333
76 125
76 83
76 212
76 250
76 367
76 186
77 256
77 133
77 390
77 327
77 266
77 231
77 237
77 113
77 106
77 310
77 89
77 314
77 253
77 101
78 355
78 329
78 171
78 304
78 99
78 372
78 277
78 247
78 267
78 303
78 348
78 285
79 83
79 261
79 137
79 299
79 204
79 365
79 111
79 210
79 383
79 213
79 311
79 344
79 158
79 85
80 224
80 131
80 358
80 232
80 330
80 107
80 364
80 109
80 270
80 367
80 176
80 206
80 174
80 397
80 202
80 125
81 192
81 331
81 324
81 134
81 198
81 301
81 399
81 240
81 378
81 351
81 381
81 319
82 256
82 129
82 231
82 307
82 368
82 337
82 297
82 403
82 276
82 137
82 223
82 156
82 127
83 256
83 194
83 323
83 326
83 140
83 98
83 368
83 401
83 398
83 354
83 124
83 221
84 256
84 323
84 132
84 329
84 160
84 397
84 99
84 370
84 227
84 244
84 150
84 404
84 363
84 157
85 193
85 389
85 199
85 200
85 108
85 173
85 334
85 333
85 336
85 340
85 342
85 343
85 153
85 249
85 150
86 290
86 357
86 102
86 231
86 327
86 365
86 237
86 176
86 317
86 214
86 377
86 122
86 157
87 386
87 323
87 357
87 314
87 393
87 138
87 395
87 175
87 349
87 375
87 346
87 315
87 221
88 128
88 369
88 299
88 269
88 337
88 399
88 273
88 205
88 121
88 218
88 159
88 287
89 164
89 294
89 167
89 137
89 369
89 313
89 374
89 217
89 292
89 154
89 93
89 382
89 101
90 192
90 347
90 228
90 264
90 168
90 204
90 142
90 143
90 401
90 180
90 265
90 376
90 175
91 386
91 291
91 229
91 234
91 369
91 243
91 277
91 280
91 120
91 251
91 157
92 128
92 193
92 356
92 102
92 401
92 188
92 359
92 269
92 96
92 113
92 118
92 247
92 279
93 257
93 197
93 166
93 236
93 364
93 365
93 338
93 243
93 309
93 119
93 189
93 190
93 351
94 160
94 229
94 135
94 331
94 302
94 143
94 176
94 340
94 277
94 311
94 123
94 221
94 197
95 225
95 184
95 296
95 233
95 327
95 108
95 248
95 270
95 201
95 169
95 283
95 232
95 191
96 132
96 161
96 233
96 394
96 295
96 272
96 178
96 340
96 279
96 164
96 127
97 102
97 328
97 108
97 238
97 138
97 336
97 275
97 180
97 186
97 219
97 285
97 159
98 320
98 245
98 324
98 197
98 393
98 268
98 142
98 336
98 280
98 216
98 124
98 221
98 181
99 160
99 226
99 267
99 197
99 348
99 235
99 268
99 290
99 240
99 184
99 313
99 316
100 161
100 131
100 359
100 330
100 400
100 241
100 179
100 373
100 214
100 344
100 380
100 280
101 352
101 128
101 258
101 294
101 178
101 362
101 110
101 275
101 309
102 230
102 316
102 266
102 208
102 269
102 238
102 400
102 241
102 245
102 182
102 285
103 166
103 232
103 332
103 106
103 108
103 333
103 397
103 240
103 280
103 244
103 350
103 278
103 120
103 158
104 195
104 326
104 359
104 379
104 233
104 237
104 177
104 259
104 308
104 313
104 187
104 220
104 349
104 190
105 145
105 203
105 303
105 147
105 244
105 150
105 155
105 118
105 318
105 229
106 243
106 289
106 322
106 362
106 359
106 370
106 110
106 274
106 371
106 245
106 183
106 205
107 288
107 355
107 391
107 330
107 171
107 111
107 401
107 211
107 308
107 254
107 249
108 192
108 133
108 294
108 393
108 302
108 112
108 352
108 246
108 375
108 314
108 219
109 128
109 385
109 342
109 134
109 362
109 299
109 386
109 381
109 241
109 178
109 179
109 278
109 253
110 283
110 298
110 349
110 339
110 276
110 297
110 309
110 315
110 189
111 192
111 293
111 297
111 337
111 373
111 247
111 185
111 154
111 271
111 284
111 253
111 351
112 331
112 397
112 335
112 176
112 210
112 372
112 364
112 218
112 338
112 317
113 289
113 195
113 165
113 262
113 348
113 131
113 116
113 309
113 151
113 185
113 250
113 381
114 196
114 357
114 330
114 276
114 309
114 170
114 281
114 348
114 349
114 382
114 287
115 321
115 213
115 375
115 388
115 325
115 161
115 183
115 191
115 373
115 215
115 248
115 345
115 123
115 318
115 181
116 163
116 197
116 198
116 351
116 365
116 402
116 220
116 329
116 378
116 188
116 357
117 290
117 325
117 166
117 167
117 398
117 271
117 120
117 146
117 211
117 150
117 376
117 248
118 289
118 230
118 169
118 396
118 270
118 305
118 384
118 339
118 311
118 372
118 186
118 220
119 353
119 199
119 168
119 138
119 279
119 274
119 371
119 126
119 183
119 298
119 264
119 287
120 192
120 353
120 291
120 168
120 394
120 395
120 278
120 183
121 216
121 263
121 289
121 205
121 177
121 308
121 182
121 151
121 252
121 341
122 385
122 291
122 229
122 358
122 232
122 362
122 255
122 205
122 303
122 208
122 337
122 212
122 376
122 296
123 342
123 294
123 273
123 296
123 233
123 300
123 213
123 336
123 312
123 126
124 259
124 165
124 230
124 366
124 303
124 399
124 343
124 347
124 284
125 224
125 353
125 162
125 356
125 293
125 360
125 331
125 173
125 242
125 150
125 377
126 193
126 161
126 300
126 403
126 208
126 305
126 291
126 372
126 181
126 344
126 250
127 358
127 199
127 335
127 243
127 215
127 376
127 372
127 382
127 383
128 387
128 196
128 138
128 332
128 144
128 236
128 182
128 380
129 355
129 390
129 401
129 328
129 396
129 264
129 211
129 148
129 215
129 152
129 404
129 218
129 285
129 191
130 139
130 132
130 378
130 172
130 330
130 236
130 221
130 272
130 402
130 186
130 187
130 346
130 158
130 255
131 322
131 260
131 229
131 134
131 137
131 394
131 332
131 215
131 280
131 347
131 157
131 190
132 385
132 165
132 256
132 232
132 365
132 270
132 368
132 209
132 404
132 309
132 312
132 381
133 230
133 295
133 264
133 139
133 175
133 210
133 403
133 379
133 348
133 282
134 256
134 293
134 262
134 137
134 202
134 367
134 188
134 223
135 160
135 290
135 164
135 148
135 333
135 239
135 274
135 180
135 399
136 192
136 272
136 359
136 200
136 193
136 225
136 237
136 336
136 273
136 343
136 248
136 347
136 189
137 224
137 195
137 196
137 168
137 299
137 183
137 218
137 347
138 327
138 167
138 233
138 299
138 140
138 397
138 307
138 252
138 382
139 295
139 169
139 204
139 301
139 176
139 340
139 314
139 220
139 157
140 289
140 386
140 177
140 172
140 205
140 303
140 241
140 281
140 251
140 286
141 322
141 261
141 327
141 391
141 206
141 303
141 372
141 214
141 271
141 188
141 215
142 261
142 329
142 266
142 199
142 274
142 193
142 345
142 218
142 330
143 256
143 355
143 243
143 263
143 392
143 234
143 397
143 333
143 371
143 180
143 350
143 347
143 252
143 245
144 389
144 394
144 203
144 300
144 145
144 403
144 181
144 248
144 377
144 219
145 256
145 289
145 195
145 292
145 263
145 397
145 249
145 351
145 317
145 319
146 354
146 166
146 167
146 268
146 369
146 188
146 169
146 375
146 184
146 313
146 250
146 156
146 286
147 353
147 295
147 266
147 204
147 207
147 210
147 317
147 184
147 185
147 378
147 202
147 351
148 165
148 201
148 234
148 235
148 297
148 249
148 191
149 161
149 228
149 390
149 234
149 247
149 173
149 334
149 336
149 245
149 246
149 311
150 173
150 270
150 337
150 274
150 308
150 156
150 189
150 223
151 196
151 326
151 167
151 363
151 396
151 175
151 306
151 349
151 286
152 354
152 355
152 165
152 230
152 360
152 236
152 176
152 163
152 214
152 287
152 317
153 318
153 226
153 294
153 396
153 332
153 237
153 176
153 273
153 179
153 279
153 280
153 283
154 325
154 353
154 263
154 321
154 400
154 182
154 346
154 347
154 330
154 158
154 287
155 324
155 228
155 263
155 235
155 256
155 307
155 278
155 279
155 376
155 222
156 321
156 162
156 166
156 330
156 172
156 366
156 269
156 177
156 334
156 220
156 158
157 352
157 240
157 162
157 229
157 395
157 304
157 275
157 181
157 276
157 314
157 285
158 291
158 363
158 258
158 235
158 175
158 366
158 355
158 379
159 262
159 326
159 233
159 202
159 398
159 307
159 244
159 309
159 201
159 218
160 327
160 292
160 266
160 190
160 311
160 377
160 251
161 289
161 224
161 344
161 376
161 281
161 186
161 223
162 400
162 386
162 259
162 391
162 237
162 285
162 276
162 313
162 167
163 195
163 164
163 199
163 168
163 396
163 301
163 243
163 377
163 250
163 317
163 315
164 295
164 330
164 238
164 176
164 209
164 178
164 302
164 203
164 215
164 250
165 357
165 308
165 271
165 373
165 343
165 286
165 293
166 231
166 360
166 257
166 178
166 209
166 373
166 312
167 289
167 194
167 265
167 247
167 205
167 302
167 336
167 217
168 272
168 229
168 365
168 240
168 400
168 387
168 214
168 184
168 187
168 319
169 392
169 316
169 205
169 310
169 404
169 214
169 306
169 186
169 187
170 288
170 225
170 227
170 362
170 299
170 370
170 367
170 272
170 401
170 312
170 251
171 288
171 246
171 388
171 357
171 263
171 201
171 399
171 214
171 219
171 325
171 349
171 351
172 320
172 225
172 293
172 327
172 202
172 363
172 174
172 178
172 382
172 390
173 201
173 301
173 398
173 399
173 241
173 211
173 218
173 285
173 318
173 213
174 224
174 295
174 297
174 267
174 335
174 369
174 309
174 361
174 255
174 257
175 390
175 298
175 363
175 255
175 270
175 335
175 315
175 281
175 325
176 306
176 307
176 185
176 282
176 183
177 292
177 325
177 262
177 359
177 232
177 231
177 403
177 268
177 282
178 225
178 300
178 331
178 272
178 244
178 254
178 276
179 204
179 235
179 400
179 309
179 377
179 292
179 281
179 191
180 354
180 236
180 234
180 263
180 268
180 365
180 207
180 404
180 251
180 382
181 200
181 307
181 267
181 300
181 296
181 232
181 279
181 219
182 192
182 353
182 322
182 388
182 389
182 264
182 270
182 242
182 254
183 304
183 386
183 187
183 229
183 237
183 238
183 306
183 315
183 283
183 265
184 289
184 294
184 231
184 393
184 298
184 338
184 302
184 219
184 351
185 318
185 231
185 243
185 366
185 239
185 304
185 206
185 188
185 190
185 255
186 321
186 227
186 324
186 299
186 273
186 343
186 249
186 246
187 321
187 243
187 234
187 199
187 232
187 371
187 219
187 341
188 375
188 397
188 401
188 374
188 247
188 248
188 254
189 258
189 260
189 203
189 332
189 205
189 306
189 339
189 212
189 341
190 290
190 259
190 293
190 205
190 221
190 296
190 249
191 390
191 298
191 308
191 374
191 251
191 220
192 343
192 269
192 335
192 345
192 252
193 225
193 323
193 229
193 262
193 204
193 340
193 218
193 314
193 286
194 243
194 342
194 230
194 268
194 222
194 360
195 224
195 258
195 201
195 298
195 354
195 368
195 227
195 283
195 223
196 267
196 356
196 198
196 200
196 239
196 296
196 214
196 215
196 379
196 316
197 280
197 358
197 200
197 201
197 235
197 369
197 275
197 361
197 355
197 319
198 321
198 393
198 305
198 304
198 210
198 215
198 281
198 220
199 224
199 277
199 201
199 330
199 243
199 375
200 322
200 354
200 324
200 208
200 273
200 377
200 254
201 324
201 329
201 271
201 305
201 339
202 256
202 321
202 299
202 390
202 391
202 239
202 213
202 315
202 283
203 292
203 236
203 238
203 369
203 212
203 222
203 260
203 219
203 252
204 258
204 354
204 331
204 393
204 234
204 302
204 237
204 253
205 354
205 325
205 233
205 226
205 259
205 300
206 208
206 225
206 275
206 297
206 300
206 334
206 339
206 233
206 379
207 329
207 380
207 364
207 398
207 304
207 344
207 247
207 350
208 288
208 354
208 390
208 334
208 209
208 242
208 285
208 351
209 328
209 268
209 300
209 242
209 398
209 210
209 377
209 216
209 287
210 257
210 263
210 295
210 372
210 278
210 404
210 282
210 287
211 227
211 357
211 358
211 233
211 242
211 341
211 317
212 373
212 235
212 397
212 333
212 213
212 287
212 220
212 341
213 388
213 261
213 331
213 223
213 241
213 350
214 326
214 396
214 226
214 400
214 328
215 359
215 236
215 366
215 382
216 384
216 323
216 297
216 364
216 337
216 275
216 375
216 280
216 282
216 379
216 250
217 384
217 321
217 294
217 361
217 363
217 270
217 239
217 304
217 337
217 218
217 346
217 350
218 384
218 324
218 361
218 395
218 391
218 343
219 343
219 289
219 332
219 258
219 399
219 372
219 255
220 292
220 339
220 341
220 252
220 317
221 387
221 390
221 322
221 237
221 273
221 342
221 282
222 308
222 297
222 280
222 313
222 286
223 384
223 389
223 231
223 327
223 237
223 276
223 279
223 376
223 284
224 321
224 367
224 337
224 371
224 284
225 325
225 236
225 331
225 338
225 372
225 282
225 381
226 279
226 327
226 392
226 395
226 239
226 275
226 331
226 317
227 324
227 275
227 400
227 401
227 242
227 280
227 244
228 291
228 263
228 363
228 300
228 397
228 334
228 381
228 339
228 345
228 387
228 341
229 355
229 261
229 264
229 298
229 277
229 281
229 351
230 392
230 334
230 340
230 373
231 376
231 328
231 247
231 383
232 265
232 263
232 302
232 383
233 357
233 326
233 331
233 302
233 338
233 253
234 320
234 239
234 336
234 403
234 343
235 366
235 365
235 276
235 278
235 269
236 267
236 259
236 268
236 308
236 316
236 381
237 255
237 346
237 250
238 359
238 396
238 334
238 385
238 305
238 242
238 310
238 281
238 317
239 265
239 395
239 386
239 402
239 341
239 246
239 287
240 356
240 262
240 329
240 327
240 291
240 367
240 403
240 248
240 381
240 350
241 387
241 396
241 301
241 244
241 278
242 325
242 359
242 312
242 249
242 347
243 329
243 330
243 252
243 285
244 392
244 298
244 402
244 360
244 317
245 352
245 322
245 360
245 398
245 367
245 253
246 261
246 330
246 400
246 402
246 342
246 318
247 297
247 267
247 398
247 404
247 271
248 391
248 343
248 344
248 253
248 287
249 256
249 262
249 295
249 296
249 359
249 303
249 313
250 290
250 310
250 401
250 338
250 404
250 382
250 278
251 323
251 324
251 300
251 395
251 332
251 259
251 286
252 352
252 326
252 391
252 328
252 402
253 291
253 260
253 326
253 366
253 344
253 279
253 378
253 319
254 323
254 389
254 391
254 393
254 394
254 396
254 368
254 315
254 316
255 387
255 389
255 329
255 335
255 336
255 378
256 357
256 266
256 364
256 348
257 293
257 328
257 272
257 387
257 277
257 282
257 284
258 322
258 390
258 328
258 393
258 337
258 403
258 283
259 320
259 260
259 397
259 306
259 276
259 277
259 341
260 332
260 398
260 396
260 305
260 270
260 316
260 282
260 380
261 320
261 262
261 308
261 279
261 314
261 303
261 265
262 298
262 367
262 402
262 373
263 302
263 307
263 340
264 356
264 325
264 353
264 310
264 346
265 289
265 402
265 372
265 378
265 315
266 388
266 357
266 339
266 271
266 272
266 370
266 377
266 348
266 382
267 353
267 296
267 301
267 335
267 392
268 289
268 388
268 304
268 401
268 308
269 294
269 362
269 333
269 340
269 344
269 293
270 326
270 371
270 373
270 310
270 311
270 379
270 316
271 393
271 387
271 358
271 339
271 389
272 293
272 333
272 398
272 366
273 291
273 356
273 361
273 368
273 404
273 345
273 308
274 321
274 389
274 334
274 308
274 350
275 397
275 386
275 335
276 356
276 359
276 307
276 344
276 346
277 361
277 363
277 377
277 281
277 293
277 284
278 321
278 355
278 328
278 334
278 341
278 378
279 387
279 394
279 283
279 298
280 295
280 345
280 312
280 314
281 302
281 382
281 299
281 402
281 389
282 369
282 360
282 309
282 344
282 345
282 383
283 388
283 340
283 349
284 392
284 394
284 301
284 304
284 320
284 338
284 373
284 349
285 332
285 331
285 335
285 336
285 370
285 342
286 288
286 391
286 295
286 310
286 381
287 385
287 337
287 311
287 303
287 374
287 351
288 363
288 293
288 404
288 310
288 329
288 378
288 348
289 365
289 337
290 325
290 362
290 333
290 371
290 350
290 394
291 363
291 294
291 395
291 370
292 356
292 393
292 372
292 380
293 331
294 321
294 297
294 393
294 317
294 345
295 391
295 308
295 357
295 345
296 400
296 312
296 348
296 318
297 395
297 337
297 306
297 351
298 379
298 368
298 341
298 383
299 320
299 321
299 373
299 342
299 346
299 309
300 363
300 398
300 400
300 383
301 392
301 363
301 367
301 343
301 346
301 350
302 360
302 334
302 303
302 376
302 307
303 330
303 364
303 332
303 378
303 389
304 357
304 370
304 314
304 399
305 385
305 398
305 377
306 393
306 324
306 402
306 308
306 348
306 380
307 353
307 361
307 395
307 313
309 397
309 398
310 328
310 338
310 311
311 342
311 327
311 392
311 329
312 353
312 387
312 388
312 359
312 360
312 361
312 333
312 314
313 352
313 404
314 328
314 394
314 338
314 374
315 321
315 322
315 392
315 374
317 324
318 339
318 371
318 364
318 338
319 387
319 329
319 394
319 381
319 382
319 389
320 323
320 361
320 369
321 341
322 390
322 327
322 386
323 358
323 354
323 336
323 377
324 390
325 352
325 360
326 383
327 351
327 340
327 374
327 347
328 388
328 338
328 349
329 389
329 401
329 350
330 392
331 372
332 379
332 364
332 334
332 375
333 385
333 404
333 367
333 364
334 352
334 353
334 370
335 336
335 357
335 370
335 345
335 379
336 362
337 359
337 366
337 377
337 381
338 361
338 394
339 357
339 388
339 379
340 352
340 384
340 349
341 363
342 344
343 346
343 391
344 392
344 396
344 349
345 380
345 364
346 395
346 357
346 402
347 354
347 391
347 364
347 349
348 386
348 358
348 392
348 363
348 385
348 383
350 358
351 403
352 388
352 394
352 369
352 393
353 387
353 356
354 363
354 373
354 378
355 387
355 356
355 401
355 382
356 401
357 371
358 393
358 374
358 362
360 395
360 373
361 370
361 403
361 374
362 389
362 396
362 397
362 374
363 384
365 384
365 403
365 373
365 376
366 367
366 369
366 399
366 383
367 386
367 375
368 386
369 398
369 381
370 375
371 388
371 395
371 380
371 394
373 385
374 394
375 390
375 391
376 384
376 380
379 387
379 401
380 402
380 399
381 390
381 401
383 388
384 402
385 396
386 400
387 403
389 404
391 396
392 393
399 402
0 405
0 406
1 407
1 408
2 409
2 410
3 411
3 412
4 413
4 414
5 415
5 416
6 417
6 418
7 419
7 420
8 421
8 422
9 423
9 424
10 425
10 426
11 427
11 428
12 429
12 430
13 431
13 432
14 433
14 434
15 435
15 436
16 437
16 438
17 439
17 440
18 441
18 442
19 443
19 444
20 445
20 446
21 447
21 448
22 449
22 450
23 451
23 452
24 453
24 454
25 455
25 456
26 457
26 458
27 459
27 460
28 461
28 462
29 463
29 464
30 465
30 466
31 467
31 468
32 469
32 470
33 471
33 472
34 473
34 474
35 475
35 476
36 477
36 478
37 479
37 480
38 481
38 482
39 483
39 484
40 485
40 486
41 487
41 488
42 489
42 490
43 491
43 492
44 493
44 494
45 495
45 496
46 497
46 498
47 499
47 500
48 501
48 502
49 503
49 504
50 505
50 506
51 507
51 508
52 509
52 510
53 511
53 512
54 513
54 514
55 515
55 516
56 517
56 518
57 519
57 520
58 521
58 522
59 523
59 524
60 525
60 526
61 527
61 528
62 529
62 530
63 531
63 532
64 533
64 534
65 535
65 536
66 537
66 538
67 539
67 540
68 541
68 542
69 543
69 544
70 545
70 546
71 547
71 548
72 549
72 550
73 551
73 552
74 553
74 554
75 555
75 556
76 557
76 558
77 559
77 560
78 561
78 562
79 563
79 564
80 565
80 566
81 567
81 568
82 569
82 570
83 571
83 572
84 573
84 574
85 575
85 576
86 577
86 578
87 579
87 580
88 581
88 582
89 583
89 584
90 585
90 586
91 587
91 588
92 589
92 590
93 591
93 592
94 593
94 594
95 595
95 596
96 597
96 598
97 599
97 600
98 601
98 602
99 603
99 604
100 605
100 606
101 607
101 608
102 609
102 610
103 611
103 612
104 613
104 614
105 615
105 616
106 617
106 618
107 619
107 620
108 621
108 622
109 623
109 624
110 625
110 626
111 627
111 628
112 629
112 630
113 631
113 632
114 633
114 634
115 635
115 636
116 637
116 638
117 639
117 640
118 641
118 642
119 643
119 644
120 645
120 646
121 647
121 648
122 649
122 650
123 651
123 652
124 653
124 654
125 655
125 656
126 657
126 658
127 659
127 660
128 661
128 662
129 663
129 664
130 665
130 666
131 667
131 668
132 669
132 670
133 671
133 672
134 673
134 674
135 675
135 676
136 677
136 678
137 679
137 680
138 681
138 682
139 683
139 684
140 685
140 686
141 687
141 688
142 689
142 690
143 691
143 692
144 693
144 694
145 695
145 696
146 697
146 698
147 699
147 700
148 701
148 702
149 703
149 704
150 705
150 706
151 707
151 708
152 709
152 710
153 711
153 712
154 713
154 714
155 715
155 716
156 717
156 718
157 719
157 720
158 721
158 722
159 723
159 724
160 725
160 726
161 727
161 728
162 729
162 730
163 731
163 732
164 733
164 734
165 735
165 736
166 737
166 738
167 739
167 740
168 741
168 742
169 743
169 744
170 745
170 746
171 747
171 748
172 749
172 750
173 751
173 752
174 753
174 754
175 755
175 756
176 757
176 758
177 759
177 760
178 761
178 762
179 763
179 764
180 765
180 766
181 767
181 768
182 769
182 770
183 771
183 772
184 773
184 774
185 775
185 776
186 777
186 778
187 779
187 780
188 781
188 782
189 783
189 784
190 785
190 786
191 787
191 788
192 789
192 790
193 791
193 792
194 793
194 794
195 795
195 796
196 797
196 798
197 799
197 800
198 801
198 802
199 803
199 804
200 805
200 806
201 807
201 808
202 809
202 810
203 811
203 812
204 813
204 814
205 815
205 816
206 817
206 818
207 819
207 820
208 821
208 822
209 823
209 824
210 825
210 826
211 827
211 828
212 829
212 830
213 831
213 832
214 833
214 834
215 835
215 836
216 837
216 838
217 839
217 840
218 841
218 842
219 843
219 844
220 845
220 846
221 847
221 848
222 849
222 850
223 851
223 852
224 853
224 854
225 855
225 856
226 857
226 858
227 859
227 860
228 861
228 862
229 863
229 864
230 865
230 866
231 867
231 868
232 869
232 870
233 871
233 872
234 873
234 874
235 875
235 876
236 877
236 878
237 879
237 880
238 881
238 882
239 883
239 884
240 885
240 886
241 887
241 888
242 889
242 890
243 891
243 892
244 893
244 894
245 895
245 896
246 897
246 898
247 899
247 900
248 901
248 902
249 903
249 904
250 905
250 906
251 907
251 908
252 909
252 910
253 911
253 912
254 913
254 914
255 915
255 916
256 917
256 918
257 919
257 920
258 921
258 922
259 923
259 924
260 925
260 926
261 927
261 928
262 929
262 930
263 931
263 932
264 933
264 934
265 935
265 936
266 937
266 938
267 939
267 940
268 941
268 942
269 943
269 944
270 945
270 946
271 947
271 948
272 949
272 950
273 951
273 952
274 953
274 954
275 955
275 956
276 957
276 958
277 959
277 960
278 961
278 962
279 963
279 964
280 965
280 966
281 967
281 968
282 969
282 970
283 971
283 972
284 973
284 974
285 975
285 976
286 977
286 978
287 979
287 980
288 981
288 982
289 983
289 984
290 985
290 986
291 987
291 988
292 989
292 990
293 991
293 992
294 993
294 994
295 995
295 996
296 997
296 998
297 999
297 1000
298 1001
298 1002
299 1003
299 1004
300 1005
300 1006
301 1007
301 1008
302 1009
302 1010
303 1011
303 1012
304 1013
304 1014
305 1015
305 1016
306 1017
306 1018
307 1019
307 1020
308 1021
308 1022
309 1023
309 1024
310 1025
310 1026
311 1027
311 1028
312 1029
312 1030
313 1031
313 1032
314 1033
314 1034
315 1035
315 1036
316 1037
316 1038
317 1039
317 1040
318 1041
318 1042
319 1043
319 1044
320 1045
320 1046
321 1047
321 1048
322 1049
322 1050
323 1051
323 1052
324 1053
324 1054
325 1055
325 1056
326 1057
326 1058
327 1059
327 1060
328 1061
328 1062
329 1063
329 1064
330 1065
330 1066
331 1067
331 1068
332 1069
332 1070
333 1071
333 1072
334 1073
334 1074
335 1075
335 1076
336 1077
336 1078
337 1079
337 1080
338 1081
338 1082
339 1083
339 1084
340 1085
340 1086
341 1087
341 1088
342 1089
342 1090
343 1091
343 1092
344 1093
344 1094
345 1095
345 1096
346 1097
346 1098
347 1099
347 1100
348 1101
348 1102
349 1103
349 1104
350 1105
350 1106
351 1107
351 1108
352 1109
352 1110
353 1111
353 1112
354 1113
354 1114
355 1115
355 1116
356 1117
356 1118
357 1119
357 1120
358 1121
358 1122
359 1123
359 1124
360 1125
360 1126
361 1127
361 1128
362 1129
362 1130
363 1131
363 1132
364 1133
364 1134
365 1135
365 1136
366 1137
366 1138
367 1139
367 1140
368 1141
368 1142
369 1143
369 1144
370 1145
370 1146
371 1147
371 1148
372 1149
372 1150
373 1151
373 1152
374 1153
374 1154
375 1155
375 1156
376 1157
376 1158
377 1159
377 1160
378 1161
378 1162
379 1163
379 1164
380 1165
380 1166
381 1167
381 1168
382 1169
382 1170
383 1171
383 1172
384 1173
384 1174
385 1175
385 1176
386 1177
386 1178
387 1179
387 1180
388 1181
388 1182
389 1183
389 1184
390 1185
390 1186
391 1187
391 1188
392 1189
392 1190
393 1191
393 1192
394 1193
394 1194
395 1195
395 1196
396 1197
396 1198
397 1199
397 1200
398 1201
398 1202
399 1203
399 1204
400 1205
400 1206
401 1207
401 1208
402 1209
402 1210
403 1211
403 1212
404 1213
404 1214
