0 97
0 118
0 25
0 137
0 121
0 123
0 65
0 111
1 16
1 144
1 19
1 21
1 134
1 120
1 110
1 99
2 35
2 147
2 165
2 54
2 135
2 7
2 27
2 94
3 177
3 94
3 22
3 9
3 58
3 77
3 62
3 165
4 27
4 147
4 21
4 7
4 88
4 119
4 59
4 142
5 96
5 18
5 35
5 53
5 7
5 121
5 159
5 127
6 66
6 90
6 22
6 84
6 42
6 13
6 26
6 127
7 160
7 83
7 88
7 57
7 63
8 33
8 131
8 30
8 177
8 169
8 43
8 44
8 14
9 144
9 35
9 174
9 23
9 121
9 167
9 169
10 160
10 33
10 102
10 71
10 42
10 171
10 159
10 79
11 48
11 104
11 114
11 147
11 168
11 88
11 95
11 159
12 81
12 98
12 149
12 90
12 94
12 44
12 93
12 30
13 148
13 101
13 151
13 137
13 58
13 28
13 69
14 64
14 136
14 99
14 103
14 76
14 61
14 31
15 114
15 148
15 142
15 89
15 135
15 57
15 38
15 20
16 145
16 50
16 133
16 104
16 107
16 124
16 174
17 32
17 50
17 22
17 103
17 171
17 172
17 77
17 94
18 49
18 162
18 169
18 95
18 101
18 30
18 117
19 112
19 82
19 21
19 70
19 43
19 142
19 47
20 149
20 179
20 132
20 37
20 154
20 175
20 63
21 50
21 23
21 168
21 177
21 27
22 81
22 164
22 24
22 116
22 127
23 177
23 130
23 70
23 72
23 171
23 24
24 64
24 51
24 164
24 100
24 28
24 79
25 81
25 52
25 86
25 57
25 60
25 93
25 61
26 131
26 133
26 87
26 60
26 138
26 92
26 154
27 84
27 54
27 55
27 114
27 126
28 115
28 51
28 83
28 71
28 170
28 60
29 123
29 161
29 35
29 139
29 87
29 40
29 105
29 43
30 141
30 146
30 74
30 31
30 173
31 82
31 116
31 73
31 107
31 140
31 125
32 48
32 98
32 37
32 108
32 114
32 140
32 157
33 146
33 115
33 151
33 155
33 109
33 126
34 131
34 132
34 179
34 151
34 74
34 159
34 172
34 111
35 113
35 118
35 87
35 150
36 48
36 129
36 132
36 85
36 144
36 59
36 110
36 127
37 41
37 38
37 121
37 92
37 108
37 110
38 49
38 120
38 169
38 170
38 43
38 174
39 64
39 161
39 165
39 134
39 136
39 153
39 94
39 159
40 96
40 144
40 115
40 165
40 89
40 175
40 117
41 85
41 162
41 136
41 59
41 140
41 45
41 79
42 145
42 84
42 118
42 120
42 141
42 173
43 115
43 113
43 163
43 72
44 65
44 51
44 165
44 103
44 89
44 62
45 156
45 139
45 170
45 91
45 143
45 106
45 79
46 130
46 162
46 118
46 151
46 122
46 155
46 76
46 125
47 96
47 163
47 116
47 117
47 168
47 171
47 111
48 97
48 146
48 116
48 117
48 59
49 80
49 68
49 132
49 62
49 137
49 158
50 84
50 150
50 89
50 157
50 126
51 97
51 53
51 134
51 65
51 73
52 179
52 131
52 68
52 166
52 102
52 71
52 106
53 129
53 162
53 166
53 81
53 106
53 149
54 168
54 155
54 164
54 101
54 104
54 148
55 80
55 129
55 178
55 75
55 64
55 140
55 78
56 81
56 82
56 131
56 100
56 150
56 134
56 105
56 146
57 68
57 121
57 75
57 140
57 125
58 84
58 149
58 85
58 104
58 125
58 126
59 72
59 120
59 156
59 61
60 172
60 132
60 165
60 89
60 135
61 176
61 171
61 103
61 108
61 173
62 107
62 82
62 69
62 75
62 79
63 65
63 85
63 86
63 124
63 78
63 149
64 118
64 87
64 122
64 109
65 128
65 67
65 73
65 92
66 80
66 114
66 110
66 71
66 152
66 135
66 174
67 178
67 83
67 132
67 122
67 123
67 146
67 143
68 114
68 89
68 104
68 110
68 159
69 163
69 164
69 70
69 90
69 76
69 138
70 133
70 73
70 90
70 119
70 92
71 112
71 163
71 89
71 123
72 146
72 163
72 130
72 85
72 175
73 102
73 170
73 156
73 77
74 97
74 114
74 133
74 173
74 142
74 79
75 98
75 99
75 78
75 118
75 127
76 102
76 135
76 139
76 125
76 109
77 176
77 179
77 137
77 141
77 149
78 91
78 90
78 95
78 173
78 94
79 145
79 118
80 116
80 165
80 87
80 122
80 173
81 98
81 153
81 90
82 177
82 83
82 132
82 106
83 145
83 147
83 157
83 126
84 144
84 100
84 138
85 177
85 163
85 107
86 97
86 146
86 150
86 137
86 151
86 141
87 96
87 109
87 142
88 112
88 158
88 152
88 103
88 94
89 142
90 158
90 122
91 176
91 115
91 153
91 105
91 106
91 109
92 162
92 167
92 104
92 109
93 130
93 115
93 166
93 169
93 171
93 126
94 98
95 112
95 160
95 178
95 107
95 105
96 97
96 163
96 147
96 156
97 176
97 175
98 101
98 120
98 106
99 162
99 100
99 167
99 137
99 124
100 113
100 134
100 169
100 111
101 112
101 170
101 155
101 173
102 177
102 133
102 145
102 141
103 128
103 136
103 159
104 128
104 129
105 160
105 136
105 153
105 108
106 163
106 179
107 167
107 121
107 119
108 178
108 117
108 169
108 156
109 148
109 157
110 161
110 124
110 143
111 161
111 166
111 135
111 152
112 133
112 134
112 123
113 129
113 178
113 145
113 138
113 158
114 176
115 142
115 158
116 137
116 124
116 175
117 161
117 139
117 157
118 145
119 128
119 179
119 166
119 120
119 172
120 153
120 126
121 172
121 125
122 176
122 152
122 136
123 164
123 133
123 167
124 127
124 169
124 159
125 130
125 155
126 154
127 172
127 174
128 131
128 155
128 140
128 143
129 149
129 134
129 168
130 150
130 139
130 175
131 145
131 156
132 174
133 154
134 141
135 151
135 143
136 179
136 164
137 143
138 160
138 178
138 157
138 158
139 161
139 164
139 148
140 172
140 174
141 178
141 164
142 171
143 146
143 151
144 176
144 166
144 156
147 149
147 150
147 175
148 173
148 167
148 157
150 179
150 170
151 176
152 160
152 162
152 168
152 155
153 160
153 178
153 175
154 166
154 170
154 158
154 174
155 170
156 161
157 168
158 167
160 177
161 168
162 165
166 167
171 172
0 180
0 181
0 182
0 183
1 184
1 185
1 186
1 187
2 188
2 189
2 190
2 191
3 192
3 193
3 194
3 195
4 196
4 197
4 198
4 199
5 200
5 201
5 202
5 203
6 204
6 205
6 206
6 207
7 208
7 209
7 210
7 211
8 212
8 213
8 214
8 215
9 216
9 217
9 218
9 219
10 220
10 221
10 222
10 223
11 224
11 225
11 226
11 227
12 228
12 229
12 230
12 231
13 232
13 233
13 234
13 235
14 236
14 237
14 238
14 239
15 240
15 241
15 242
15 243
16 244
16 245
16 246
16 247
17 248
17 249
17 250
17 251
18 252
18 253
18 254
18 255
19 256
19 257
19 258
19 259
20 260
20 261
20 262
20 263
21 264
21 265
21 266
21 267
22 268
22 269
22 270
22 271
23 272
23 273
23 274
23 275
24 276
24 277
24 278
24 279
25 280
25 281
25 282
25 283
26 284
26 285
26 286
26 287
27 288
27 289
27 290
27 291
28 292
28 293
28 294
28 295
29 296
29 297
29 298
29 299
30 300
30 301
30 302
30 303
31 304
31 305
31 306
31 307
32 308
32 309
32 310
32 311
33 312
33 313
33 314
33 315
34 316
34 317
34 318
34 319
35 320
35 321
35 322
35 323
36 324
36 325
36 326
36 327
37 328
37 329
37 330
37 331
38 332
38 333
38 334
38 335
39 336
39 337
39 338
39 339
40 340
40 341
40 342
40 343
41 344
41 345
41 346
41 347
42 348
42 349
42 350
42 351
43 352
43 353
43 354
43 355
44 356
44 357
44 358
44 359
45 360
45 361
45 362
45 363
46 364
46 365
46 366
46 367
47 368
47 369
47 370
47 371
48 372
48 373
48 374
48 375
49 376
49 377
49 378
49 379
50 380
50 381
50 382
50 383
51 384
51 385
51 386
51 387
52 388
52 389
52 390
52 391
53 392
53 393
53 394
53 395
54 396
54 397
54 398
54 399
55 400
55 401
55 402
55 403
56 404
56 405
56 406
56 407
57 408
57 409
57 410
57 411
58 412
58 413
58 414
58 415
59 416
59 417
59 418
59 419
60 420
60 421
60 422
60 423
61 424
61 425
61 426
61 427
62 428
62 429
62 430
62 431
63 432
63 433
63 434
63 435
64 436
64 437
64 438
64 439
65 440
65 441
65 442
65 443
66 444
66 445
66 446
66 447
67 448
67 449
67 450
67 451
68 452
68 453
68 454
68 455
69 456
69 457
69 458
69 459
70 460
70 461
70 462
70 463
71 464
71 465
71 466
71 467
72 468
72 469
72 470
72 471
73 472
73 473
73 474
73 475
74 476
74 477
74 478
74 479
75 480
75 481
75 482
75 483
76 484
76 485
76 486
76 487
77 488
77 489
77 490
77 491
78 492
78 493
78 494
78 495
79 496
79 497
79 498
79 499
80 500
80 501
80 502
80 503
81 504
81 505
81 506
81 507
82 508
82 509
82 510
82 511
83 512
83 513
83 514
83 515
84 516
84 517
84 518
84 519
85 520
85 521
85 522
85 523
86 524
86 525
86 526
86 527
87 528
87 529
87 530
87 531
88 532
88 533
88 534
88 535
89 536
89 537
89 538
89 539
90 540
90 541
90 542
90 543
91 544
91 545
91 546
91 547
92 548
92 549
92 550
92 551
93 552
93 553
93 554
93 555
94 556
94 557
94 558
94 559
95 560
95 561
95 562
95 563
96 564
96 565
96 566
96 567
97 568
97 569
97 570
97 571
98 572
98 573
98 574
98 575
99 576
99 577
99 578
99 579
100 580
100 581
100 582
100 583
101 584
101 585
101 586
101 587
102 588
102 589
102 590
102 591
103 592
103 593
103 594
103 595
104 596
104 597
104 598
104 599
105 600
105 601
105 602
105 603
106 604
106 605
106 606
106 607
107 608
107 609
107 610
107 611
108 612
108 613
108 614
108 615
109 616
109 617
109 618
109 619
110 620
110 621
110 622
110 623
111 624
111 625
111 626
111 627
112 628
112 629
112 630
112 631
113 632
113 633
113 634
113 635
114 636
114 637
114 638
114 639
115 640
115 641
115 642
115 643
116 644
116 645
116 646
116 647
117 648
117 649
117 650
117 651
118 652
118 653
118 654
118 655
119 656
119 657
119 658
119 659
120 660
120 661
120 662
120 663
121 664
121 665
121 666
121 667
122 668
122 669
122 670
122 671
123 672
123 673
123 674
123 675
124 676
124 677
124 678
124 679
125 680
125 681
125 682
125 683
126 684
126 685
126 686
126 687
127 688
127 689
127 690
127 691
128 692
128 693
128 694
128 695
129 696
129 697
129 698
129 699
130 700
130 701
130 702
130 703
131 704
131 705
131 706
131 707
132 708
132 709
132 710
132 711
133 712
133 713
133 714
133 715
134 716
134 717
134 718
134 719
135 720
135 721
135 722
135 723
136 724
136 725
136 726
136 727
137 728
137 729
137 730
137 731
138 732
138 733
138 734
138 735
139 736
139 737
139 738
139 739
140 740
140 741
140 742
140 743
141 744
141 745
141 746
141 747
142 748
142 749
142 750
142 751
143 752
143 753
143 754
143 755
144 756
144 757
144 758
144 759
145 760
145 761
145 762
145 763
146 764
146 765
146 766
146 767
147 768
147 769
147 770
147 771
148 772
148 773
148 774
148 775
149 776
149 777
149 778
149 779
150 780
150 781
150 782
150 783
151 784
151 785
151 786
151 787
152 788
152 789
152 790
152 791
153 792
153 793
153 794
153 795
154 796
154 797
154 798
154 799
155 800
155 801
155 802
155 803
156 804
156 805
156 806
156 807
157 808
157 809
157 810
157 811
158 812
158 813
158 814
158 815
159 816
159 817
159 818
159 819
160 820
160 821
160 822
160 823
161 824
161 825
161 826
161 827
162 828
162 829
162 830
162 831
163 832
163 833
163 834
163 835
164 836
164 837
164 838
164 839
165 840
165 841
165 842
165 843
166 844
166 845
166 846
166 847
167 848
167 849
167 850
167 851
168 852
168 853
168 854
168 855
169 856
169 857
169 858
169 859
170 860
170 861
170 862
170 863
171 864
171 865
171 866
171 867
172 868
172 869
172 870
172 871
173 872
173 873
173 874
173 875
174 876
174 877
174 878
174 879
175 880
175 881
175 882
175 883
176 884
176 885
176 886
176 887
177 888
177 889
177 890
177 891
178 892
178 893
178 894
178 895
179 896
179 897
179 898
179 899
