0 16
0 246
0 340
0 102
0 86
0 87
0 148
0 85
1 293
1 372
1 181
1 57
1 74
1 125
1 269
1 143
2 144
2 98
2 294
2 166
2 70
2 358
2 278
2 338
3 101
3 6
3 311
3 218
3 159
3 28
3 282
3 271
4 53
4 106
4 116
4 285
4 54
4 234
4 378
4 191
5 216
5 194
5 243
5 72
5 362
5 314
5 398
5 221
6 303
6 180
6 22
6 36
6 79
6 94
6 15
7 240
7 272
7 211
7 37
7 54
7 33
7 344
7 105
8 16
8 368
8 84
8 167
8 116
8 154
8 59
8 318
9 112
9 113
9 307
9 374
9 134
9 12
9 188
9 111
10 83
10 59
10 164
10 390
10 136
10 394
10 347
10 333
11 288
11 166
11 328
11 105
11 106
11 349
11 94
11 191
12 48
12 384
12 258
12 115
12 39
12 120
12 348
13 129
13 130
13 324
13 358
13 177
13 89
13 257
13 238
14 48
14 51
14 118
14 103
14 280
14 169
14 45
14 367
15 82
15 388
15 121
15 306
15 381
15 110
15 95
16 352
16 371
16 134
16 40
16 269
16 223
17 320
17 304
17 294
17 184
17 346
17 123
17 28
17 382
18 82
18 164
18 245
18 103
18 248
18 309
18 199
18 261
19 160
19 179
19 211
19 357
19 230
19 183
19 88
19 58
20 288
20 304
20 245
20 134
20 167
20 88
20 285
20 254
21 400
21 192
21 340
21 152
21 297
21 395
21 332
21 319
22 272
22 225
22 213
22 187
22 172
22 192
22 78
23 336
23 401
23 306
23 35
23 263
23 201
23 397
23 238
24 80
24 326
24 55
24 250
24 235
24 44
24 398
24 47
25 64
25 400
25 388
25 215
25 364
25 141
25 382
25 77
26 320
26 209
26 384
26 212
26 310
26 36
26 204
26 157
27 160
27 321
27 210
27 260
27 247
27 199
27 78
27 223
28 274
28 259
28 85
28 86
28 41
28 174
29 368
29 115
29 100
29 291
29 138
29 123
29 346
29 154
30 368
30 272
30 37
30 151
30 296
30 108
30 254
30 127
31 241
31 322
31 403
31 245
31 169
31 189
31 291
31 47
32 165
32 163
32 164
32 181
32 161
32 55
32 302
32 239
33 242
33 100
33 265
33 314
33 107
33 252
33 364
34 51
34 147
34 388
34 231
34 56
34 57
34 255
34 175
35 241
35 292
35 85
35 375
35 264
35 249
35 257
36 240
36 113
36 178
36 390
36 397
36 125
37 372
37 341
37 200
37 330
37 91
37 85
38 336
38 181
38 398
38 295
38 329
38 157
38 302
38 223
39 162
39 196
39 149
39 135
39 344
39 268
39 125
40 369
40 115
40 94
40 175
40 255
40 78
40 127
41 346
41 403
41 340
41 124
41 298
41 203
41 317
42 258
42 220
42 231
42 226
42 202
42 188
42 397
42 62
43 264
43 150
43 88
43 74
43 108
43 333
43 318
43 207
44 72
44 171
44 228
44 181
44 167
44 235
44 397
45 242
45 171
45 260
45 211
45 58
45 347
45 383
46 368
46 272
46 340
46 278
46 246
46 225
46 392
46 100
47 75
47 292
47 343
47 219
47 380
47 221
48 201
48 403
48 302
48 137
48 298
48 380
49 227
49 399
49 389
49 280
49 382
49 79
49 174
49 319
50 99
50 371
50 356
50 230
50 231
50 106
50 381
50 303
51 272
51 177
51 130
51 153
51 185
51 236
52 259
52 222
52 142
52 360
52 236
52 396
52 387
52 254
53 128
53 210
53 179
53 291
53 186
53 92
53 93
54 290
54 356
54 261
54 262
54 201
54 359
55 359
55 267
55 380
55 237
55 238
55 335
56 256
56 177
56 178
56 345
56 266
56 298
56 333
57 132
57 118
57 100
57 233
57 284
57 382
58 257
58 162
58 182
58 401
58 125
58 93
59 80
59 243
59 90
59 250
59 330
59 157
60 210
60 115
60 228
60 103
60 236
60 188
60 205
60 287
61 162
61 355
61 71
61 266
61 183
61 252
61 141
61 126
62 197
62 312
62 396
62 332
62 189
62 222
62 125
63 112
63 131
63 311
63 376
63 361
63 202
63 91
63 348
64 401
64 290
64 404
64 374
64 186
64 300
64 270
65 112
65 305
65 370
65 74
65 185
65 138
65 176
65 386
66 192
66 75
66 267
66 69
66 72
66 121
66 123
66 365
67 259
67 399
67 163
67 214
67 379
67 191
67 158
67 79
68 306
68 277
68 166
68 105
68 313
68 143
68 189
68 159
69 163
69 148
69 214
69 282
69 235
69 124
69 298
70 85
70 119
70 88
70 279
70 255
70 93
70 175
71 208
71 257
71 293
71 183
71 328
71 76
71 396
72 370
72 233
72 196
72 98
72 239
73 263
73 241
73 260
73 326
73 297
73 152
73 345
73 279
74 307
74 139
74 342
74 217
74 348
75 176
75 224
75 260
75 263
75 116
75 315
76 273
76 220
76 152
76 120
76 267
76 284
76 366
77 144
77 161
77 114
77 356
77 200
77 205
77 126
78 261
78 183
78 346
78 253
78 349
79 160
79 399
79 261
79 203
79 336
80 208
80 242
80 132
80 119
80 258
80 111
81 240
81 242
81 371
81 246
81 359
81 296
81 394
81 397
82 369
82 342
82 375
82 145
82 185
82 175
83 368
83 320
83 86
83 295
83 315
83 223
83 383
84 352
84 337
84 350
84 121
84 160
84 302
84 175
85 308
85 307
85 173
86 289
86 340
86 246
86 377
86 95
87 258
87 116
87 149
87 296
87 249
87 379
87 335
88 306
88 356
88 264
88 142
89 369
89 219
89 238
89 246
89 248
89 283
89 382
90 177
90 390
90 170
90 395
90 186
90 206
90 287
91 113
91 146
91 229
91 373
91 300
91 366
92 374
92 137
92 233
92 201
92 267
92 349
92 157
93 257
93 292
93 102
93 305
93 137
94 224
94 98
94 123
94 327
94 298
95 209
95 114
95 277
95 119
95 362
95 170
96 240
96 386
96 286
96 393
96 299
96 210
96 254
96 399
97 193
97 145
97 344
97 217
97 298
97 219
97 297
97 337
98 320
98 356
98 357
98 361
98 266
99 145
99 179
99 246
99 279
99 104
99 140
99 367
100 324
100 345
100 237
100 127
101 288
101 113
101 274
101 133
101 214
101 227
101 140
102 194
102 195
102 206
102 154
102 301
102 350
103 132
103 262
103 343
103 217
103 383
104 244
104 165
104 136
104 394
104 363
104 300
104 234
105 290
105 182
105 135
105 332
105 172
106 325
106 219
106 348
106 350
106 143
107 140
107 315
107 265
107 187
107 364
107 269
107 126
108 194
108 110
108 214
108 286
108 333
108 254
109 337
109 219
109 213
109 225
109 187
109 252
109 207
109 351
110 208
110 163
110 212
110 155
110 383
110 142
111 336
111 371
111 129
111 232
111 285
111 222
112 373
112 392
112 190
112 318
112 271
113 161
113 340
113 248
113 318
114 224
114 292
114 309
114 184
114 276
114 236
115 133
115 262
115 334
115 381
116 293
116 127
116 190
116 223
117 128
117 208
117 146
117 358
117 135
117 200
117 364
117 318
118 369
118 323
118 350
118 198
118 345
118 264
119 209
119 226
119 212
119 319
119 253
120 288
120 275
120 294
120 156
120 339
120 254
121 132
121 171
121 244
121 372
121 399
122 262
122 227
122 277
122 198
122 184
122 137
122 348
122 238
123 362
123 133
123 170
123 221
124 339
124 132
124 343
124 361
124 186
124 139
125 384
125 151
125 202
126 160
126 242
126 326
126 345
126 363
127 344
127 289
127 277
127 233
128 372
128 295
128 137
128 282
128 268
128 222
129 368
129 240
129 227
129 301
129 345
129 315
130 240
130 273
130 201
130 360
130 249
130 223
131 149
131 209
131 258
131 389
131 296
131 249
131 165
132 164
132 152
132 220
133 354
133 248
133 138
133 171
133 197
134 352
134 244
134 150
134 324
134 250
135 208
135 352
135 147
135 346
135 337
136 178
136 355
136 327
136 217
136 299
136 318
137 211
137 215
137 219
138 393
138 392
138 234
138 314
138 349
139 240
139 353
139 150
139 305
139 329
139 209
140 353
140 277
140 296
140 185
140 190
141 273
141 178
141 284
141 155
141 156
141 350
142 323
142 222
142 295
142 387
142 221
143 308
143 213
143 262
143 369
143 222
144 145
144 325
144 246
144 200
144 187
144 312
145 226
145 294
145 379
145 403
146 299
146 404
146 151
146 329
146 266
146 287
147 257
147 293
147 169
147 299
147 159
147 383
148 161
148 358
148 215
148 216
148 235
148 369
149 352
149 321
149 371
149 229
149 198
150 274
150 181
150 358
150 173
150 383
151 291
151 404
151 286
151 392
151 322
152 242
152 268
152 311
152 232
153 256
153 225
153 201
153 328
153 217
153 330
153 377
154 336
154 402
154 215
154 313
154 349
155 224
155 251
155 280
155 363
155 270
155 191
156 344
156 194
156 195
156 274
156 364
156 349
157 241
157 353
157 184
157 189
158 193
158 274
158 325
158 337
158 251
158 284
158 366
159 290
159 280
159 331
159 333
159 318
160 216
160 376
160 330
161 210
161 166
161 279
161 383
162 258
162 178
162 348
162 286
162 223
163 225
163 190
163 359
163 250
164 401
164 391
164 393
164 218
165 386
165 228
165 203
165 379
165 252
166 343
166 169
166 167
166 206
167 353
167 339
167 197
167 188
168 355
168 365
168 343
168 392
168 377
168 266
168 317
168 303
169 208
169 339
169 227
169 239
170 347
170 389
170 278
170 233
170 332
171 384
171 179
171 186
171 213
172 208
172 326
172 359
172 395
172 173
172 367
173 228
173 361
173 394
173 220
173 261
174 340
174 214
174 263
174 284
174 234
174 303
175 200
175 255
175 253
176 370
176 347
176 345
176 377
176 299
176 351
177 256
177 324
177 214
177 184
178 198
178 231
178 321
179 213
179 308
179 245
179 278
180 275
180 229
180 297
180 204
180 253
180 334
180 284
181 312
181 184
181 220
182 338
182 334
182 350
182 301
182 238
182 367
183 224
183 402
183 243
183 309
184 400
184 247
185 276
185 311
185 393
185 331
186 260
186 366
186 190
187 305
187 387
187 292
187 230
188 253
188 378
188 298
188 365
189 290
189 374
189 327
189 212
190 230
190 200
190 399
191 367
191 267
191 285
191 383
192 403
192 231
192 282
192 347
192 271
193 323
193 229
193 199
193 280
193 202
193 271
194 384
194 225
194 338
194 309
195 308
195 279
195 396
195 202
195 331
195 356
196 401
196 324
196 357
196 332
196 366
196 335
197 304
197 402
197 388
197 381
197 255
198 272
198 226
198 403
198 373
199 260
199 310
199 308
199 268
199 317
200 256
200 401
201 304
201 323
202 390
202 327
202 315
203 261
203 247
203 328
203 378
203 252
204 338
204 388
204 214
204 247
204 249
204 237
205 279
205 311
205 345
205 282
205 379
205 330
206 273
206 259
206 388
206 328
206 269
207 337
207 322
207 211
207 373
207 284
207 242
208 313
209 374
209 392
209 287
210 340
210 285
210 341
211 353
211 292
211 351
212 248
212 333
212 232
212 303
213 324
213 244
213 362
214 232
215 368
215 323
215 237
215 307
216 337
216 391
216 268
216 237
216 271
217 288
217 387
217 335
218 385
218 265
218 233
218 375
218 236
218 297
219 313
219 269
220 354
220 382
220 239
221 336
221 351
221 404
221 396
222 226
222 348
223 314
224 363
224 300
224 381
225 357
225 344
226 307
226 261
226 376
227 273
227 281
227 382
228 321
228 359
228 267
228 335
229 355
229 250
229 237
229 301
230 302
230 276
230 334
230 343
231 281
231 370
231 285
232 313
232 266
232 380
232 237
233 291
233 246
234 291
234 357
234 278
234 372
235 289
235 403
235 266
235 331
236 336
236 243
236 300
237 269
238 380
238 301
239 289
239 293
239 247
239 316
240 245
241 384
241 289
241 280
241 366
242 274
243 263
243 289
243 363
243 317
244 277
244 315
244 396
244 303
245 336
245 325
245 315
247 354
247 360
247 270
248 371
248 328
248 286
249 276
249 311
249 371
250 357
250 267
250 363
251 385
251 355
251 361
251 265
251 378
251 287
252 256
252 387
252 277
253 362
253 330
253 271
254 319
254 271
255 360
255 404
255 285
256 320
256 343
256 367
257 400
257 268
258 381
258 398
259 288
259 393
259 348
259 317
260 374
260 397
261 376
262 288
262 275
262 379
263 401
263 292
263 326
264 283
264 361
264 377
264 331
265 293
265 327
265 344
265 396
266 309
267 329
268 278
268 301
269 344
269 314
270 322
270 360
270 300
270 365
270 319
271 296
272 386
272 298
273 324
273 341
273 370
274 304
274 351
275 386
275 307
275 293
275 394
275 366
276 354
276 404
276 279
276 332
277 331
278 289
278 390
279 363
280 294
280 375
281 352
281 288
281 400
281 403
281 389
281 377
282 385
282 323
282 314
283 356
283 361
283 346
283 300
283 350
283 367
284 294
285 358
286 321
286 389
286 391
287 306
287 391
287 353
289 316
290 387
290 382
290 350
291 329
291 397
292 294
293 319
294 378
295 341
295 392
295 396
295 381
296 385
296 341
297 304
297 327
297 317
299 376
299 365
299 319
300 399
301 401
301 339
302 404
302 331
302 309
303 304
303 360
304 370
305 320
305 308
305 373
305 334
306 354
306 359
306 398
307 342
307 349
308 372
308 363
309 330
309 364
310 321
310 342
310 312
310 394
310 311
310 398
311 316
312 400
312 355
312 358
312 316
313 322
313 316
313 362
314 400
314 316
315 376
316 384
316 347
317 388
317 342
318 353
319 325
320 355
320 386
321 339
321 375
322 402
322 391
322 333
323 341
323 347
324 351
325 342
325 391
325 379
326 402
326 395
326 399
327 387
327 389
328 376
328 365
329 373
329 379
329 387
330 375
331 347
332 372
332 376
333 404
334 385
334 394
334 351
335 390
335 378
335 380
337 381
338 385
338 369
338 393
338 378
339 373
339 377
341 362
341 351
342 388
342 380
343 395
346 400
346 353
349 390
352 369
352 395
354 360
354 356
354 389
355 366
357 370
357 390
358 374
359 365
360 368
361 393
362 395
364 391
364 367
365 389
370 371
372 392
373 397
374 385
375 393
375 398
377 402
378 384
380 385
386 402
386 391
394 398
395 402
0 405
0 406
0 407
0 408
0 409
0 410
0 411
0 412
0 413
0 414
1 415
1 416
1 417
1 418
1 419
1 420
1 421
1 422
1 423
1 424
2 425
2 426
2 427
2 428
2 429
2 430
2 431
2 432
2 433
2 434
3 435
3 436
3 437
3 438
3 439
3 440
3 441
3 442
3 443
3 444
4 445
4 446
4 447
4 448
4 449
4 450
4 451
4 452
4 453
4 454
5 455
5 456
5 457
5 458
5 459
5 460
5 461
5 462
5 463
5 464
6 465
6 466
6 467
6 468
6 469
6 470
6 471
6 472
6 473
6 474
7 475
7 476
7 477
7 478
7 479
7 480
7 481
7 482
7 483
7 484
8 485
8 486
8 487
8 488
8 489
8 490
8 491
8 492
8 493
8 494
9 495
9 496
9 497
9 498
9 499
9 500
9 501
9 502
9 503
9 504
10 505
10 506
10 507
10 508
10 509
10 510
10 511
10 512
10 513
10 514
11 515
11 516
11 517
11 518
11 519
11 520
11 521
11 522
11 523
11 524
12 525
12 526
12 527
12 528
12 529
12 530
12 531
12 532
12 533
12 534
13 535
13 536
13 537
13 538
13 539
13 540
13 541
13 542
13 543
13 544
14 545
14 546
14 547
14 548
14 549
14 550
14 551
14 552
14 553
14 554
15 555
15 556
15 557
15 558
15 559
15 560
15 561
15 562
15 563
15 564
16 565
16 566
16 567
16 568
16 569
16 570
16 571
16 572
16 573
16 574
17 575
17 576
17 577
17 578
17 579
17 580
17 581
17 582
17 583
17 584
18 585
18 586
18 587
18 588
18 589
18 590
18 591
18 592
18 593
18 594
19 595
19 596
19 597
19 598
19 599
19 600
19 601
19 602
19 603
19 604
20 605
20 606
20 607
20 608
20 609
20 610
20 611
20 612
20 613
20 614
21 615
21 616
21 617
21 618
21 619
21 620
21 621
21 622
21 623
21 624
22 625
22 626
22 627
22 628
22 629
22 630
22 631
22 632
22 633
22 634
23 635
23 636
23 637
23 638
23 639
23 640
23 641
23 642
23 643
23 644
24 645
24 646
24 647
24 648
24 649
24 650
24 651
24 652
24 653
24 654
25 655
25 656
25 657
25 658
25 659
25 660
25 661
25 662
25 663
25 664
26 665
26 666
26 667
26 668
26 669
26 670
26 671
26 672
26 673
26 674
27 675
27 676
27 677
27 678
27 679
27 680
27 681
27 682
27 683
27 684
28 685
28 686
28 687
28 688
28 689
28 690
28 691
28 692
28 693
28 694
29 695
29 696
29 697
29 698
29 699
29 700
29 701
29 702
29 703
29 704
30 705
30 706
30 707
30 708
30 709
30 710
30 711
30 712
30 713
30 714
31 715
31 716
31 717
31 718
31 719
31 720
31 721
31 722
31 723
31 724
32 725
32 726
32 727
32 728
32 729
32 730
32 731
32 732
32 733
32 734
33 735
33 736
33 737
33 738
33 739
33 740
33 741
33 742
33 743
33 744
34 745
34 746
34 747
34 748
34 749
34 750
34 751
34 752
34 753
34 754
35 755
35 756
35 757
35 758
35 759
35 760
35 761
35 762
35 763
35 764
36 765
36 766
36 767
36 768
36 769
36 770
36 771
36 772
36 773
36 774
37 775
37 776
37 777
37 778
37 779
37 780
37 781
37 782
37 783
37 784
38 785
38 786
38 787
38 788
38 789
38 790
38 791
38 792
38 793
38 794
39 795
39 796
39 797
39 798
39 799
39 800
39 801
39 802
39 803
39 804
40 805
40 806
40 807
40 808
40 809
40 810
40 811
40 812
40 813
40 814
41 815
41 816
41 817
41 818
41 819
41 820
41 821
41 822
41 823
41 824
42 825
42 826
42 827
42 828
42 829
42 830
42 831
42 832
42 833
42 834
43 835
43 836
43 837
43 838
43 839
43 840
43 841
43 842
43 843
43 844
44 845
44 846
44 847
44 848
44 849
44 850
44 851
44 852
44 853
44 854
45 855
45 856
45 857
45 858
45 859
45 860
45 861
45 862
45 863
45 864
46 865
46 866
46 867
46 868
46 869
46 870
46 871
46 872
46 873
46 874
47 875
47 876
47 877
47 878
47 879
47 880
47 881
47 882
47 883
47 884
48 885
48 886
48 887
48 888
48 889
48 890
48 891
48 892
48 893
48 894
49 895
49 896
49 897
49 898
49 899
49 900
49 901
49 902
49 903
49 904
50 905
50 906
50 907
50 908
50 909
50 910
50 911
50 912
50 913
50 914
51 915
51 916
51 917
51 918
51 919
51 920
51 921
51 922
51 923
51 924
52 925
52 926
52 927
52 928
52 929
52 930
52 931
52 932
52 933
52 934
53 935
53 936
53 937
53 938
53 939
53 940
53 941
53 942
53 943
53 944
54 945
54 946
54 947
54 948
54 949
54 950
54 951
54 952
54 953
54 954
55 955
55 956
55 957
55 958
55 959
55 960
55 961
55 962
55 963
55 964
56 965
56 966
56 967
56 968
56 969
56 970
56 971
56 972
56 973
56 974
57 975
57 976
57 977
57 978
57 979
57 980
57 981
57 982
57 983
57 984
58 985
58 986
58 987
58 988
58 989
58 990
58 991
58 992
58 993
58 994
59 995
59 996
59 997
59 998
59 999
59 1000
59 1001
59 1002
59 1003
59 1004
60 1005
60 1006
60 1007
60 1008
60 1009
60 1010
60 1011
60 1012
60 1013
60 1014
61 1015
61 1016
61 1017
61 1018
61 1019
61 1020
61 1021
61 1022
61 1023
61 1024
62 1025
62 1026
62 1027
62 1028
62 1029
62 1030
62 1031
62 1032
62 1033
62 1034
63 1035
63 1036
63 1037
63 1038
63 1039
63 1040
63 1041
63 1042
63 1043
63 1044
64 1045
64 1046
64 1047
64 1048
64 1049
64 1050
64 1051
64 1052
64 1053
64 1054
65 1055
65 1056
65 1057
65 1058
65 1059
65 1060
65 1061
65 1062
65 1063
65 1064
66 1065
66 1066
66 1067
66 1068
66 1069
66 1070
66 1071
66 1072
66 1073
66 1074
67 1075
67 1076
67 1077
67 1078
67 1079
67 1080
67 1081
67 1082
67 1083
67 1084
68 1085
68 1086
68 1087
68 1088
68 1089
68 1090
68 1091
68 1092
68 1093
68 1094
69 1095
69 1096
69 1097
69 1098
69 1099
69 1100
69 1101
69 1102
69 1103
69 1104
70 1105
70 1106
70 1107
70 1108
70 1109
70 1110
70 1111
70 1112
70 1113
70 1114
71 1115
71 1116
71 1117
71 1118
71 1119
71 1120
71 1121
71 1122
71 1123
71 1124
72 1125
72 1126
72 1127
72 1128
72 1129
72 1130
72 1131
72 1132
72 1133
72 1134
73 1135
73 1136
73 1137
73 1138
73 1139
73 1140
73 1141
73 1142
73 1143
73 1144
74 1145
74 1146
74 1147
74 1148
74 1149
74 1150
74 1151
74 1152
74 1153
74 1154
75 1155
75 1156
75 1157
75 1158
75 1159
75 1160
75 1161
75 1162
75 1163
75 1164
76 1165
76 1166
76 1167
76 1168
76 1169
76 1170
76 1171
76 1172
76 1173
76 1174
77 1175
77 1176
77 1177
77 1178
77 1179
77 1180
77 1181
77 1182
77 1183
77 1184
78 1185
78 1186
78 1187
78 1188
78 1189
78 1190
78 1191
78 1192
78 1193
78 1194
79 1195
79 1196
79 1197
79 1198
79 1199
79 1200
79 1201
79 1202
79 1203
79 1204
80 1205
80 1206
80 1207
80 1208
80 1209
80 1210
80 1211
80 1212
80 1213
80 1214
81 1215
81 1216
81 1217
81 1218
81 1219
81 1220
81 1221
81 1222
81 1223
81 1224
82 1225
82 1226
82 1227
82 1228
82 1229
82 1230
82 1231
82 1232
82 1233
82 1234
83 1235
83 1236
83 1237
83 1238
83 1239
83 1240
83 1241
83 1242
83 1243
83 1244
84 1245
84 1246
84 1247
84 1248
84 1249
84 1250
84 1251
84 1252
84 1253
84 1254
85 1255
85 1256
85 1257
85 1258
85 1259
85 1260
85 1261
85 1262
85 1263
85 1264
86 1265
86 1266
86 1267
86 1268
86 1269
86 1270
86 1271
86 1272
86 1273
86 1274
87 1275
87 1276
87 1277
87 1278
87 1279
87 1280
87 1281
87 1282
87 1283
87 1284
88 1285
88 1286
88 1287
88 1288
88 1289
88 1290
88 1291
88 1292
88 1293
88 1294
89 1295
89 1296
89 1297
89 1298
89 1299
89 1300
89 1301
89 1302
89 1303
89 1304
90 1305
90 1306
90 1307
90 1308
90 1309
90 1310
90 1311
90 1312
90 1313
90 1314
91 1315
91 1316
91 1317
91 1318
91 1319
91 1320
91 1321
91 1322
91 1323
91 1324
92 1325
92 1326
92 1327
92 1328
92 1329
92 1330
92 1331
92 1332
92 1333
92 1334
93 1335
93 1336
93 1337
93 1338
93 1339
93 1340
93 1341
93 1342
93 1343
93 1344
94 1345
94 1346
94 1347
94 1348
94 1349
94 1350
94 1351
94 1352
94 1353
94 1354
95 1355
95 1356
95 1357
95 1358
95 1359
95 1360
95 1361
95 1362
95 1363
95 1364
96 1365
96 1366
96 1367
96 1368
96 1369
96 1370
96 1371
96 1372
96 1373
96 1374
97 1375
97 1376
97 1377
97 1378
97 1379
97 1380
97 1381
97 1382
97 1383
97 1384
98 1385
98 1386
98 1387
98 1388
98 1389
98 1390
98 1391
98 1392
98 1393
98 1394
99 1395
99 1396
99 1397
99 1398
99 1399
99 1400
99 1401
99 1402
99 1403
99 1404
100 1405
100 1406
100 1407
100 1408
100 1409
100 1410
100 1411
100 1412
100 1413
100 1414
101 1415
101 1416
101 1417
101 1418
101 1419
101 1420
101 1421
101 1422
101 1423
101 1424
102 1425
102 1426
102 1427
102 1428
102 1429
102 1430
102 1431
102 1432
102 1433
102 1434
103 1435
103 1436
103 1437
103 1438
103 1439
103 1440
103 1441
103 1442
103 1443
103 1444
104 1445
104 1446
104 1447
104 1448
104 1449
104 1450
104 1451
104 1452
104 1453
104 1454
105 1455
105 1456
105 1457
105 1458
105 1459
105 1460
105 1461
105 1462
105 1463
105 1464
106 1465
106 1466
106 1467
106 1468
106 1469
106 1470
106 1471
106 1472
106 1473
106 1474
107 1475
107 1476
107 1477
107 1478
107 1479
107 1480
107 1481
107 1482
107 1483
107 1484
108 1485
108 1486
108 1487
108 1488
108 1489
108 1490
108 1491
108 1492
108 1493
108 1494
109 1495
109 1496
109 1497
109 1498
109 1499
109 1500
109 1501
109 1502
109 1503
109 1504
110 1505
110 1506
110 1507
110 1508
110 1509
110 1510
110 1511
110 1512
110 1513
110 1514
111 1515
111 1516
111 1517
111 1518
111 1519
111 1520
111 1521
111 1522
111 1523
111 1524
112 1525
112 1526
112 1527
112 1528
112 1529
112 1530
112 1531
112 1532
112 1533
112 1534
113 1535
113 1536
113 1537
113 1538
113 1539
113 1540
113 1541
113 1542
113 1543
113 1544
114 1545
114 1546
114 1547
114 1548
114 1549
114 1550
114 1551
114 1552
114 1553
114 1554
115 1555
115 1556
115 1557
115 1558
115 1559
115 1560
115 1561
115 1562
115 1563
115 1564
116 1565
116 1566
116 1567
116 1568
116 1569
116 1570
116 1571
116 1572
116 1573
116 1574
117 1575
117 1576
117 1577
117 1578
117 1579
117 1580
117 1581
117 1582
117 1583
117 1584
118 1585
118 1586
118 1587
118 1588
118 1589
118 1590
118 1591
118 1592
118 1593
118 1594
119 1595
119 1596
119 1597
119 1598
119 1599
119 1600
119 1601
119 1602
119 1603
119 1604
120 1605
120 1606
120 1607
120 1608
120 1609
120 1610
120 1611
120 1612
120 1613
120 1614
121 1615
121 1616
121 1617
121 1618
121 1619
121 1620
121 1621
121 1622
121 1623
121 1624
122 1625
122 1626
122 1627
122 1628
122 1629
122 1630
122 1631
122 1632
122 1633
122 1634
123 1635
123 1636
123 1637
123 1638
123 1639
123 1640
123 1641
123 1642
123 1643
123 1644
124 1645
124 1646
124 1647
124 1648
124 1649
124 1650
124 1651
124 1652
124 1653
124 1654
125 1655
125 1656
125 1657
125 1658
125 1659
125 1660
125 1661
125 1662
125 1663
125 1664
126 1665
126 1666
126 1667
126 1668
126 1669
126 1670
126 1671
126 1672
126 1673
126 1674
127 1675
127 1676
127 1677
127 1678
127 1679
127 1680
127 1681
127 1682
127 1683
127 1684
128 1685
128 1686
128 1687
128 1688
128 1689
128 1690
128 1691
128 1692
128 1693
128 1694
129 1695
129 1696
129 1697
129 1698
129 1699
129 1700
129 1701
129 1702
129 1703
129 1704
130 1705
130 1706
130 1707
130 1708
130 1709
130 1710
130 1711
130 1712
130 1713
130 1714
131 1715
131 1716
131 1717
131 1718
131 1719
131 1720
131 1721
131 1722
131 1723
131 1724
132 1725
132 1726
132 1727
132 1728
132 1729
132 1730
132 1731
132 1732
132 1733
132 1734
133 1735
133 1736
133 1737
133 1738
133 1739
133 1740
133 1741
133 1742
133 1743
133 1744
134 1745
134 1746
134 1747
134 1748
134 1749
134 1750
134 1751
134 1752
134 1753
134 1754
135 1755
135 1756
135 1757
135 1758
135 1759
135 1760
135 1761
135 1762
135 1763
135 1764
136 1765
136 1766
136 1767
136 1768
136 1769
136 1770
136 1771
136 1772
136 1773
136 1774
137 1775
137 1776
137 1777
137 1778
137 1779
137 1780
137 1781
137 1782
137 1783
137 1784
138 1785
138 1786
138 1787
138 1788
138 1789
138 1790
138 1791
138 1792
138 1793
138 1794
139 1795
139 1796
139 1797
139 1798
139 1799
139 1800
139 1801
139 1802
139 1803
139 1804
140 1805
140 1806
140 1807
140 1808
140 1809
140 1810
140 1811
140 1812
140 1813
140 1814
141 1815
141 1816
141 1817
141 1818
141 1819
141 1820
141 1821
141 1822
141 1823
141 1824
142 1825
142 1826
142 1827
142 1828
142 1829
142 1830
142 1831
142 1832
142 1833
142 1834
143 1835
143 1836
143 1837
143 1838
143 1839
143 1840
143 1841
143 1842
143 1843
143 1844
144 1845
144 1846
144 1847
144 1848
144 1849
144 1850
144 1851
144 1852
144 1853
144 1854
145 1855
145 1856
145 1857
145 1858
145 1859
145 1860
145 1861
145 1862
145 1863
145 1864
146 1865
146 1866
146 1867
146 1868
146 1869
146 1870
146 1871
146 1872
146 1873
146 1874
147 1875
147 1876
147 1877
147 1878
147 1879
147 1880
147 1881
147 1882
147 1883
147 1884
148 1885
148 1886
148 1887
148 1888
148 1889
148 1890
148 1891
148 1892
148 1893
148 1894
149 1895
149 1896
149 1897
149 1898
149 1899
149 1900
149 1901
149 1902
149 1903
149 1904
150 1905
150 1906
150 1907
150 1908
150 1909
150 1910
150 1911
150 1912
150 1913
150 1914
151 1915
151 1916
151 1917
151 1918
151 1919
151 1920
151 1921
151 1922
151 1923
151 1924
152 1925
152 1926
152 1927
152 1928
152 1929
152 1930
152 1931
152 1932
152 1933
152 1934
153 1935
153 1936
153 1937
153 1938
153 1939
153 1940
153 1941
153 1942
153 1943
153 1944
154 1945
154 1946
154 1947
154 1948
154 1949
154 1950
154 1951
154 1952
154 1953
154 1954
155 1955
155 1956
155 1957
155 1958
155 1959
155 1960
155 1961
155 1962
155 1963
155 1964
156 1965
156 1966
156 1967
156 1968
156 1969
156 1970
156 1971
156 1972
156 1973
156 1974
157 1975
157 1976
157 1977
157 1978
157 1979
157 1980
157 1981
157 1982
157 1983
157 1984
158 1985
158 1986
158 1987
158 1988
158 1989
158 1990
158 1991
158 1992
158 1993
158 1994
159 1995
159 1996
159 1997
159 1998
159 1999
159 2000
159 2001
159 2002
159 2003
159 2004
160 2005
160 2006
160 2007
160 2008
160 2009
160 2010
160 2011
160 2012
160 2013
160 2014
161 2015
161 2016
161 2017
161 2018
161 2019
161 2020
161 2021
161 2022
161 2023
161 2024
162 2025
162 2026
162 2027
162 2028
162 2029
162 2030
162 2031
162 2032
162 2033
162 2034
163 2035
163 2036
163 2037
163 2038
163 2039
163 2040
163 2041
163 2042
163 2043
163 2044
164 2045
164 2046
164 2047
164 2048
164 2049
164 2050
164 2051
164 2052
164 2053
164 2054
165 2055
165 2056
165 2057
165 2058
165 2059
165 2060
165 2061
165 2062
165 2063
165 2064
166 2065
166 2066
166 2067
166 2068
166 2069
166 2070
166 2071
166 2072
166 2073
166 2074
167 2075
167 2076
167 2077
167 2078
167 2079
167 2080
167 2081
167 2082
167 2083
167 2084
168 2085
168 2086
168 2087
168 2088
168 2089
168 2090
168 2091
168 2092
168 2093
168 2094
169 2095
169 2096
169 2097
169 2098
169 2099
169 2100
169 2101
169 2102
169 2103
169 2104
170 2105
170 2106
170 2107
170 2108
170 2109
170 2110
170 2111
170 2112
170 2113
170 2114
171 2115
171 2116
171 2117
171 2118
171 2119
171 2120
171 2121
171 2122
171 2123
171 2124
172 2125
172 2126
172 2127
172 2128
172 2129
172 2130
172 2131
172 2132
172 2133
172 2134
173 2135
173 2136
173 2137
173 2138
173 2139
173 2140
173 2141
173 2142
173 2143
173 2144
174 2145
174 2146
174 2147
174 2148
174 2149
174 2150
174 2151
174 2152
174 2153
174 2154
175 2155
175 2156
175 2157
175 2158
175 2159
175 2160
175 2161
175 2162
175 2163
175 2164
176 2165
176 2166
176 2167
176 2168
176 2169
176 2170
176 2171
176 2172
176 2173
176 2174
177 2175
177 2176
177 2177
177 2178
177 2179
177 2180
177 2181
177 2182
177 2183
177 2184
178 2185
178 2186
178 2187
178 2188
178 2189
178 2190
178 2191
178 2192
178 2193
178 2194
179 2195
179 2196
179 2197
179 2198
179 2199
179 2200
179 2201
179 2202
179 2203
179 2204
180 2205
180 2206
180 2207
180 2208
180 2209
180 2210
180 2211
180 2212
180 2213
180 2214
181 2215
181 2216
181 2217
181 2218
181 2219
181 2220
181 2221
181 2222
181 2223
181 2224
182 2225
182 2226
182 2227
182 2228
182 2229
182 2230
182 2231
182 2232
182 2233
182 2234
183 2235
183 2236
183 2237
183 2238
183 2239
183 2240
183 2241
183 2242
183 2243
183 2244
184 2245
184 2246
184 2247
184 2248
184 2249
184 2250
184 2251
184 2252
184 2253
184 2254
185 2255
185 2256
185 2257
185 2258
185 2259
185 2260
185 2261
185 2262
185 2263
185 2264
186 2265
186 2266
186 2267
186 2268
186 2269
186 2270
186 2271
186 2272
186 2273
186 2274
187 2275
187 2276
187 2277
187 2278
187 2279
187 2280
187 2281
187 2282
187 2283
187 2284
188 2285
188 2286
188 2287
188 2288
188 2289
188 2290
188 2291
188 2292
188 2293
188 2294
189 2295
189 2296
189 2297
189 2298
189 2299
189 2300
189 2301
189 2302
189 2303
189 2304
190 2305
190 2306
190 2307
190 2308
190 2309
190 2310
190 2311
190 2312
190 2313
190 2314
191 2315
191 2316
191 2317
191 2318
191 2319
191 2320
191 2321
191 2322
191 2323
191 2324
192 2325
192 2326
192 2327
192 2328
192 2329
192 2330
192 2331
192 2332
192 2333
192 2334
193 2335
193 2336
193 2337
193 2338
193 2339
193 2340
193 2341
193 2342
193 2343
193 2344
194 2345
194 2346
194 2347
194 2348
194 2349
194 2350
194 2351
194 2352
194 2353
194 2354
195 2355
195 2356
195 2357
195 2358
195 2359
195 2360
195 2361
195 2362
195 2363
195 2364
196 2365
196 2366
196 2367
196 2368
196 2369
196 2370
196 2371
196 2372
196 2373
196 2374
197 2375
197 2376
197 2377
197 2378
197 2379
197 2380
197 2381
197 2382
197 2383
197 2384
198 2385
198 2386
198 2387
198 2388
198 2389
198 2390
198 2391
198 2392
198 2393
198 2394
199 2395
199 2396
199 2397
199 2398
199 2399
199 2400
199 2401
199 2402
199 2403
199 2404
200 2405
200 2406
200 2407
200 2408
200 2409
200 2410
200 2411
200 2412
200 2413
200 2414
201 2415
201 2416
201 2417
201 2418
201 2419
201 2420
201 2421
201 2422
201 2423
201 2424
202 2425
202 2426
202 2427
202 2428
202 2429
202 2430
202 2431
202 2432
202 2433
202 2434
203 2435
203 2436
203 2437
203 2438
203 2439
203 2440
203 2441
203 2442
203 2443
203 2444
204 2445
204 2446
204 2447
204 2448
204 2449
204 2450
204 2451
204 2452
204 2453
204 2454
205 2455
205 2456
205 2457
205 2458
205 2459
205 2460
205 2461
205 2462
205 2463
205 2464
206 2465
206 2466
206 2467
206 2468
206 2469
206 2470
206 2471
206 2472
206 2473
206 2474
207 2475
207 2476
207 2477
207 2478
207 2479
207 2480
207 2481
207 2482
207 2483
207 2484
208 2485
208 2486
208 2487
208 2488
208 2489
208 2490
208 2491
208 2492
208 2493
208 2494
209 2495
209 2496
209 2497
209 2498
209 2499
209 2500
209 2501
209 2502
209 2503
209 2504
210 2505
210 2506
210 2507
210 2508
210 2509
210 2510
210 2511
210 2512
210 2513
210 2514
211 2515
211 2516
211 2517
211 2518
211 2519
211 2520
211 2521
211 2522
211 2523
211 2524
212 2525
212 2526
212 2527
212 2528
212 2529
212 2530
212 2531
212 2532
212 2533
212 2534
213 2535
213 2536
213 2537
213 2538
213 2539
213 2540
213 2541
213 2542
213 2543
213 2544
214 2545
214 2546
214 2547
214 2548
214 2549
214 2550
214 2551
214 2552
214 2553
214 2554
215 2555
215 2556
215 2557
215 2558
215 2559
215 2560
215 2561
215 2562
215 2563
215 2564
216 2565
216 2566
216 2567
216 2568
216 2569
216 2570
216 2571
216 2572
216 2573
216 2574
217 2575
217 2576
217 2577
217 2578
217 2579
217 2580
217 2581
217 2582
217 2583
217 2584
218 2585
218 2586
218 2587
218 2588
218 2589
218 2590
218 2591
218 2592
218 2593
218 2594
219 2595
219 2596
219 2597
219 2598
219 2599
219 2600
219 2601
219 2602
219 2603
219 2604
220 2605
220 2606
220 2607
220 2608
220 2609
220 2610
220 2611
220 2612
220 2613
220 2614
221 2615
221 2616
221 2617
221 2618
221 2619
221 2620
221 2621
221 2622
221 2623
221 2624
222 2625
222 2626
222 2627
222 2628
222 2629
222 2630
222 2631
222 2632
222 2633
222 2634
223 2635
223 2636
223 2637
223 2638
223 2639
223 2640
223 2641
223 2642
223 2643
223 2644
224 2645
224 2646
224 2647
224 2648
224 2649
224 2650
224 2651
224 2652
224 2653
224 2654
225 2655
225 2656
225 2657
225 2658
225 2659
225 2660
225 2661
225 2662
225 2663
225 2664
226 2665
226 2666
226 2667
226 2668
226 2669
226 2670
226 2671
226 2672
226 2673
226 2674
227 2675
227 2676
227 2677
227 2678
227 2679
227 2680
227 2681
227 2682
227 2683
227 2684
228 2685
228 2686
228 2687
228 2688
228 2689
228 2690
228 2691
228 2692
228 2693
228 2694
229 2695
229 2696
229 2697
229 2698
229 2699
229 2700
229 2701
229 2702
229 2703
229 2704
230 2705
230 2706
230 2707
230 2708
230 2709
230 2710
230 2711
230 2712
230 2713
230 2714
231 2715
231 2716
231 2717
231 2718
231 2719
231 2720
231 2721
231 2722
231 2723
231 2724
232 2725
232 2726
232 2727
232 2728
232 2729
232 2730
232 2731
232 2732
232 2733
232 2734
233 2735
233 2736
233 2737
233 2738
233 2739
233 2740
233 2741
233 2742
233 2743
233 2744
234 2745
234 2746
234 2747
234 2748
234 2749
234 2750
234 2751
234 2752
234 2753
234 2754
235 2755
235 2756
235 2757
235 2758
235 2759
235 2760
235 2761
235 2762
235 2763
235 2764
236 2765
236 2766
236 2767
236 2768
236 2769
236 2770
236 2771
236 2772
236 2773
236 2774
237 2775
237 2776
237 2777
237 2778
237 2779
237 2780
237 2781
237 2782
237 2783
237 2784
238 2785
238 2786
238 2787
238 2788
238 2789
238 2790
238 2791
238 2792
238 2793
238 2794
239 2795
239 2796
239 2797
239 2798
239 2799
239 2800
239 2801
239 2802
239 2803
239 2804
240 2805
240 2806
240 2807
240 2808
240 2809
240 2810
240 2811
240 2812
240 2813
240 2814
241 2815
241 2816
241 2817
241 2818
241 2819
241 2820
241 2821
241 2822
241 2823
241 2824
242 2825
242 2826
242 2827
242 2828
242 2829
242 2830
242 2831
242 2832
242 2833
242 2834
243 2835
243 2836
243 2837
243 2838
243 2839
243 2840
243 2841
243 2842
243 2843
243 2844
244 2845
244 2846
244 2847
244 2848
244 2849
244 2850
244 2851
244 2852
244 2853
244 2854
245 2855
245 2856
245 2857
245 2858
245 2859
245 2860
245 2861
245 2862
245 2863
245 2864
246 2865
246 2866
246 2867
246 2868
246 2869
246 2870
246 2871
246 2872
246 2873
246 2874
247 2875
247 2876
247 2877
247 2878
247 2879
247 2880
247 2881
247 2882
247 2883
247 2884
248 2885
248 2886
248 2887
248 2888
248 2889
248 2890
248 2891
248 2892
248 2893
248 2894
249 2895
249 2896
249 2897
249 2898
249 2899
249 2900
249 2901
249 2902
249 2903
249 2904
250 2905
250 2906
250 2907
250 2908
250 2909
250 2910
250 2911
250 2912
250 2913
250 2914
251 2915
251 2916
251 2917
251 2918
251 2919
251 2920
251 2921
251 2922
251 2923
251 2924
252 2925
252 2926
252 2927
252 2928
252 2929
252 2930
252 2931
252 2932
252 2933
252 2934
253 2935
253 2936
253 2937
253 2938
253 2939
253 2940
253 2941
253 2942
253 2943
253 2944
254 2945
254 2946
254 2947
254 2948
254 2949
254 2950
254 2951
254 2952
254 2953
254 2954
255 2955
255 2956
255 2957
255 2958
255 2959
255 2960
255 2961
255 2962
255 2963
255 2964
256 2965
256 2966
256 2967
256 2968
256 2969
256 2970
256 2971
256 2972
256 2973
256 2974
257 2975
257 2976
257 2977
257 2978
257 2979
257 2980
257 2981
257 2982
257 2983
257 2984
258 2985
258 2986
258 2987
258 2988
258 2989
258 2990
258 2991
258 2992
258 2993
258 2994
259 2995
259 2996
259 2997
259 2998
259 2999
259 3000
259 3001
259 3002
259 3003
259 3004
260 3005
260 3006
260 3007
260 3008
260 3009
260 3010
260 3011
260 3012
260 3013
260 3014
261 3015
261 3016
261 3017
261 3018
261 3019
261 3020
261 3021
261 3022
261 3023
261 3024
262 3025
262 3026
262 3027
262 3028
262 3029
262 3030
262 3031
262 3032
262 3033
262 3034
263 3035
263 3036
263 3037
263 3038
263 3039
263 3040
263 3041
263 3042
263 3043
263 3044
264 3045
264 3046
264 3047
264 3048
264 3049
264 3050
264 3051
264 3052
264 3053
264 3054
265 3055
265 3056
265 3057
265 3058
265 3059
265 3060
265 3061
265 3062
265 3063
265 3064
266 3065
266 3066
266 3067
266 3068
266 3069
266 3070
266 3071
266 3072
266 3073
266 3074
267 3075
267 3076
267 3077
267 3078
267 3079
267 3080
267 3081
267 3082
267 3083
267 3084
268 3085
268 3086
268 3087
268 3088
268 3089
268 3090
268 3091
268 3092
268 3093
268 3094
269 3095
269 3096
269 3097
269 3098
269 3099
269 3100
269 3101
269 3102
269 3103
269 3104
270 3105
270 3106
270 3107
270 3108
270 3109
270 3110
270 3111
270 3112
270 3113
270 3114
271 3115
271 3116
271 3117
271 3118
271 3119
271 3120
271 3121
271 3122
271 3123
271 3124
272 3125
272 3126
272 3127
272 3128
272 3129
272 3130
272 3131
272 3132
272 3133
272 3134
273 3135
273 3136
273 3137
273 3138
273 3139
273 3140
273 3141
273 3142
273 3143
273 3144
274 3145
274 3146
274 3147
274 3148
274 3149
274 3150
274 3151
274 3152
274 3153
274 3154
275 3155
275 3156
275 3157
275 3158
275 3159
275 3160
275 3161
275 3162
275 3163
275 3164
276 3165
276 3166
276 3167
276 3168
276 3169
276 3170
276 3171
276 3172
276 3173
276 3174
277 3175
277 3176
277 3177
277 3178
277 3179
277 3180
277 3181
277 3182
277 3183
277 3184
278 3185
278 3186
278 3187
278 3188
278 3189
278 3190
278 3191
278 3192
278 3193
278 3194
279 3195
279 3196
279 3197
279 3198
279 3199
279 3200
279 3201
279 3202
279 3203
279 3204
280 3205
280 3206
280 3207
280 3208
280 3209
280 3210
280 3211
280 3212
280 3213
280 3214
281 3215
281 3216
281 3217
281 3218
281 3219
281 3220
281 3221
281 3222
281 3223
281 3224
282 3225
282 3226
282 3227
282 3228
282 3229
282 3230
282 3231
282 3232
282 3233
282 3234
283 3235
283 3236
283 3237
283 3238
283 3239
283 3240
283 3241
283 3242
283 3243
283 3244
284 3245
284 3246
284 3247
284 3248
284 3249
284 3250
284 3251
284 3252
284 3253
284 3254
285 3255
285 3256
285 3257
285 3258
285 3259
285 3260
285 3261
285 3262
285 3263
285 3264
286 3265
286 3266
286 3267
286 3268
286 3269
286 3270
286 3271
286 3272
286 3273
286 3274
287 3275
287 3276
287 3277
287 3278
287 3279
287 3280
287 3281
287 3282
287 3283
287 3284
288 3285
288 3286
288 3287
288 3288
288 3289
288 3290
288 3291
288 3292
288 3293
288 3294
289 3295
289 3296
289 3297
289 3298
289 3299
289 3300
289 3301
289 3302
289 3303
289 3304
290 3305
290 3306
290 3307
290 3308
290 3309
290 3310
290 3311
290 3312
290 3313
290 3314
291 3315
291 3316
291 3317
291 3318
291 3319
291 3320
291 3321
291 3322
291 3323
291 3324
292 3325
292 3326
292 3327
292 3328
292 3329
292 3330
292 3331
292 3332
292 3333
292 3334
293 3335
293 3336
293 3337
293 3338
293 3339
293 3340
293 3341
293 3342
293 3343
293 3344
294 3345
294 3346
294 3347
294 3348
294 3349
294 3350
294 3351
294 3352
294 3353
294 3354
295 3355
295 3356
295 3357
295 3358
295 3359
295 3360
295 3361
295 3362
295 3363
295 3364
296 3365
296 3366
296 3367
296 3368
296 3369
296 3370
296 3371
296 3372
296 3373
296 3374
297 3375
297 3376
297 3377
297 3378
297 3379
297 3380
297 3381
297 3382
297 3383
297 3384
298 3385
298 3386
298 3387
298 3388
298 3389
298 3390
298 3391
298 3392
298 3393
298 3394
299 3395
299 3396
299 3397
299 3398
299 3399
299 3400
299 3401
299 3402
299 3403
299 3404
300 3405
300 3406
300 3407
300 3408
300 3409
300 3410
300 3411
300 3412
300 3413
300 3414
301 3415
301 3416
301 3417
301 3418
301 3419
301 3420
301 3421
301 3422
301 3423
301 3424
302 3425
302 3426
302 3427
302 3428
302 3429
302 3430
302 3431
302 3432
302 3433
302 3434
303 3435
303 3436
303 3437
303 3438
303 3439
303 3440
303 3441
303 3442
303 3443
303 3444
304 3445
304 3446
304 3447
304 3448
304 3449
304 3450
304 3451
304 3452
304 3453
304 3454
305 3455
305 3456
305 3457
305 3458
305 3459
305 3460
305 3461
305 3462
305 3463
305 3464
306 3465
306 3466
306 3467
306 3468
306 3469
306 3470
306 3471
306 3472
306 3473
306 3474
307 3475
307 3476
307 3477
307 3478
307 3479
307 3480
307 3481
307 3482
307 3483
307 3484
308 3485
308 3486
308 3487
308 3488
308 3489
308 3490
308 3491
308 3492
308 3493
308 3494
309 3495
309 3496
309 3497
309 3498
309 3499
309 3500
309 3501
309 3502
309 3503
309 3504
310 3505
310 3506
310 3507
310 3508
310 3509
310 3510
310 3511
310 3512
310 3513
310 3514
311 3515
311 3516
311 3517
311 3518
311 3519
311 3520
311 3521
311 3522
311 3523
311 3524
312 3525
312 3526
312 3527
312 3528
312 3529
312 3530
312 3531
312 3532
312 3533
312 3534
313 3535
313 3536
313 3537
313 3538
313 3539
313 3540
313 3541
313 3542
313 3543
313 3544
314 3545
314 3546
314 3547
314 3548
314 3549
314 3550
314 3551
314 3552
314 3553
314 3554
315 3555
315 3556
315 3557
315 3558
315 3559
315 3560
315 3561
315 3562
315 3563
315 3564
316 3565
316 3566
316 3567
316 3568
316 3569
316 3570
316 3571
316 3572
316 3573
316 3574
317 3575
317 3576
317 3577
317 3578
317 3579
317 3580
317 3581
317 3582
317 3583
317 3584
318 3585
318 3586
318 3587
318 3588
318 3589
318 3590
318 3591
318 3592
318 3593
318 3594
319 3595
319 3596
319 3597
319 3598
319 3599
319 3600
319 3601
319 3602
319 3603
319 3604
320 3605
320 3606
320 3607
320 3608
320 3609
320 3610
320 3611
320 3612
320 3613
320 3614
321 3615
321 3616
321 3617
321 3618
321 3619
321 3620
321 3621
321 3622
321 3623
321 3624
322 3625
322 3626
322 3627
322 3628
322 3629
322 3630
322 3631
322 3632
322 3633
322 3634
323 3635
323 3636
323 3637
323 3638
323 3639
323 3640
323 3641
323 3642
323 3643
323 3644
324 3645
324 3646
324 3647
324 3648
324 3649
324 3650
324 3651
324 3652
324 3653
324 3654
325 3655
325 3656
325 3657
325 3658
325 3659
325 3660
325 3661
325 3662
325 3663
325 3664
326 3665
326 3666
326 3667
326 3668
326 3669
326 3670
326 3671
326 3672
326 3673
326 3674
327 3675
327 3676
327 3677
327 3678
327 3679
327 3680
327 3681
327 3682
327 3683
327 3684
328 3685
328 3686
328 3687
328 3688
328 3689
328 3690
328 3691
328 3692
328 3693
328 3694
329 3695
329 3696
329 3697
329 3698
329 3699
329 3700
329 3701
329 3702
329 3703
329 3704
330 3705
330 3706
330 3707
330 3708
330 3709
330 3710
330 3711
330 3712
330 3713
330 3714
331 3715
331 3716
331 3717
331 3718
331 3719
331 3720
331 3721
331 3722
331 3723
331 3724
332 3725
332 3726
332 3727
332 3728
332 3729
332 3730
332 3731
332 3732
332 3733
332 3734
333 3735
333 3736
333 3737
333 3738
333 3739
333 3740
333 3741
333 3742
333 3743
333 3744
334 3745
334 3746
334 3747
334 3748
334 3749
334 3750
334 3751
334 3752
334 3753
334 3754
335 3755
335 3756
335 3757
335 3758
335 3759
335 3760
335 3761
335 3762
335 3763
335 3764
336 3765
336 3766
336 3767
336 3768
336 3769
336 3770
336 3771
336 3772
336 3773
336 3774
337 3775
337 3776
337 3777
337 3778
337 3779
337 3780
337 3781
337 3782
337 3783
337 3784
338 3785
338 3786
338 3787
338 3788
338 3789
338 3790
338 3791
338 3792
338 3793
338 3794
339 3795
339 3796
339 3797
339 3798
339 3799
339 3800
339 3801
339 3802
339 3803
339 3804
340 3805
340 3806
340 3807
340 3808
340 3809
340 3810
340 3811
340 3812
340 3813
340 3814
341 3815
341 3816
341 3817
341 3818
341 3819
341 3820
341 3821
341 3822
341 3823
341 3824
342 3825
342 3826
342 3827
342 3828
342 3829
342 3830
342 3831
342 3832
342 3833
342 3834
343 3835
343 3836
343 3837
343 3838
343 3839
343 3840
343 3841
343 3842
343 3843
343 3844
344 3845
344 3846
344 3847
344 3848
344 3849
344 3850
344 3851
344 3852
344 3853
344 3854
345 3855
345 3856
345 3857
345 3858
345 3859
345 3860
345 3861
345 3862
345 3863
345 3864
346 3865
346 3866
346 3867
346 3868
346 3869
346 3870
346 3871
346 3872
346 3873
346 3874
347 3875
347 3876
347 3877
347 3878
347 3879
347 3880
347 3881
347 3882
347 3883
347 3884
348 3885
348 3886
348 3887
348 3888
348 3889
348 3890
348 3891
348 3892
348 3893
348 3894
349 3895
349 3896
349 3897
349 3898
349 3899
349 3900
349 3901
349 3902
349 3903
349 3904
350 3905
350 3906
350 3907
350 3908
350 3909
350 3910
350 3911
350 3912
350 3913
350 3914
351 3915
351 3916
351 3917
351 3918
351 3919
351 3920
351 3921
351 3922
351 3923
351 3924
352 3925
352 3926
352 3927
352 3928
352 3929
352 3930
352 3931
352 3932
352 3933
352 3934
353 3935
353 3936
353 3937
353 3938
353 3939
353 3940
353 3941
353 3942
353 3943
353 3944
354 3945
354 3946
354 3947
354 3948
354 3949
354 3950
354 3951
354 3952
354 3953
354 3954
355 3955
355 3956
355 3957
355 3958
355 3959
355 3960
355 3961
355 3962
355 3963
355 3964
356 3965
356 3966
356 3967
356 3968
356 3969
356 3970
356 3971
356 3972
356 3973
356 3974
357 3975
357 3976
357 3977
357 3978
357 3979
357 3980
357 3981
357 3982
357 3983
357 3984
358 3985
358 3986
358 3987
358 3988
358 3989
358 3990
358 3991
358 3992
358 3993
358 3994
359 3995
359 3996
359 3997
359 3998
359 3999
359 4000
359 4001
359 4002
359 4003
359 4004
360 4005
360 4006
360 4007
360 4008
360 4009
360 4010
360 4011
360 4012
360 4013
360 4014
361 4015
361 4016
361 4017
361 4018
361 4019
361 4020
361 4021
361 4022
361 4023
361 4024
362 4025
362 4026
362 4027
362 4028
362 4029
362 4030
362 4031
362 4032
362 4033
362 4034
363 4035
363 4036
363 4037
363 4038
363 4039
363 4040
363 4041
363 4042
363 4043
363 4044
364 4045
364 4046
364 4047
364 4048
364 4049
364 4050
364 4051
364 4052
364 4053
364 4054
365 4055
365 4056
365 4057
365 4058
365 4059
365 4060
365 4061
365 4062
365 4063
365 4064
366 4065
366 4066
366 4067
366 4068
366 4069
366 4070
366 4071
366 4072
366 4073
366 4074
367 4075
367 4076
367 4077
367 4078
367 4079
367 4080
367 4081
367 4082
367 4083
367 4084
368 4085
368 4086
368 4087
368 4088
368 4089
368 4090
368 4091
368 4092
368 4093
368 4094
369 4095
369 4096
369 4097
369 4098
369 4099
369 4100
369 4101
369 4102
369 4103
369 4104
370 4105
370 4106
370 4107
370 4108
370 4109
370 4110
370 4111
370 4112
370 4113
370 4114
371 4115
371 4116
371 4117
371 4118
371 4119
371 4120
371 4121
371 4122
371 4123
371 4124
372 4125
372 4126
372 4127
372 4128
372 4129
372 4130
372 4131
372 4132
372 4133
372 4134
373 4135
373 4136
373 4137
373 4138
373 4139
373 4140
373 4141
373 4142
373 4143
373 4144
374 4145
374 4146
374 4147
374 4148
374 4149
374 4150
374 4151
374 4152
374 4153
374 4154
375 4155
375 4156
375 4157
375 4158
375 4159
375 4160
375 4161
375 4162
375 4163
375 4164
376 4165
376 4166
376 4167
376 4168
376 4169
376 4170
376 4171
376 4172
376 4173
376 4174
377 4175
377 4176
377 4177
377 4178
377 4179
377 4180
377 4181
377 4182
377 4183
377 4184
378 4185
378 4186
378 4187
378 4188
378 4189
378 4190
378 4191
378 4192
378 4193
378 4194
379 4195
379 4196
379 4197
379 4198
379 4199
379 4200
379 4201
379 4202
379 4203
379 4204
380 4205
380 4206
380 4207
380 4208
380 4209
380 4210
380 4211
380 4212
380 4213
380 4214
381 4215
381 4216
381 4217
381 4218
381 4219
381 4220
381 4221
381 4222
381 4223
381 4224
382 4225
382 4226
382 4227
382 4228
382 4229
382 4230
382 4231
382 4232
382 4233
382 4234
383 4235
383 4236
383 4237
383 4238
383 4239
383 4240
383 4241
383 4242
383 4243
383 4244
384 4245
384 4246
384 4247
384 4248
384 4249
384 4250
384 4251
384 4252
384 4253
384 4254
385 4255
385 4256
385 4257
385 4258
385 4259
385 4260
385 4261
385 4262
385 4263
385 4264
386 4265
386 4266
386 4267
386 4268
386 4269
386 4270
386 4271
386 4272
386 4273
386 4274
387 4275
387 4276
387 4277
387 4278
387 4279
387 4280
387 4281
387 4282
387 4283
387 4284
388 4285
388 4286
388 4287
388 4288
388 4289
388 4290
388 4291
388 4292
388 4293
388 4294
389 4295
389 4296
389 4297
389 4298
389 4299
389 4300
389 4301
389 4302
389 4303
389 4304
390 4305
390 4306
390 4307
390 4308
390 4309
390 4310
390 4311
390 4312
390 4313
390 4314
391 4315
391 4316
391 4317
391 4318
391 4319
391 4320
391 4321
391 4322
391 4323
391 4324
392 4325
392 4326
392 4327
392 4328
392 4329
392 4330
392 4331
392 4332
392 4333
392 4334
393 4335
393 4336
393 4337
393 4338
393 4339
393 4340
393 4341
393 4342
393 4343
393 4344
394 4345
394 4346
394 4347
394 4348
394 4349
394 4350
394 4351
394 4352
394 4353
394 4354
395 4355
395 4356
395 4357
395 4358
395 4359
395 4360
395 4361
395 4362
395 4363
395 4364
396 4365
396 4366
396 4367
396 4368
396 4369
396 4370
396 4371
396 4372
396 4373
396 4374
397 4375
397 4376
397 4377
397 4378
397 4379
397 4380
397 4381
397 4382
397 4383
397 4384
398 4385
398 4386
398 4387
398 4388
398 4389
398 4390
398 4391
398 4392
398 4393
398 4394
399 4395
399 4396
399 4397
399 4398
399 4399
399 4400
399 4401
399 4402
399 4403
399 4404
400 4405
400 4406
400 4407
400 4408
400 4409
400 4410
400 4411
400 4412
400 4413
400 4414
401 4415
401 4416
401 4417
401 4418
401 4419
401 4420
401 4421
401 4422
401 4423
401 4424
402 4425
402 4426
402 4427
402 4428
402 4429
402 4430
402 4431
402 4432
402 4433
402 4434
403 4435
403 4436
403 4437
403 4438
403 4439
403 4440
403 4441
403 4442
403 4443
403 4444
404 4445
404 4446
404 4447
404 4448
404 4449
404 4450
404 4451
404 4452
404 4453
404 4454
