0 1
0 11
0 12
0 13
1 9
1 26
1 6
2 8
2 16
2 26
2 21
3 24
3 20
3 5
3 23
4 15
4 27
4 12
4 7
5 11
5 19
5 16
6 9
6 26
6 29
7 27
7 26
7 19
8 16
8 18
8 21
9 10
9 30
10 28
10 22
10 23
11 25
11 30
12 19
12 13
13 21
13 30
14 27
14 20
14 22
14 15
15 17
15 20
16 29
17 25
17 28
17 23
18 24
18 25
18 29
19 28
20 23
21 25
22 24
22 28
24 27
29 30
0 31
1 32
2 33
3 34
4 35
5 36
6 37
7 38
8 39
9 40
10 41
11 42
12 43
13 44
14 45
15 46
16 47
17 48
18 49
19 50
20 51
21 52
22 53
23 54
24 55
25 56
26 57
27 58
28 59
29 60
30 61
