0 16
0 20
0 24
0 28
0 32
0 36
0 40
0 44
1 16
1 20
1 24
1 28
1 32
1 36
1 40
1 44
2 16
2 20
2 24
2 28
2 32
2 36
2 40
2 44
3 16
3 20
3 24
3 28
3 32
3 36
3 40
3 44
4 17
4 21
4 25
4 29
4 33
4 37
4 41
4 45
5 17
5 21
5 25
5 29
5 33
5 37
5 41
5 45
6 17
6 21
6 25
6 29
6 33
6 37
6 41
6 45
7 17
7 21
7 25
7 29
7 33
7 37
7 41
7 45
8 18
8 22
8 26
8 30
8 34
8 38
8 42
8 46
9 18
9 22
9 26
9 30
9 34
9 38
9 42
9 46
10 18
10 22
10 26
10 30
10 34
10 38
10 42
10 46
11 18
11 22
11 26
11 30
11 34
11 38
11 42
11 46
12 19
12 23
12 27
12 31
12 35
12 39
12 43
12 47
13 19
13 23
13 27
13 31
13 35
13 39
13 43
13 47
14 19
14 23
14 27
14 31
14 35
14 39
14 43
14 47
15 19
15 23
15 27
15 31
15 35
15 39
15 43
15 47
16 48
16 49
16 50
16 51
17 48
17 49
17 50
17 51
18 48
18 49
18 50
18 51
19 48
19 49
19 50
19 51
20 52
20 53
20 54
20 55
21 52
21 53
21 54
21 55
22 52
22 53
22 54
22 55
23 52
23 53
23 54
23 55
24 56
24 57
24 58
24 59
25 56
25 57
25 58
25 59
26 56
26 57
26 58
26 59
27 56
27 57
27 58
27 59
28 60
28 61
28 62
28 63
29 60
29 61
29 62
29 63
30 60
30 61
30 62
30 63
31 60
31 61
31 62
31 63
32 64
32 65
32 66
32 67
33 64
33 65
33 66
33 67
34 64
34 65
34 66
34 67
35 64
35 65
35 66
35 67
36 68
36 69
36 70
36 71
37 68
37 69
37 70
37 71
38 68
38 69
38 70
38 71
39 68
39 69
39 70
39 71
40 72
40 73
40 74
40 75
41 72
41 73
41 74
41 75
42 72
42 73
42 74
42 75
43 72
43 73
43 74
43 75
44 76
44 77
44 78
44 79
45 76
45 77
45 78
45 79
46 76
46 77
46 78
46 79
47 76
47 77
47 78
47 79
48 80
48 81
48 82
48 83
49 84
49 85
49 86
49 87
50 88
50 89
50 90
50 91
51 92
51 93
51 94
51 95
52 96
52 97
52 98
52 99
53 100
53 101
53 102
53 103
54 104
54 105
54 106
54 107
55 108
55 109
55 110
55 111
56 112
56 113
56 114
56 115
57 116
57 117
57 118
57 119
58 120
58 121
58 122
58 123
59 124
59 125
59 126
59 127
60 128
60 129
60 130
60 131
61 132
61 133
61 134
61 135
62 136
62 137
62 138
62 139
63 140
63 141
63 142
63 143
64 144
64 145
64 146
64 147
65 148
65 149
65 150
65 151
66 152
66 153
66 154
66 155
67 156
67 157
67 158
67 159
68 160
68 161
68 162
68 163
69 164
69 165
69 166
69 167
70 168
70 169
70 170
70 171
71 172
71 173
71 174
71 175
72 176
72 177
72 178
72 179
73 180
73 181
73 182
73 183
74 184
74 185
74 186
74 187
75 188
75 189
75 190
75 191
76 192
76 193
76 194
76 195
77 196
77 197
77 198
77 199
78 200
78 201
78 202
78 203
79 204
79 205
79 206
79 207
