0 72
0 80
0 88
0 96
0 104
0 112
0 120
0 128
0 136
0 144
0 152
0 160
0 168
0 176
0 184
0 192
0 200
0 208
1 72
1 80
1 88
1 96
1 104
1 112
1 120
1 128
1 136
1 144
1 152
1 160
1 168
1 176
1 184
1 192
1 200
1 208
2 72
2 80
2 88
2 96
2 104
2 112
2 120
2 128
2 136
2 144
2 152
2 160
2 168
2 176
2 184
2 192
2 200
2 208
3 72
3 80
3 88
3 96
3 104
3 112
3 120
3 128
3 136
3 144
3 152
3 160
3 168
3 176
3 184
3 192
3 200
3 208
4 72
4 80
4 88
4 96
4 104
4 112
4 120
4 128
4 136
4 144
4 152
4 160
4 168
4 176
4 184
4 192
4 200
4 208
5 72
5 80
5 88
5 96
5 104
5 112
5 120
5 128
5 136
5 144
5 152
5 160
5 168
5 176
5 184
5 192
5 200
5 208
6 72
6 80
6 88
6 96
6 104
6 112
6 120
6 128
6 136
6 144
6 152
6 160
6 168
6 176
6 184
6 192
6 200
6 208
7 72
7 80
7 88
7 96
7 104
7 112
7 120
7 128
7 136
7 144
7 152
7 160
7 168
7 176
7 184
7 192
7 200
7 208
8 73
8 81
8 89
8 97
8 105
8 113
8 121
8 129
8 137
8 145
8 153
8 161
8 169
8 177
8 185
8 193
8 201
8 209
9 73
9 81
9 89
9 97
9 105
9 113
9 121
9 129
9 137
9 145
9 153
9 161
9 169
9 177
9 185
9 193
9 201
9 209
10 73
10 81
10 89
10 97
10 105
10 113
10 121
10 129
10 137
10 145
10 153
10 161
10 169
10 177
10 185
10 193
10 201
10 209
11 73
11 81
11 89
11 97
11 105
11 113
11 121
11 129
11 137
11 145
11 153
11 161
11 169
11 177
11 185
11 193
11 201
11 209
12 73
12 81
12 89
12 97
12 105
12 113
12 121
12 129
12 137
12 145
12 153
12 161
12 169
12 177
12 185
12 193
12 201
12 209
13 73
13 81
13 89
13 97
13 105
13 113
13 121
13 129
13 137
13 145
13 153
13 161
13 169
13 177
13 185
13 193
13 201
13 209
14 73
14 81
14 89
14 97
14 105
14 113
14 121
14 129
14 137
14 145
14 153
14 161
14 169
14 177
14 185
14 193
14 201
14 209
15 73
15 81
15 89
15 97
15 105
15 113
15 121
15 129
15 137
15 145
15 153
15 161
15 169
15 177
15 185
15 193
15 201
15 209
16 74
16 82
16 90
16 98
16 106
16 114
16 122
16 130
16 138
16 146
16 154
16 162
16 170
16 178
16 186
16 194
16 202
16 210
17 74
17 82
17 90
17 98
17 106
17 114
17 122
17 130
17 138
17 146
17 154
17 162
17 170
17 178
17 186
17 194
17 202
17 210
18 74
18 82
18 90
18 98
18 106
18 114
18 122
18 130
18 138
18 146
18 154
18 162
18 170
18 178
18 186
18 194
18 202
18 210
19 74
19 82
19 90
19 98
19 106
19 114
19 122
19 130
19 138
19 146
19 154
19 162
19 170
19 178
19 186
19 194
19 202
19 210
20 74
20 82
20 90
20 98
20 106
20 114
20 122
20 130
20 138
20 146
20 154
20 162
20 170
20 178
20 186
20 194
20 202
20 210
21 74
21 82
21 90
21 98
21 106
21 114
21 122
21 130
21 138
21 146
21 154
21 162
21 170
21 178
21 186
21 194
21 202
21 210
22 74
22 82
22 90
22 98
22 106
22 114
22 122
22 130
22 138
22 146
22 154
22 162
22 170
22 178
22 186
22 194
22 202
22 210
23 74
23 82
23 90
23 98
23 106
23 114
23 122
23 130
23 138
23 146
23 154
23 162
23 170
23 178
23 186
23 194
23 202
23 210
24 75
24 83
24 91
24 99
24 107
24 115
24 123
24 131
24 139
24 147
24 155
24 163
24 171
24 179
24 187
24 195
24 203
24 211
25 75
25 83
25 91
25 99
25 107
25 115
25 123
25 131
25 139
25 147
25 155
25 163
25 171
25 179
25 187
25 195
25 203
25 211
26 75
26 83
26 91
26 99
26 107
26 115
26 123
26 131
26 139
26 147
26 155
26 163
26 171
26 179
26 187
26 195
26 203
26 211
27 75
27 83
27 91
27 99
27 107
27 115
27 123
27 131
27 139
27 147
27 155
27 163
27 171
27 179
27 187
27 195
27 203
27 211
28 75
28 83
28 91
28 99
28 107
28 115
28 123
28 131
28 139
28 147
28 155
28 163
28 171
28 179
28 187
28 195
28 203
28 211
29 75
29 83
29 91
29 99
29 107
29 115
29 123
29 131
29 139
29 147
29 155
29 163
29 171
29 179
29 187
29 195
29 203
29 211
30 75
30 83
30 91
30 99
30 107
30 115
30 123
30 131
30 139
30 147
30 155
30 163
30 171
30 179
30 187
30 195
30 203
30 211
31 75
31 83
31 91
31 99
31 107
31 115
31 123
31 131
31 139
31 147
31 155
31 163
31 171
31 179
31 187
31 195
31 203
31 211
32 76
32 84
32 92
32 100
32 108
32 116
32 124
32 132
32 140
32 148
32 156
32 164
32 172
32 180
32 188
32 196
32 204
32 212
33 76
33 84
33 92
33 100
33 108
33 116
33 124
33 132
33 140
33 148
33 156
33 164
33 172
33 180
33 188
33 196
33 204
33 212
34 76
34 84
34 92
34 100
34 108
34 116
34 124
34 132
34 140
34 148
34 156
34 164
34 172
34 180
34 188
34 196
34 204
34 212
35 76
35 84
35 92
35 100
35 108
35 116
35 124
35 132
35 140
35 148
35 156
35 164
35 172
35 180
35 188
35 196
35 204
35 212
36 76
36 84
36 92
36 100
36 108
36 116
36 124
36 132
36 140
36 148
36 156
36 164
36 172
36 180
36 188
36 196
36 204
36 212
37 76
37 84
37 92
37 100
37 108
37 116
37 124
37 132
37 140
37 148
37 156
37 164
37 172
37 180
37 188
37 196
37 204
37 212
38 76
38 84
38 92
38 100
38 108
38 116
38 124
38 132
38 140
38 148
38 156
38 164
38 172
38 180
38 188
38 196
38 204
38 212
39 76
39 84
39 92
39 100
39 108
39 116
39 124
39 132
39 140
39 148
39 156
39 164
39 172
39 180
39 188
39 196
39 204
39 212
40 77
40 85
40 93
40 101
40 109
40 117
40 125
40 133
40 141
40 149
40 157
40 165
40 173
40 181
40 189
40 197
40 205
40 213
41 77
41 85
41 93
41 101
41 109
41 117
41 125
41 133
41 141
41 149
41 157
41 165
41 173
41 181
41 189
41 197
41 205
41 213
42 77
42 85
42 93
42 101
42 109
42 117
42 125
42 133
42 141
42 149
42 157
42 165
42 173
42 181
42 189
42 197
42 205
42 213
43 77
43 85
43 93
43 101
43 109
43 117
43 125
43 133
43 141
43 149
43 157
43 165
43 173
43 181
43 189
43 197
43 205
43 213
44 77
44 85
44 93
44 101
44 109
44 117
44 125
44 133
44 141
44 149
44 157
44 165
44 173
44 181
44 189
44 197
44 205
44 213
45 77
45 85
45 93
45 101
45 109
45 117
45 125
45 133
45 141
45 149
45 157
45 165
45 173
45 181
45 189
45 197
45 205
45 213
46 77
46 85
46 93
46 101
46 109
46 117
46 125
46 133
46 141
46 149
46 157
46 165
46 173
46 181
46 189
46 197
46 205
46 213
47 77
47 85
47 93
47 101
47 109
47 117
47 125
47 133
47 141
47 149
47 157
47 165
47 173
47 181
47 189
47 197
47 205
47 213
48 78
48 86
48 94
48 102
48 110
48 118
48 126
48 134
48 142
48 150
48 158
48 166
48 174
48 182
48 190
48 198
48 206
48 214
49 78
49 86
49 94
49 102
49 110
49 118
49 126
49 134
49 142
49 150
49 158
49 166
49 174
49 182
49 190
49 198
49 206
49 214
50 78
50 86
50 94
50 102
50 110
50 118
50 126
50 134
50 142
50 150
50 158
50 166
50 174
50 182
50 190
50 198
50 206
50 214
51 78
51 86
51 94
51 102
51 110
51 118
51 126
51 134
51 142
51 150
51 158
51 166
51 174
51 182
51 190
51 198
51 206
51 214
52 78
52 86
52 94
52 102
52 110
52 118
52 126
52 134
52 142
52 150
52 158
52 166
52 174
52 182
52 190
52 198
52 206
52 214
53 78
53 86
53 94
53 102
53 110
53 118
53 126
53 134
53 142
53 150
53 158
53 166
53 174
53 182
53 190
53 198
53 206
53 214
54 78
54 86
54 94
54 102
54 110
54 118
54 126
54 134
54 142
54 150
54 158
54 166
54 174
54 182
54 190
54 198
54 206
54 214
55 78
55 86
55 94
55 102
55 110
55 118
55 126
55 134
55 142
55 150
55 158
55 166
55 174
55 182
55 190
55 198
55 206
55 214
56 79
56 87
56 95
56 103
56 111
56 119
56 127
56 135
56 143
56 151
56 159
56 167
56 175
56 183
56 191
56 199
56 207
56 215
57 79
57 87
57 95
57 103
57 111
57 119
57 127
57 135
57 143
57 151
57 159
57 167
57 175
57 183
57 191
57 199
57 207
57 215
58 79
58 87
58 95
58 103
58 111
58 119
58 127
58 135
58 143
58 151
58 159
58 167
58 175
58 183
58 191
58 199
58 207
58 215
59 79
59 87
59 95
59 103
59 111
59 119
59 127
59 135
59 143
59 151
59 159
59 167
59 175
59 183
59 191
59 199
59 207
59 215
60 79
60 87
60 95
60 103
60 111
60 119
60 127
60 135
60 143
60 151
60 159
60 167
60 175
60 183
60 191
60 199
60 207
60 215
61 79
61 87
61 95
61 103
61 111
61 119
61 127
61 135
61 143
61 151
61 159
61 167
61 175
61 183
61 191
61 199
61 207
61 215
62 79
62 87
62 95
62 103
62 111
62 119
62 127
62 135
62 143
62 151
62 159
62 167
62 175
62 183
62 191
62 199
62 207
62 215
63 79
63 87
63 95
63 103
63 111
63 119
63 127
63 135
63 143
63 151
63 159
63 167
63 175
63 183
63 191
63 199
63 207
63 215
64 80
64 88
64 96
64 104
64 112
64 120
64 128
64 136
64 144
64 152
64 160
64 168
64 176
64 184
64 192
64 200
64 208
65 80
65 88
65 96
65 104
65 112
65 120
65 128
65 136
65 144
65 152
65 160
65 168
65 176
65 184
65 192
65 200
65 208
66 80
66 88
66 96
66 104
66 112
66 120
66 128
66 136
66 144
66 152
66 160
66 168
66 176
66 184
66 192
66 200
66 208
67 80
67 88
67 96
67 104
67 112
67 120
67 128
67 136
67 144
67 152
67 160
67 168
67 176
67 184
67 192
67 200
67 208
68 80
68 88
68 96
68 104
68 112
68 120
68 128
68 136
68 144
68 152
68 160
68 168
68 176
68 184
68 192
68 200
68 208
69 80
69 88
69 96
69 104
69 112
69 120
69 128
69 136
69 144
69 152
69 160
69 168
69 176
69 184
69 192
69 200
69 208
70 80
70 88
70 96
70 104
70 112
70 120
70 128
70 136
70 144
70 152
70 160
70 168
70 176
70 184
70 192
70 200
70 208
71 80
71 88
71 96
71 104
71 112
71 120
71 128
71 136
71 144
71 152
71 160
71 168
71 176
71 184
71 192
71 200
71 208
72 216
72 217
72 218
72 219
72 220
72 221
72 222
72 223
73 216
73 217
73 218
73 219
73 220
73 221
73 222
73 223
74 216
74 217
74 218
74 219
74 220
74 221
74 222
74 223
75 216
75 217
75 218
75 219
75 220
75 221
75 222
75 223
76 216
76 217
76 218
76 219
76 220
76 221
76 222
76 223
77 216
77 217
77 218
77 219
77 220
77 221
77 222
77 223
78 216
78 217
78 218
78 219
78 220
78 221
78 222
78 223
79 216
79 217
79 218
79 219
79 220
79 221
79 222
79 223
80 224
80 225
80 226
80 227
80 228
80 229
80 230
80 231
81 224
81 225
81 226
81 227
81 228
81 229
81 230
81 231
82 224
82 225
82 226
82 227
82 228
82 229
82 230
82 231
83 224
83 225
83 226
83 227
83 228
83 229
83 230
83 231
84 224
84 225
84 226
84 227
84 228
84 229
84 230
84 231
85 224
85 225
85 226
85 227
85 228
85 229
85 230
85 231
86 224
86 225
86 226
86 227
86 228
86 229
86 230
86 231
87 224
87 225
87 226
87 227
87 228
87 229
87 230
87 231
88 232
88 233
88 234
88 235
88 236
88 237
88 238
88 239
89 232
89 233
89 234
89 235
89 236
89 237
89 238
89 239
90 232
90 233
90 234
90 235
90 236
90 237
90 238
90 239
91 232
91 233
91 234
91 235
91 236
91 237
91 238
91 239
92 232
92 233
92 234
92 235
92 236
92 237
92 238
92 239
93 232
93 233
93 234
93 235
93 236
93 237
93 238
93 239
94 232
94 233
94 234
94 235
94 236
94 237
94 238
94 239
95 232
95 233
95 234
95 235
95 236
95 237
95 238
95 239
96 240
96 241
96 242
96 243
96 244
96 245
96 246
96 247
97 240
97 241
97 242
97 243
97 244
97 245
97 246
97 247
98 240
98 241
98 242
98 243
98 244
98 245
98 246
98 247
99 240
99 241
99 242
99 243
99 244
99 245
99 246
99 247
100 240
100 241
100 242
100 243
100 244
100 245
100 246
100 247
101 240
101 241
101 242
101 243
101 244
101 245
101 246
101 247
102 240
102 241
102 242
102 243
102 244
102 245
102 246
102 247
103 240
103 241
103 242
103 243
103 244
103 245
103 246
103 247
104 248
104 249
104 250
104 251
104 252
104 253
104 254
104 255
105 248
105 249
105 250
105 251
105 252
105 253
105 254
105 255
106 248
106 249
106 250
106 251
106 252
106 253
106 254
106 255
107 248
107 249
107 250
107 251
107 252
107 253
107 254
107 255
108 248
108 249
108 250
108 251
108 252
108 253
108 254
108 255
109 248
109 249
109 250
109 251
109 252
109 253
109 254
109 255
110 248
110 249
110 250
110 251
110 252
110 253
110 254
110 255
111 248
111 249
111 250
111 251
111 252
111 253
111 254
111 255
112 256
112 257
112 258
112 259
112 260
112 261
112 262
112 263
113 256
113 257
113 258
113 259
113 260
113 261
113 262
113 263
114 256
114 257
114 258
114 259
114 260
114 261
114 262
114 263
115 256
115 257
115 258
115 259
115 260
115 261
115 262
115 263
116 256
116 257
116 258
116 259
116 260
116 261
116 262
116 263
117 256
117 257
117 258
117 259
117 260
117 261
117 262
117 263
118 256
118 257
118 258
118 259
118 260
118 261
118 262
118 263
119 256
119 257
119 258
119 259
119 260
119 261
119 262
119 263
120 264
120 265
120 266
120 267
120 268
120 269
120 270
120 271
121 264
121 265
121 266
121 267
121 268
121 269
121 270
121 271
122 264
122 265
122 266
122 267
122 268
122 269
122 270
122 271
123 264
123 265
123 266
123 267
123 268
123 269
123 270
123 271
124 264
124 265
124 266
124 267
124 268
124 269
124 270
124 271
125 264
125 265
125 266
125 267
125 268
125 269
125 270
125 271
126 264
126 265
126 266
126 267
126 268
126 269
126 270
126 271
127 264
127 265
127 266
127 267
127 268
127 269
127 270
127 271
128 272
128 273
128 274
128 275
128 276
128 277
128 278
128 279
129 272
129 273
129 274
129 275
129 276
129 277
129 278
129 279
130 272
130 273
130 274
130 275
130 276
130 277
130 278
130 279
131 272
131 273
131 274
131 275
131 276
131 277
131 278
131 279
132 272
132 273
132 274
132 275
132 276
132 277
132 278
132 279
133 272
133 273
133 274
133 275
133 276
133 277
133 278
133 279
134 272
134 273
134 274
134 275
134 276
134 277
134 278
134 279
135 272
135 273
135 274
135 275
135 276
135 277
135 278
135 279
136 280
136 281
136 282
136 283
136 284
136 285
136 286
136 287
137 280
137 281
137 282
137 283
137 284
137 285
137 286
137 287
138 280
138 281
138 282
138 283
138 284
138 285
138 286
138 287
139 280
139 281
139 282
139 283
139 284
139 285
139 286
139 287
140 280
140 281
140 282
140 283
140 284
140 285
140 286
140 287
141 280
141 281
141 282
141 283
141 284
141 285
141 286
141 287
142 280
142 281
142 282
142 283
142 284
142 285
142 286
142 287
143 280
143 281
143 282
143 283
143 284
143 285
143 286
143 287
144 288
144 289
144 290
144 291
144 292
144 293
144 294
144 295
145 288
145 289
145 290
145 291
145 292
145 293
145 294
145 295
146 288
146 289
146 290
146 291
146 292
146 293
146 294
146 295
147 288
147 289
147 290
147 291
147 292
147 293
147 294
147 295
148 288
148 289
148 290
148 291
148 292
148 293
148 294
148 295
149 288
149 289
149 290
149 291
149 292
149 293
149 294
149 295
150 288
150 289
150 290
150 291
150 292
150 293
150 294
150 295
151 288
151 289
151 290
151 291
151 292
151 293
151 294
151 295
152 296
152 297
152 298
152 299
152 300
152 301
152 302
152 303
153 296
153 297
153 298
153 299
153 300
153 301
153 302
153 303
154 296
154 297
154 298
154 299
154 300
154 301
154 302
154 303
155 296
155 297
155 298
155 299
155 300
155 301
155 302
155 303
156 296
156 297
156 298
156 299
156 300
156 301
156 302
156 303
157 296
157 297
157 298
157 299
157 300
157 301
157 302
157 303
158 296
158 297
158 298
158 299
158 300
158 301
158 302
158 303
159 296
159 297
159 298
159 299
159 300
159 301
159 302
159 303
160 304
160 305
160 306
160 307
160 308
160 309
160 310
160 311
161 304
161 305
161 306
161 307
161 308
161 309
161 310
161 311
162 304
162 305
162 306
162 307
162 308
162 309
162 310
162 311
163 304
163 305
163 306
163 307
163 308
163 309
163 310
163 311
164 304
164 305
164 306
164 307
164 308
164 309
164 310
164 311
165 304
165 305
165 306
165 307
165 308
165 309
165 310
165 311
166 304
166 305
166 306
166 307
166 308
166 309
166 310
166 311
167 304
167 305
167 306
167 307
167 308
167 309
167 310
167 311
168 312
168 313
168 314
168 315
168 316
168 317
168 318
168 319
169 312
169 313
169 314
169 315
169 316
169 317
169 318
169 319
170 312
170 313
170 314
170 315
170 316
170 317
170 318
170 319
171 312
171 313
171 314
171 315
171 316
171 317
171 318
171 319
172 312
172 313
172 314
172 315
172 316
172 317
172 318
172 319
173 312
173 313
173 314
173 315
173 316
173 317
173 318
173 319
174 312
174 313
174 314
174 315
174 316
174 317
174 318
174 319
175 312
175 313
175 314
175 315
175 316
175 317
175 318
175 319
176 320
176 321
176 322
176 323
176 324
176 325
176 326
176 327
177 320
177 321
177 322
177 323
177 324
177 325
177 326
177 327
178 320
178 321
178 322
178 323
178 324
178 325
178 326
178 327
179 320
179 321
179 322
179 323
179 324
179 325
179 326
179 327
180 320
180 321
180 322
180 323
180 324
180 325
180 326
180 327
181 320
181 321
181 322
181 323
181 324
181 325
181 326
181 327
182 320
182 321
182 322
182 323
182 324
182 325
182 326
182 327
183 320
183 321
183 322
183 323
183 324
183 325
183 326
183 327
184 328
184 329
184 330
184 331
184 332
184 333
184 334
184 335
185 328
185 329
185 330
185 331
185 332
185 333
185 334
185 335
186 328
186 329
186 330
186 331
186 332
186 333
186 334
186 335
187 328
187 329
187 330
187 331
187 332
187 333
187 334
187 335
188 328
188 329
188 330
188 331
188 332
188 333
188 334
188 335
189 328
189 329
189 330
189 331
189 332
189 333
189 334
189 335
190 328
190 329
190 330
190 331
190 332
190 333
190 334
190 335
191 328
191 329
191 330
191 331
191 332
191 333
191 334
191 335
192 336
192 337
192 338
192 339
192 340
192 341
192 342
192 343
193 336
193 337
193 338
193 339
193 340
193 341
193 342
193 343
194 336
194 337
194 338
194 339
194 340
194 341
194 342
194 343
195 336
195 337
195 338
195 339
195 340
195 341
195 342
195 343
196 336
196 337
196 338
196 339
196 340
196 341
196 342
196 343
197 336
197 337
197 338
197 339
197 340
197 341
197 342
197 343
198 336
198 337
198 338
198 339
198 340
198 341
198 342
198 343
199 336
199 337
199 338
199 339
199 340
199 341
199 342
199 343
200 344
200 345
200 346
200 347
200 348
200 349
200 350
200 351
201 344
201 345
201 346
201 347
201 348
201 349
201 350
201 351
202 344
202 345
202 346
202 347
202 348
202 349
202 350
202 351
203 344
203 345
203 346
203 347
203 348
203 349
203 350
203 351
204 344
204 345
204 346
204 347
204 348
204 349
204 350
204 351
205 344
205 345
205 346
205 347
205 348
205 349
205 350
205 351
206 344
206 345
206 346
206 347
206 348
206 349
206 350
206 351
207 344
207 345
207 346
207 347
207 348
207 349
207 350
207 351
208 352
208 353
208 354
208 355
208 356
208 357
208 358
208 359
209 352
209 353
209 354
209 355
209 356
209 357
209 358
209 359
210 352
210 353
210 354
210 355
210 356
210 357
210 358
210 359
211 352
211 353
211 354
211 355
211 356
211 357
211 358
211 359
212 352
212 353
212 354
212 355
212 356
212 357
212 358
212 359
213 352
213 353
213 354
213 355
213 356
213 357
213 358
213 359
214 352
214 353
214 354
214 355
214 356
214 357
214 358
214 359
215 352
215 353
215 354
215 355
215 356
215 357
215 358
215 359
216 360
216 361
216 362
216 363
216 364
216 365
216 366
216 367
217 368
217 369
217 370
217 371
217 372
217 373
217 374
217 375
218 376
218 377
218 378
218 379
218 380
218 381
218 382
218 383
219 384
219 385
219 386
219 387
219 388
219 389
219 390
219 391
220 392
220 393
220 394
220 395
220 396
220 397
220 398
220 399
221 400
221 401
221 402
221 403
221 404
221 405
221 406
221 407
222 408
222 409
222 410
222 411
222 412
222 413
222 414
222 415
223 416
223 417
223 418
223 419
223 420
223 421
223 422
223 423
224 424
224 425
224 426
224 427
224 428
224 429
224 430
224 431
225 432
225 433
225 434
225 435
225 436
225 437
225 438
225 439
226 440
226 441
226 442
226 443
226 444
226 445
226 446
226 447
227 448
227 449
227 450
227 451
227 452
227 453
227 454
227 455
228 456
228 457
228 458
228 459
228 460
228 461
228 462
228 463
229 464
229 465
229 466
229 467
229 468
229 469
229 470
229 471
230 472
230 473
230 474
230 475
230 476
230 477
230 478
230 479
231 480
231 481
231 482
231 483
231 484
231 485
231 486
231 487
232 488
232 489
232 490
232 491
232 492
232 493
232 494
232 495
233 496
233 497
233 498
233 499
233 500
233 501
233 502
233 503
234 504
234 505
234 506
234 507
234 508
234 509
234 510
234 511
235 512
235 513
235 514
235 515
235 516
235 517
235 518
235 519
236 520
236 521
236 522
236 523
236 524
236 525
236 526
236 527
237 528
237 529
237 530
237 531
237 532
237 533
237 534
237 535
238 536
238 537
238 538
238 539
238 540
238 541
238 542
238 543
239 544
239 545
239 546
239 547
239 548
239 549
239 550
239 551
240 552
240 553
240 554
240 555
240 556
240 557
240 558
240 559
241 560
241 561
241 562
241 563
241 564
241 565
241 566
241 567
242 568
242 569
242 570
242 571
242 572
242 573
242 574
242 575
243 576
243 577
243 578
243 579
243 580
243 581
243 582
243 583
244 584
244 585
244 586
244 587
244 588
244 589
244 590
244 591
245 592
245 593
245 594
245 595
245 596
245 597
245 598
245 599
246 600
246 601
246 602
246 603
246 604
246 605
246 606
246 607
247 608
247 609
247 610
247 611
247 612
247 613
247 614
247 615
248 616
248 617
248 618
248 619
248 620
248 621
248 622
248 623
249 624
249 625
249 626
249 627
249 628
249 629
249 630
249 631
250 632
250 633
250 634
250 635
250 636
250 637
250 638
250 639
251 640
251 641
251 642
251 643
251 644
251 645
251 646
251 647
252 648
252 649
252 650
252 651
252 652
252 653
252 654
252 655
253 656
253 657
253 658
253 659
253 660
253 661
253 662
253 663
254 664
254 665
254 666
254 667
254 668
254 669
254 670
254 671
255 672
255 673
255 674
255 675
255 676
255 677
255 678
255 679
256 680
256 681
256 682
256 683
256 684
256 685
256 686
256 687
257 688
257 689
257 690
257 691
257 692
257 693
257 694
257 695
258 696
258 697
258 698
258 699
258 700
258 701
258 702
258 703
259 704
259 705
259 706
259 707
259 708
259 709
259 710
259 711
260 712
260 713
260 714
260 715
260 716
260 717
260 718
260 719
261 720
261 721
261 722
261 723
261 724
261 725
261 726
261 727
262 728
262 729
262 730
262 731
262 732
262 733
262 734
262 735
263 736
263 737
263 738
263 739
263 740
263 741
263 742
263 743
264 744
264 745
264 746
264 747
264 748
264 749
264 750
264 751
265 752
265 753
265 754
265 755
265 756
265 757
265 758
265 759
266 760
266 761
266 762
266 763
266 764
266 765
266 766
266 767
267 768
267 769
267 770
267 771
267 772
267 773
267 774
267 775
268 776
268 777
268 778
268 779
268 780
268 781
268 782
268 783
269 784
269 785
269 786
269 787
269 788
269 789
269 790
269 791
270 792
270 793
270 794
270 795
270 796
270 797
270 798
270 799
271 800
271 801
271 802
271 803
271 804
271 805
271 806
271 807
272 808
272 809
272 810
272 811
272 812
272 813
272 814
272 815
273 816
273 817
273 818
273 819
273 820
273 821
273 822
273 823
274 824
274 825
274 826
274 827
274 828
274 829
274 830
274 831
275 832
275 833
275 834
275 835
275 836
275 837
275 838
275 839
276 840
276 841
276 842
276 843
276 844
276 845
276 846
276 847
277 848
277 849
277 850
277 851
277 852
277 853
277 854
277 855
278 856
278 857
278 858
278 859
278 860
278 861
278 862
278 863
279 864
279 865
279 866
279 867
279 868
279 869
279 870
279 871
280 872
280 873
280 874
280 875
280 876
280 877
280 878
280 879
281 880
281 881
281 882
281 883
281 884
281 885
281 886
281 887
282 888
282 889
282 890
282 891
282 892
282 893
282 894
282 895
283 896
283 897
283 898
283 899
283 900
283 901
283 902
283 903
284 904
284 905
284 906
284 907
284 908
284 909
284 910
284 911
285 912
285 913
285 914
285 915
285 916
285 917
285 918
285 919
286 920
286 921
286 922
286 923
286 924
286 925
286 926
286 927
287 928
287 929
287 930
287 931
287 932
287 933
287 934
287 935
288 936
288 937
288 938
288 939
288 940
288 941
288 942
288 943
289 944
289 945
289 946
289 947
289 948
289 949
289 950
289 951
290 952
290 953
290 954
290 955
290 956
290 957
290 958
290 959
291 960
291 961
291 962
291 963
291 964
291 965
291 966
291 967
292 968
292 969
292 970
292 971
292 972
292 973
292 974
292 975
293 976
293 977
293 978
293 979
293 980
293 981
293 982
293 983
294 984
294 985
294 986
294 987
294 988
294 989
294 990
294 991
295 992
295 993
295 994
295 995
295 996
295 997
295 998
295 999
296 1000
296 1001
296 1002
296 1003
296 1004
296 1005
296 1006
296 1007
297 1008
297 1009
297 1010
297 1011
297 1012
297 1013
297 1014
297 1015
298 1016
298 1017
298 1018
298 1019
298 1020
298 1021
298 1022
298 1023
299 1024
299 1025
299 1026
299 1027
299 1028
299 1029
299 1030
299 1031
300 1032
300 1033
300 1034
300 1035
300 1036
300 1037
300 1038
300 1039
301 1040
301 1041
301 1042
301 1043
301 1044
301 1045
301 1046
301 1047
302 1048
302 1049
302 1050
302 1051
302 1052
302 1053
302 1054
302 1055
303 1056
303 1057
303 1058
303 1059
303 1060
303 1061
303 1062
303 1063
304 1064
304 1065
304 1066
304 1067
304 1068
304 1069
304 1070
304 1071
305 1072
305 1073
305 1074
305 1075
305 1076
305 1077
305 1078
305 1079
306 1080
306 1081
306 1082
306 1083
306 1084
306 1085
306 1086
306 1087
307 1088
307 1089
307 1090
307 1091
307 1092
307 1093
307 1094
307 1095
308 1096
308 1097
308 1098
308 1099
308 1100
308 1101
308 1102
308 1103
309 1104
309 1105
309 1106
309 1107
309 1108
309 1109
309 1110
309 1111
310 1112
310 1113
310 1114
310 1115
310 1116
310 1117
310 1118
310 1119
311 1120
311 1121
311 1122
311 1123
311 1124
311 1125
311 1126
311 1127
312 1128
312 1129
312 1130
312 1131
312 1132
312 1133
312 1134
312 1135
313 1136
313 1137
313 1138
313 1139
313 1140
313 1141
313 1142
313 1143
314 1144
314 1145
314 1146
314 1147
314 1148
314 1149
314 1150
314 1151
315 1152
315 1153
315 1154
315 1155
315 1156
315 1157
315 1158
315 1159
316 1160
316 1161
316 1162
316 1163
316 1164
316 1165
316 1166
316 1167
317 1168
317 1169
317 1170
317 1171
317 1172
317 1173
317 1174
317 1175
318 1176
318 1177
318 1178
318 1179
318 1180
318 1181
318 1182
318 1183
319 1184
319 1185
319 1186
319 1187
319 1188
319 1189
319 1190
319 1191
320 1192
320 1193
320 1194
320 1195
320 1196
320 1197
320 1198
320 1199
321 1200
321 1201
321 1202
321 1203
321 1204
321 1205
321 1206
321 1207
322 1208
322 1209
322 1210
322 1211
322 1212
322 1213
322 1214
322 1215
323 1216
323 1217
323 1218
323 1219
323 1220
323 1221
323 1222
323 1223
324 1224
324 1225
324 1226
324 1227
324 1228
324 1229
324 1230
324 1231
325 1232
325 1233
325 1234
325 1235
325 1236
325 1237
325 1238
325 1239
326 1240
326 1241
326 1242
326 1243
326 1244
326 1245
326 1246
326 1247
327 1248
327 1249
327 1250
327 1251
327 1252
327 1253
327 1254
327 1255
328 1256
328 1257
328 1258
328 1259
328 1260
328 1261
328 1262
328 1263
329 1264
329 1265
329 1266
329 1267
329 1268
329 1269
329 1270
329 1271
330 1272
330 1273
330 1274
330 1275
330 1276
330 1277
330 1278
330 1279
331 1280
331 1281
331 1282
331 1283
331 1284
331 1285
331 1286
331 1287
332 1288
332 1289
332 1290
332 1291
332 1292
332 1293
332 1294
332 1295
333 1296
333 1297
333 1298
333 1299
333 1300
333 1301
333 1302
333 1303
334 1304
334 1305
334 1306
334 1307
334 1308
334 1309
334 1310
334 1311
335 1312
335 1313
335 1314
335 1315
335 1316
335 1317
335 1318
335 1319
336 1320
336 1321
336 1322
336 1323
336 1324
336 1325
336 1326
336 1327
337 1328
337 1329
337 1330
337 1331
337 1332
337 1333
337 1334
337 1335
338 1336
338 1337
338 1338
338 1339
338 1340
338 1341
338 1342
338 1343
339 1344
339 1345
339 1346
339 1347
339 1348
339 1349
339 1350
339 1351
340 1352
340 1353
340 1354
340 1355
340 1356
340 1357
340 1358
340 1359
341 1360
341 1361
341 1362
341 1363
341 1364
341 1365
341 1366
341 1367
342 1368
342 1369
342 1370
342 1371
342 1372
342 1373
342 1374
342 1375
343 1376
343 1377
343 1378
343 1379
343 1380
343 1381
343 1382
343 1383
344 1384
344 1385
344 1386
344 1387
344 1388
344 1389
344 1390
344 1391
345 1392
345 1393
345 1394
345 1395
345 1396
345 1397
345 1398
345 1399
346 1400
346 1401
346 1402
346 1403
346 1404
346 1405
346 1406
346 1407
347 1408
347 1409
347 1410
347 1411
347 1412
347 1413
347 1414
347 1415
348 1416
348 1417
348 1418
348 1419
348 1420
348 1421
348 1422
348 1423
349 1424
349 1425
349 1426
349 1427
349 1428
349 1429
349 1430
349 1431
350 1432
350 1433
350 1434
350 1435
350 1436
350 1437
350 1438
350 1439
351 1440
351 1441
351 1442
351 1443
351 1444
351 1445
351 1446
351 1447
352 1448
352 1449
352 1450
352 1451
352 1452
352 1453
352 1454
352 1455
353 1456
353 1457
353 1458
353 1459
353 1460
353 1461
353 1462
353 1463
354 1464
354 1465
354 1466
354 1467
354 1468
354 1469
354 1470
354 1471
355 1472
355 1473
355 1474
355 1475
355 1476
355 1477
355 1478
355 1479
356 1480
356 1481
356 1482
356 1483
356 1484
356 1485
356 1486
356 1487
357 1488
357 1489
357 1490
357 1491
357 1492
357 1493
357 1494
357 1495
358 1496
358 1497
358 1498
358 1499
358 1500
358 1501
358 1502
358 1503
359 1504
359 1505
359 1506
359 1507
359 1508
359 1509
359 1510
359 1511
