0 49
0 56
0 63
0 70
0 77
0 84
0 91
0 98
0 105
0 112
0 119
0 126
0 133
0 140
1 49
1 56
1 63
1 70
1 77
1 84
1 91
1 98
1 105
1 112
1 119
1 126
1 133
1 140
2 49
2 56
2 63
2 70
2 77
2 84
2 91
2 98
2 105
2 112
2 119
2 126
2 133
2 140
3 49
3 56
3 63
3 70
3 77
3 84
3 91
3 98
3 105
3 112
3 119
3 126
3 133
3 140
4 49
4 56
4 63
4 70
4 77
4 84
4 91
4 98
4 105
4 112
4 119
4 126
4 133
4 140
5 49
5 56
5 63
5 70
5 77
5 84
5 91
5 98
5 105
5 112
5 119
5 126
5 133
5 140
6 49
6 56
6 63
6 70
6 77
6 84
6 91
6 98
6 105
6 112
6 119
6 126
6 133
6 140
7 50
7 57
7 64
7 71
7 78
7 85
7 92
7 99
7 106
7 113
7 120
7 127
7 134
7 141
8 50
8 57
8 64
8 71
8 78
8 85
8 92
8 99
8 106
8 113
8 120
8 127
8 134
8 141
9 50
9 57
9 64
9 71
9 78
9 85
9 92
9 99
9 106
9 113
9 120
9 127
9 134
9 141
10 50
10 57
10 64
10 71
10 78
10 85
10 92
10 99
10 106
10 113
10 120
10 127
10 134
10 141
11 50
11 57
11 64
11 71
11 78
11 85
11 92
11 99
11 106
11 113
11 120
11 127
11 134
11 141
12 50
12 57
12 64
12 71
12 78
12 85
12 92
12 99
12 106
12 113
12 120
12 127
12 134
12 141
13 50
13 57
13 64
13 71
13 78
13 85
13 92
13 99
13 106
13 113
13 120
13 127
13 134
13 141
14 51
14 58
14 65
14 72
14 79
14 86
14 93
14 100
14 107
14 114
14 121
14 128
14 135
14 142
15 51
15 58
15 65
15 72
15 79
15 86
15 93
15 100
15 107
15 114
15 121
15 128
15 135
15 142
16 51
16 58
16 65
16 72
16 79
16 86
16 93
16 100
16 107
16 114
16 121
16 128
16 135
16 142
17 51
17 58
17 65
17 72
17 79
17 86
17 93
17 100
17 107
17 114
17 121
17 128
17 135
17 142
18 51
18 58
18 65
18 72
18 79
18 86
18 93
18 100
18 107
18 114
18 121
18 128
18 135
18 142
19 51
19 58
19 65
19 72
19 79
19 86
19 93
19 100
19 107
19 114
19 121
19 128
19 135
19 142
20 51
20 58
20 65
20 72
20 79
20 86
20 93
20 100
20 107
20 114
20 121
20 128
20 135
20 142
21 52
21 59
21 66
21 73
21 80
21 87
21 94
21 101
21 108
21 115
21 122
21 129
21 136
21 143
22 52
22 59
22 66
22 73
22 80
22 87
22 94
22 101
22 108
22 115
22 122
22 129
22 136
22 143
23 52
23 59
23 66
23 73
23 80
23 87
23 94
23 101
23 108
23 115
23 122
23 129
23 136
23 143
24 52
24 59
24 66
24 73
24 80
24 87
24 94
24 101
24 108
24 115
24 122
24 129
24 136
24 143
25 52
25 59
25 66
25 73
25 80
25 87
25 94
25 101
25 108
25 115
25 122
25 129
25 136
25 143
26 52
26 59
26 66
26 73
26 80
26 87
26 94
26 101
26 108
26 115
26 122
26 129
26 136
26 143
27 52
27 59
27 66
27 73
27 80
27 87
27 94
27 101
27 108
27 115
27 122
27 129
27 136
27 143
28 53
28 60
28 67
28 74
28 81
28 88
28 95
28 102
28 109
28 116
28 123
28 130
28 137
28 144
29 53
29 60
29 67
29 74
29 81
29 88
29 95
29 102
29 109
29 116
29 123
29 130
29 137
29 144
30 53
30 60
30 67
30 74
30 81
30 88
30 95
30 102
30 109
30 116
30 123
30 130
30 137
30 144
31 53
31 60
31 67
31 74
31 81
31 88
31 95
31 102
31 109
31 116
31 123
31 130
31 137
31 144
32 53
32 60
32 67
32 74
32 81
32 88
32 95
32 102
32 109
32 116
32 123
32 130
32 137
32 144
33 53
33 60
33 67
33 74
33 81
33 88
33 95
33 102
33 109
33 116
33 123
33 130
33 137
33 144
34 53
34 60
34 67
34 74
34 81
34 88
34 95
34 102
34 109
34 116
34 123
34 130
34 137
34 144
35 54
35 61
35 68
35 75
35 82
35 89
35 96
35 103
35 110
35 117
35 124
35 131
35 138
35 145
36 54
36 61
36 68
36 75
36 82
36 89
36 96
36 103
36 110
36 117
36 124
36 131
36 138
36 145
37 54
37 61
37 68
37 75
37 82
37 89
37 96
37 103
37 110
37 117
37 124
37 131
37 138
37 145
38 54
38 61
38 68
38 75
38 82
38 89
38 96
38 103
38 110
38 117
38 124
38 131
38 138
38 145
39 54
39 61
39 68
39 75
39 82
39 89
39 96
39 103
39 110
39 117
39 124
39 131
39 138
39 145
40 54
40 61
40 68
40 75
40 82
40 89
40 96
40 103
40 110
40 117
40 124
40 131
40 138
40 145
41 54
41 61
41 68
41 75
41 82
41 89
41 96
41 103
41 110
41 117
41 124
41 131
41 138
41 145
42 55
42 62
42 69
42 76
42 83
42 90
42 97
42 104
42 111
42 118
42 125
42 132
42 139
42 146
43 55
43 62
43 69
43 76
43 83
43 90
43 97
43 104
43 111
43 118
43 125
43 132
43 139
43 146
44 55
44 62
44 69
44 76
44 83
44 90
44 97
44 104
44 111
44 118
44 125
44 132
44 139
44 146
45 55
45 62
45 69
45 76
45 83
45 90
45 97
45 104
45 111
45 118
45 125
45 132
45 139
45 146
46 55
46 62
46 69
46 76
46 83
46 90
46 97
46 104
46 111
46 118
46 125
46 132
46 139
46 146
47 55
47 62
47 69
47 76
47 83
47 90
47 97
47 104
47 111
47 118
47 125
47 132
47 139
47 146
48 55
48 62
48 69
48 76
48 83
48 90
48 97
48 104
48 111
48 118
48 125
48 132
48 139
48 146
49 147
49 148
49 149
49 150
49 151
49 152
49 153
50 147
50 148
50 149
50 150
50 151
50 152
50 153
51 147
51 148
51 149
51 150
51 151
51 152
51 153
52 147
52 148
52 149
52 150
52 151
52 152
52 153
53 147
53 148
53 149
53 150
53 151
53 152
53 153
54 147
54 148
54 149
54 150
54 151
54 152
54 153
55 147
55 148
55 149
55 150
55 151
55 152
55 153
56 154
56 155
56 156
56 157
56 158
56 159
56 160
57 154
57 155
57 156
57 157
57 158
57 159
57 160
58 154
58 155
58 156
58 157
58 158
58 159
58 160
59 154
59 155
59 156
59 157
59 158
59 159
59 160
60 154
60 155
60 156
60 157
60 158
60 159
60 160
61 154
61 155
61 156
61 157
61 158
61 159
61 160
62 154
62 155
62 156
62 157
62 158
62 159
62 160
63 161
63 162
63 163
63 164
63 165
63 166
63 167
64 161
64 162
64 163
64 164
64 165
64 166
64 167
65 161
65 162
65 163
65 164
65 165
65 166
65 167
66 161
66 162
66 163
66 164
66 165
66 166
66 167
67 161
67 162
67 163
67 164
67 165
67 166
67 167
68 161
68 162
68 163
68 164
68 165
68 166
68 167
69 161
69 162
69 163
69 164
69 165
69 166
69 167
70 168
70 169
70 170
70 171
70 172
70 173
70 174
71 168
71 169
71 170
71 171
71 172
71 173
71 174
72 168
72 169
72 170
72 171
72 172
72 173
72 174
73 168
73 169
73 170
73 171
73 172
73 173
73 174
74 168
74 169
74 170
74 171
74 172
74 173
74 174
75 168
75 169
75 170
75 171
75 172
75 173
75 174
76 168
76 169
76 170
76 171
76 172
76 173
76 174
77 175
77 176
77 177
77 178
77 179
77 180
77 181
78 175
78 176
78 177
78 178
78 179
78 180
78 181
79 175
79 176
79 177
79 178
79 179
79 180
79 181
80 175
80 176
80 177
80 178
80 179
80 180
80 181
81 175
81 176
81 177
81 178
81 179
81 180
81 181
82 175
82 176
82 177
82 178
82 179
82 180
82 181
83 175
83 176
83 177
83 178
83 179
83 180
83 181
84 182
84 183
84 184
84 185
84 186
84 187
84 188
85 182
85 183
85 184
85 185
85 186
85 187
85 188
86 182
86 183
86 184
86 185
86 186
86 187
86 188
87 182
87 183
87 184
87 185
87 186
87 187
87 188
88 182
88 183
88 184
88 185
88 186
88 187
88 188
89 182
89 183
89 184
89 185
89 186
89 187
89 188
90 182
90 183
90 184
90 185
90 186
90 187
90 188
91 189
91 190
91 191
91 192
91 193
91 194
91 195
92 189
92 190
92 191
92 192
92 193
92 194
92 195
93 189
93 190
93 191
93 192
93 193
93 194
93 195
94 189
94 190
94 191
94 192
94 193
94 194
94 195
95 189
95 190
95 191
95 192
95 193
95 194
95 195
96 189
96 190
96 191
96 192
96 193
96 194
96 195
97 189
97 190
97 191
97 192
97 193
97 194
97 195
98 196
98 197
98 198
98 199
98 200
98 201
98 202
99 196
99 197
99 198
99 199
99 200
99 201
99 202
100 196
100 197
100 198
100 199
100 200
100 201
100 202
101 196
101 197
101 198
101 199
101 200
101 201
101 202
102 196
102 197
102 198
102 199
102 200
102 201
102 202
103 196
103 197
103 198
103 199
103 200
103 201
103 202
104 196
104 197
104 198
104 199
104 200
104 201
104 202
105 203
105 204
105 205
105 206
105 207
105 208
105 209
106 203
106 204
106 205
106 206
106 207
106 208
106 209
107 203
107 204
107 205
107 206
107 207
107 208
107 209
108 203
108 204
108 205
108 206
108 207
108 208
108 209
109 203
109 204
109 205
109 206
109 207
109 208
109 209
110 203
110 204
110 205
110 206
110 207
110 208
110 209
111 203
111 204
111 205
111 206
111 207
111 208
111 209
112 210
112 211
112 212
112 213
112 214
112 215
112 216
113 210
113 211
113 212
113 213
113 214
113 215
113 216
114 210
114 211
114 212
114 213
114 214
114 215
114 216
115 210
115 211
115 212
115 213
115 214
115 215
115 216
116 210
116 211
116 212
116 213
116 214
116 215
116 216
117 210
117 211
117 212
117 213
117 214
117 215
117 216
118 210
118 211
118 212
118 213
118 214
118 215
118 216
119 217
119 218
119 219
119 220
119 221
119 222
119 223
120 217
120 218
120 219
120 220
120 221
120 222
120 223
121 217
121 218
121 219
121 220
121 221
121 222
121 223
122 217
122 218
122 219
122 220
122 221
122 222
122 223
123 217
123 218
123 219
123 220
123 221
123 222
123 223
124 217
124 218
124 219
124 220
124 221
124 222
124 223
125 217
125 218
125 219
125 220
125 221
125 222
125 223
126 224
126 225
126 226
126 227
126 228
126 229
126 230
127 224
127 225
127 226
127 227
127 228
127 229
127 230
128 224
128 225
128 226
128 227
128 228
128 229
128 230
129 224
129 225
129 226
129 227
129 228
129 229
129 230
130 224
130 225
130 226
130 227
130 228
130 229
130 230
131 224
131 225
131 226
131 227
131 228
131 229
131 230
132 224
132 225
132 226
132 227
132 228
132 229
132 230
133 231
133 232
133 233
133 234
133 235
133 236
133 237
134 231
134 232
134 233
134 234
134 235
134 236
134 237
135 231
135 232
135 233
135 234
135 235
135 236
135 237
136 231
136 232
136 233
136 234
136 235
136 236
136 237
137 231
137 232
137 233
137 234
137 235
137 236
137 237
138 231
138 232
138 233
138 234
138 235
138 236
138 237
139 231
139 232
139 233
139 234
139 235
139 236
139 237
140 238
140 239
140 240
140 241
140 242
140 243
140 244
141 238
141 239
141 240
141 241
141 242
141 243
141 244
142 238
142 239
142 240
142 241
142 242
142 243
142 244
143 238
143 239
143 240
143 241
143 242
143 243
143 244
144 238
144 239
144 240
144 241
144 242
144 243
144 244
145 238
145 239
145 240
145 241
145 242
145 243
145 244
146 238
146 239
146 240
146 241
146 242
146 243
146 244
147 245
147 246
147 247
147 248
147 249
147 250
147 251
148 252
148 253
148 254
148 255
148 256
148 257
148 258
149 259
149 260
149 261
149 262
149 263
149 264
149 265
150 266
150 267
150 268
150 269
150 270
150 271
150 272
151 273
151 274
151 275
151 276
151 277
151 278
151 279
152 280
152 281
152 282
152 283
152 284
152 285
152 286
153 287
153 288
153 289
153 290
153 291
153 292
153 293
154 294
154 295
154 296
154 297
154 298
154 299
154 300
155 301
155 302
155 303
155 304
155 305
155 306
155 307
156 308
156 309
156 310
156 311
156 312
156 313
156 314
157 315
157 316
157 317
157 318
157 319
157 320
157 321
158 322
158 323
158 324
158 325
158 326
158 327
158 328
159 329
159 330
159 331
159 332
159 333
159 334
159 335
160 336
160 337
160 338
160 339
160 340
160 341
160 342
161 343
161 344
161 345
161 346
161 347
161 348
161 349
162 350
162 351
162 352
162 353
162 354
162 355
162 356
163 357
163 358
163 359
163 360
163 361
163 362
163 363
164 364
164 365
164 366
164 367
164 368
164 369
164 370
165 371
165 372
165 373
165 374
165 375
165 376
165 377
166 378
166 379
166 380
166 381
166 382
166 383
166 384
167 385
167 386
167 387
167 388
167 389
167 390
167 391
168 392
168 393
168 394
168 395
168 396
168 397
168 398
169 399
169 400
169 401
169 402
169 403
169 404
169 405
170 406
170 407
170 408
170 409
170 410
170 411
170 412
171 413
171 414
171 415
171 416
171 417
171 418
171 419
172 420
172 421
172 422
172 423
172 424
172 425
172 426
173 427
173 428
173 429
173 430
173 431
173 432
173 433
174 434
174 435
174 436
174 437
174 438
174 439
174 440
175 441
175 442
175 443
175 444
175 445
175 446
175 447
176 448
176 449
176 450
176 451
176 452
176 453
176 454
177 455
177 456
177 457
177 458
177 459
177 460
177 461
178 462
178 463
178 464
178 465
178 466
178 467
178 468
179 469
179 470
179 471
179 472
179 473
179 474
179 475
180 476
180 477
180 478
180 479
180 480
180 481
180 482
181 483
181 484
181 485
181 486
181 487
181 488
181 489
182 490
182 491
182 492
182 493
182 494
182 495
182 496
183 497
183 498
183 499
183 500
183 501
183 502
183 503
184 504
184 505
184 506
184 507
184 508
184 509
184 510
185 511
185 512
185 513
185 514
185 515
185 516
185 517
186 518
186 519
186 520
186 521
186 522
186 523
186 524
187 525
187 526
187 527
187 528
187 529
187 530
187 531
188 532
188 533
188 534
188 535
188 536
188 537
188 538
189 539
189 540
189 541
189 542
189 543
189 544
189 545
190 546
190 547
190 548
190 549
190 550
190 551
190 552
191 553
191 554
191 555
191 556
191 557
191 558
191 559
192 560
192 561
192 562
192 563
192 564
192 565
192 566
193 567
193 568
193 569
193 570
193 571
193 572
193 573
194 574
194 575
194 576
194 577
194 578
194 579
194 580
195 581
195 582
195 583
195 584
195 585
195 586
195 587
196 588
196 589
196 590
196 591
196 592
196 593
196 594
197 595
197 596
197 597
197 598
197 599
197 600
197 601
198 602
198 603
198 604
198 605
198 606
198 607
198 608
199 609
199 610
199 611
199 612
199 613
199 614
199 615
200 616
200 617
200 618
200 619
200 620
200 621
200 622
201 623
201 624
201 625
201 626
201 627
201 628
201 629
202 630
202 631
202 632
202 633
202 634
202 635
202 636
203 637
203 638
203 639
203 640
203 641
203 642
203 643
204 644
204 645
204 646
204 647
204 648
204 649
204 650
205 651
205 652
205 653
205 654
205 655
205 656
205 657
206 658
206 659
206 660
206 661
206 662
206 663
206 664
207 665
207 666
207 667
207 668
207 669
207 670
207 671
208 672
208 673
208 674
208 675
208 676
208 677
208 678
209 679
209 680
209 681
209 682
209 683
209 684
209 685
210 686
210 687
210 688
210 689
210 690
210 691
210 692
211 693
211 694
211 695
211 696
211 697
211 698
211 699
212 700
212 701
212 702
212 703
212 704
212 705
212 706
213 707
213 708
213 709
213 710
213 711
213 712
213 713
214 714
214 715
214 716
214 717
214 718
214 719
214 720
215 721
215 722
215 723
215 724
215 725
215 726
215 727
216 728
216 729
216 730
216 731
216 732
216 733
216 734
217 735
217 736
217 737
217 738
217 739
217 740
217 741
218 742
218 743
218 744
218 745
218 746
218 747
218 748
219 749
219 750
219 751
219 752
219 753
219 754
219 755
220 756
220 757
220 758
220 759
220 760
220 761
220 762
221 763
221 764
221 765
221 766
221 767
221 768
221 769
222 770
222 771
222 772
222 773
222 774
222 775
222 776
223 777
223 778
223 779
223 780
223 781
223 782
223 783
224 784
224 785
224 786
224 787
224 788
224 789
224 790
225 791
225 792
225 793
225 794
225 795
225 796
225 797
226 798
226 799
226 800
226 801
226 802
226 803
226 804
227 805
227 806
227 807
227 808
227 809
227 810
227 811
228 812
228 813
228 814
228 815
228 816
228 817
228 818
229 819
229 820
229 821
229 822
229 823
229 824
229 825
230 826
230 827
230 828
230 829
230 830
230 831
230 832
231 833
231 834
231 835
231 836
231 837
231 838
231 839
232 840
232 841
232 842
232 843
232 844
232 845
232 846
233 847
233 848
233 849
233 850
233 851
233 852
233 853
234 854
234 855
234 856
234 857
234 858
234 859
234 860
235 861
235 862
235 863
235 864
235 865
235 866
235 867
236 868
236 869
236 870
236 871
236 872
236 873
236 874
237 875
237 876
237 877
237 878
237 879
237 880
237 881
238 882
238 883
238 884
238 885
238 886
238 887
238 888
239 889
239 890
239 891
239 892
239 893
239 894
239 895
240 896
240 897
240 898
240 899
240 900
240 901
240 902
241 903
241 904
241 905
241 906
241 907
241 908
241 909
242 910
242 911
242 912
242 913
242 914
242 915
242 916
243 917
243 918
243 919
243 920
243 921
243 922
243 923
244 924
244 925
244 926
244 927
244 928
244 929
244 930
