0 36
0 42
0 48
0 54
0 60
0 66
0 72
0 78
0 84
0 90
0 96
0 102
1 36
1 42
1 48
1 54
1 60
1 66
1 72
1 78
1 84
1 90
1 96
1 102
2 36
2 42
2 48
2 54
2 60
2 66
2 72
2 78
2 84
2 90
2 96
2 102
3 36
3 42
3 48
3 54
3 60
3 66
3 72
3 78
3 84
3 90
3 96
3 102
4 36
4 42
4 48
4 54
4 60
4 66
4 72
4 78
4 84
4 90
4 96
4 102
5 36
5 42
5 48
5 54
5 60
5 66
5 72
5 78
5 84
5 90
5 96
5 102
6 37
6 43
6 49
6 55
6 61
6 67
6 73
6 79
6 85
6 91
6 97
6 103
7 37
7 43
7 49
7 55
7 61
7 67
7 73
7 79
7 85
7 91
7 97
7 103
8 37
8 43
8 49
8 55
8 61
8 67
8 73
8 79
8 85
8 91
8 97
8 103
9 37
9 43
9 49
9 55
9 61
9 67
9 73
9 79
9 85
9 91
9 97
9 103
10 37
10 43
10 49
10 55
10 61
10 67
10 73
10 79
10 85
10 91
10 97
10 103
11 37
11 43
11 49
11 55
11 61
11 67
11 73
11 79
11 85
11 91
11 97
11 103
12 38
12 44
12 50
12 56
12 62
12 68
12 74
12 80
12 86
12 92
12 98
12 104
13 38
13 44
13 50
13 56
13 62
13 68
13 74
13 80
13 86
13 92
13 98
13 104
14 38
14 44
14 50
14 56
14 62
14 68
14 74
14 80
14 86
14 92
14 98
14 104
15 38
15 44
15 50
15 56
15 62
15 68
15 74
15 80
15 86
15 92
15 98
15 104
16 38
16 44
16 50
16 56
16 62
16 68
16 74
16 80
16 86
16 92
16 98
16 104
17 38
17 44
17 50
17 56
17 62
17 68
17 74
17 80
17 86
17 92
17 98
17 104
18 39
18 45
18 51
18 57
18 63
18 69
18 75
18 81
18 87
18 93
18 99
18 105
19 39
19 45
19 51
19 57
19 63
19 69
19 75
19 81
19 87
19 93
19 99
19 105
20 39
20 45
20 51
20 57
20 63
20 69
20 75
20 81
20 87
20 93
20 99
20 105
21 39
21 45
21 51
21 57
21 63
21 69
21 75
21 81
21 87
21 93
21 99
21 105
22 39
22 45
22 51
22 57
22 63
22 69
22 75
22 81
22 87
22 93
22 99
22 105
23 39
23 45
23 51
23 57
23 63
23 69
23 75
23 81
23 87
23 93
23 99
23 105
24 40
24 46
24 52
24 58
24 64
24 70
24 76
24 82
24 88
24 94
24 100
24 106
25 40
25 46
25 52
25 58
25 64
25 70
25 76
25 82
25 88
25 94
25 100
25 106
26 40
26 46
26 52
26 58
26 64
26 70
26 76
26 82
26 88
26 94
26 100
26 106
27 40
27 46
27 52
27 58
27 64
27 70
27 76
27 82
27 88
27 94
27 100
27 106
28 40
28 46
28 52
28 58
28 64
28 70
28 76
28 82
28 88
28 94
28 100
28 106
29 40
29 46
29 52
29 58
29 64
29 70
29 76
29 82
29 88
29 94
29 100
29 106
30 41
30 47
30 53
30 59
30 65
30 71
30 77
30 83
30 89
30 95
30 101
30 107
31 41
31 47
31 53
31 59
31 65
31 71
31 77
31 83
31 89
31 95
31 101
31 107
32 41
32 47
32 53
32 59
32 65
32 71
32 77
32 83
32 89
32 95
32 101
32 107
33 41
33 47
33 53
33 59
33 65
33 71
33 77
33 83
33 89
33 95
33 101
33 107
34 41
34 47
34 53
34 59
34 65
34 71
34 77
34 83
34 89
34 95
34 101
34 107
35 41
35 47
35 53
35 59
35 65
35 71
35 77
35 83
35 89
35 95
35 101
35 107
36 108
36 109
36 110
36 111
36 112
36 113
37 108
37 109
37 110
37 111
37 112
37 113
38 108
38 109
38 110
38 111
38 112
38 113
39 108
39 109
39 110
39 111
39 112
39 113
40 108
40 109
40 110
40 111
40 112
40 113
41 108
41 109
41 110
41 111
41 112
41 113
42 114
42 115
42 116
42 117
42 118
42 119
43 114
43 115
43 116
43 117
43 118
43 119
44 114
44 115
44 116
44 117
44 118
44 119
45 114
45 115
45 116
45 117
45 118
45 119
46 114
46 115
46 116
46 117
46 118
46 119
47 114
47 115
47 116
47 117
47 118
47 119
48 120
48 121
48 122
48 123
48 124
48 125
49 120
49 121
49 122
49 123
49 124
49 125
50 120
50 121
50 122
50 123
50 124
50 125
51 120
51 121
51 122
51 123
51 124
51 125
52 120
52 121
52 122
52 123
52 124
52 125
53 120
53 121
53 122
53 123
53 124
53 125
54 126
54 127
54 128
54 129
54 130
54 131
55 126
55 127
55 128
55 129
55 130
55 131
56 126
56 127
56 128
56 129
56 130
56 131
57 126
57 127
57 128
57 129
57 130
57 131
58 126
58 127
58 128
58 129
58 130
58 131
59 126
59 127
59 128
59 129
59 130
59 131
60 132
60 133
60 134
60 135
60 136
60 137
61 132
61 133
61 134
61 135
61 136
61 137
62 132
62 133
62 134
62 135
62 136
62 137
63 132
63 133
63 134
63 135
63 136
63 137
64 132
64 133
64 134
64 135
64 136
64 137
65 132
65 133
65 134
65 135
65 136
65 137
66 138
66 139
66 140
66 141
66 142
66 143
67 138
67 139
67 140
67 141
67 142
67 143
68 138
68 139
68 140
68 141
68 142
68 143
69 138
69 139
69 140
69 141
69 142
69 143
70 138
70 139
70 140
70 141
70 142
70 143
71 138
71 139
71 140
71 141
71 142
71 143
72 144
72 145
72 146
72 147
72 148
72 149
73 144
73 145
73 146
73 147
73 148
73 149
74 144
74 145
74 146
74 147
74 148
74 149
75 144
75 145
75 146
75 147
75 148
75 149
76 144
76 145
76 146
76 147
76 148
76 149
77 144
77 145
77 146
77 147
77 148
77 149
78 150
78 151
78 152
78 153
78 154
78 155
79 150
79 151
79 152
79 153
79 154
79 155
80 150
80 151
80 152
80 153
80 154
80 155
81 150
81 151
81 152
81 153
81 154
81 155
82 150
82 151
82 152
82 153
82 154
82 155
83 150
83 151
83 152
83 153
83 154
83 155
84 156
84 157
84 158
84 159
84 160
84 161
85 156
85 157
85 158
85 159
85 160
85 161
86 156
86 157
86 158
86 159
86 160
86 161
87 156
87 157
87 158
87 159
87 160
87 161
88 156
88 157
88 158
88 159
88 160
88 161
89 156
89 157
89 158
89 159
89 160
89 161
90 162
90 163
90 164
90 165
90 166
90 167
91 162
91 163
91 164
91 165
91 166
91 167
92 162
92 163
92 164
92 165
92 166
92 167
93 162
93 163
93 164
93 165
93 166
93 167
94 162
94 163
94 164
94 165
94 166
94 167
95 162
95 163
95 164
95 165
95 166
95 167
96 168
96 169
96 170
96 171
96 172
96 173
97 168
97 169
97 170
97 171
97 172
97 173
98 168
98 169
98 170
98 171
98 172
98 173
99 168
99 169
99 170
99 171
99 172
99 173
100 168
100 169
100 170
100 171
100 172
100 173
101 168
101 169
101 170
101 171
101 172
101 173
102 174
102 175
102 176
102 177
102 178
102 179
103 174
103 175
103 176
103 177
103 178
103 179
104 174
104 175
104 176
104 177
104 178
104 179
105 174
105 175
105 176
105 177
105 178
105 179
106 174
106 175
106 176
106 177
106 178
106 179
107 174
107 175
107 176
107 177
107 178
107 179
108 180
108 181
108 182
108 183
108 184
108 185
109 186
109 187
109 188
109 189
109 190
109 191
110 192
110 193
110 194
110 195
110 196
110 197
111 198
111 199
111 200
111 201
111 202
111 203
112 204
112 205
112 206
112 207
112 208
112 209
113 210
113 211
113 212
113 213
113 214
113 215
114 216
114 217
114 218
114 219
114 220
114 221
115 222
115 223
115 224
115 225
115 226
115 227
116 228
116 229
116 230
116 231
116 232
116 233
117 234
117 235
117 236
117 237
117 238
117 239
118 240
118 241
118 242
118 243
118 244
118 245
119 246
119 247
119 248
119 249
119 250
119 251
120 252
120 253
120 254
120 255
120 256
120 257
121 258
121 259
121 260
121 261
121 262
121 263
122 264
122 265
122 266
122 267
122 268
122 269
123 270
123 271
123 272
123 273
123 274
123 275
124 276
124 277
124 278
124 279
124 280
124 281
125 282
125 283
125 284
125 285
125 286
125 287
126 288
126 289
126 290
126 291
126 292
126 293
127 294
127 295
127 296
127 297
127 298
127 299
128 300
128 301
128 302
128 303
128 304
128 305
129 306
129 307
129 308
129 309
129 310
129 311
130 312
130 313
130 314
130 315
130 316
130 317
131 318
131 319
131 320
131 321
131 322
131 323
132 324
132 325
132 326
132 327
132 328
132 329
133 330
133 331
133 332
133 333
133 334
133 335
134 336
134 337
134 338
134 339
134 340
134 341
135 342
135 343
135 344
135 345
135 346
135 347
136 348
136 349
136 350
136 351
136 352
136 353
137 354
137 355
137 356
137 357
137 358
137 359
138 360
138 361
138 362
138 363
138 364
138 365
139 366
139 367
139 368
139 369
139 370
139 371
140 372
140 373
140 374
140 375
140 376
140 377
141 378
141 379
141 380
141 381
141 382
141 383
142 384
142 385
142 386
142 387
142 388
142 389
143 390
143 391
143 392
143 393
143 394
143 395
144 396
144 397
144 398
144 399
144 400
144 401
145 402
145 403
145 404
145 405
145 406
145 407
146 408
146 409
146 410
146 411
146 412
146 413
147 414
147 415
147 416
147 417
147 418
147 419
148 420
148 421
148 422
148 423
148 424
148 425
149 426
149 427
149 428
149 429
149 430
149 431
150 432
150 433
150 434
150 435
150 436
150 437
151 438
151 439
151 440
151 441
151 442
151 443
152 444
152 445
152 446
152 447
152 448
152 449
153 450
153 451
153 452
153 453
153 454
153 455
154 456
154 457
154 458
154 459
154 460
154 461
155 462
155 463
155 464
155 465
155 466
155 467
156 468
156 469
156 470
156 471
156 472
156 473
157 474
157 475
157 476
157 477
157 478
157 479
158 480
158 481
158 482
158 483
158 484
158 485
159 486
159 487
159 488
159 489
159 490
159 491
160 492
160 493
160 494
160 495
160 496
160 497
161 498
161 499
161 500
161 501
161 502
161 503
162 504
162 505
162 506
162 507
162 508
162 509
163 510
163 511
163 512
163 513
163 514
163 515
164 516
164 517
164 518
164 519
164 520
164 521
165 522
165 523
165 524
165 525
165 526
165 527
166 528
166 529
166 530
166 531
166 532
166 533
167 534
167 535
167 536
167 537
167 538
167 539
168 540
168 541
168 542
168 543
168 544
168 545
169 546
169 547
169 548
169 549
169 550
169 551
170 552
170 553
170 554
170 555
170 556
170 557
171 558
171 559
171 560
171 561
171 562
171 563
172 564
172 565
172 566
172 567
172 568
172 569
173 570
173 571
173 572
173 573
173 574
173 575
174 576
174 577
174 578
174 579
174 580
174 581
175 582
175 583
175 584
175 585
175 586
175 587
176 588
176 589
176 590
176 591
176 592
176 593
177 594
177 595
177 596
177 597
177 598
177 599
178 600
178 601
178 602
178 603
178 604
178 605
179 606
179 607
179 608
179 609
179 610
179 611
