0 90
0 99
0 108
0 117
0 126
0 135
0 144
0 153
0 162
0 171
0 180
0 189
0 198
0 207
0 216
0 225
0 234
0 243
0 252
0 261
1 90
1 99
1 108
1 117
1 126
1 135
1 144
1 153
1 162
1 171
1 180
1 189
1 198
1 207
1 216
1 225
1 234
1 243
1 252
1 261
2 90
2 99
2 108
2 117
2 126
2 135
2 144
2 153
2 162
2 171
2 180
2 189
2 198
2 207
2 216
2 225
2 234
2 243
2 252
2 261
3 90
3 99
3 108
3 117
3 126
3 135
3 144
3 153
3 162
3 171
3 180
3 189
3 198
3 207
3 216
3 225
3 234
3 243
3 252
3 261
4 90
4 99
4 108
4 117
4 126
4 135
4 144
4 153
4 162
4 171
4 180
4 189
4 198
4 207
4 216
4 225
4 234
4 243
4 252
4 261
5 90
5 99
5 108
5 117
5 126
5 135
5 144
5 153
5 162
5 171
5 180
5 189
5 198
5 207
5 216
5 225
5 234
5 243
5 252
5 261
6 90
6 99
6 108
6 117
6 126
6 135
6 144
6 153
6 162
6 171
6 180
6 189
6 198
6 207
6 216
6 225
6 234
6 243
6 252
6 261
7 90
7 99
7 108
7 117
7 126
7 135
7 144
7 153
7 162
7 171
7 180
7 189
7 198
7 207
7 216
7 225
7 234
7 243
7 252
7 261
8 90
8 99
8 108
8 117
8 126
8 135
8 144
8 153
8 162
8 171
8 180
8 189
8 198
8 207
8 216
8 225
8 234
8 243
8 252
8 261
9 91
9 100
9 109
9 118
9 127
9 136
9 145
9 154
9 163
9 172
9 181
9 190
9 199
9 208
9 217
9 226
9 235
9 244
9 253
9 262
10 91
10 100
10 109
10 118
10 127
10 136
10 145
10 154
10 163
10 172
10 181
10 190
10 199
10 208
10 217
10 226
10 235
10 244
10 253
10 262
11 91
11 100
11 109
11 118
11 127
11 136
11 145
11 154
11 163
11 172
11 181
11 190
11 199
11 208
11 217
11 226
11 235
11 244
11 253
11 262
12 91
12 100
12 109
12 118
12 127
12 136
12 145
12 154
12 163
12 172
12 181
12 190
12 199
12 208
12 217
12 226
12 235
12 244
12 253
12 262
13 91
13 100
13 109
13 118
13 127
13 136
13 145
13 154
13 163
13 172
13 181
13 190
13 199
13 208
13 217
13 226
13 235
13 244
13 253
13 262
14 91
14 100
14 109
14 118
14 127
14 136
14 145
14 154
14 163
14 172
14 181
14 190
14 199
14 208
14 217
14 226
14 235
14 244
14 253
14 262
15 91
15 100
15 109
15 118
15 127
15 136
15 145
15 154
15 163
15 172
15 181
15 190
15 199
15 208
15 217
15 226
15 235
15 244
15 253
15 262
16 91
16 100
16 109
16 118
16 127
16 136
16 145
16 154
16 163
16 172
16 181
16 190
16 199
16 208
16 217
16 226
16 235
16 244
16 253
16 262
17 91
17 100
17 109
17 118
17 127
17 136
17 145
17 154
17 163
17 172
17 181
17 190
17 199
17 208
17 217
17 226
17 235
17 244
17 253
17 262
18 92
18 101
18 110
18 119
18 128
18 137
18 146
18 155
18 164
18 173
18 182
18 191
18 200
18 209
18 218
18 227
18 236
18 245
18 254
18 263
19 92
19 101
19 110
19 119
19 128
19 137
19 146
19 155
19 164
19 173
19 182
19 191
19 200
19 209
19 218
19 227
19 236
19 245
19 254
19 263
20 92
20 101
20 110
20 119
20 128
20 137
20 146
20 155
20 164
20 173
20 182
20 191
20 200
20 209
20 218
20 227
20 236
20 245
20 254
20 263
21 92
21 101
21 110
21 119
21 128
21 137
21 146
21 155
21 164
21 173
21 182
21 191
21 200
21 209
21 218
21 227
21 236
21 245
21 254
21 263
22 92
22 101
22 110
22 119
22 128
22 137
22 146
22 155
22 164
22 173
22 182
22 191
22 200
22 209
22 218
22 227
22 236
22 245
22 254
22 263
23 92
23 101
23 110
23 119
23 128
23 137
23 146
23 155
23 164
23 173
23 182
23 191
23 200
23 209
23 218
23 227
23 236
23 245
23 254
23 263
24 92
24 101
24 110
24 119
24 128
24 137
24 146
24 155
24 164
24 173
24 182
24 191
24 200
24 209
24 218
24 227
24 236
24 245
24 254
24 263
25 92
25 101
25 110
25 119
25 128
25 137
25 146
25 155
25 164
25 173
25 182
25 191
25 200
25 209
25 218
25 227
25 236
25 245
25 254
25 263
26 92
26 101
26 110
26 119
26 128
26 137
26 146
26 155
26 164
26 173
26 182
26 191
26 200
26 209
26 218
26 227
26 236
26 245
26 254
26 263
27 93
27 102
27 111
27 120
27 129
27 138
27 147
27 156
27 165
27 174
27 183
27 192
27 201
27 210
27 219
27 228
27 237
27 246
27 255
27 264
28 93
28 102
28 111
28 120
28 129
28 138
28 147
28 156
28 165
28 174
28 183
28 192
28 201
28 210
28 219
28 228
28 237
28 246
28 255
28 264
29 93
29 102
29 111
29 120
29 129
29 138
29 147
29 156
29 165
29 174
29 183
29 192
29 201
29 210
29 219
29 228
29 237
29 246
29 255
29 264
30 93
30 102
30 111
30 120
30 129
30 138
30 147
30 156
30 165
30 174
30 183
30 192
30 201
30 210
30 219
30 228
30 237
30 246
30 255
30 264
31 93
31 102
31 111
31 120
31 129
31 138
31 147
31 156
31 165
31 174
31 183
31 192
31 201
31 210
31 219
31 228
31 237
31 246
31 255
31 264
32 93
32 102
32 111
32 120
32 129
32 138
32 147
32 156
32 165
32 174
32 183
32 192
32 201
32 210
32 219
32 228
32 237
32 246
32 255
32 264
33 93
33 102
33 111
33 120
33 129
33 138
33 147
33 156
33 165
33 174
33 183
33 192
33 201
33 210
33 219
33 228
33 237
33 246
33 255
33 264
34 93
34 102
34 111
34 120
34 129
34 138
34 147
34 156
34 165
34 174
34 183
34 192
34 201
34 210
34 219
34 228
34 237
34 246
34 255
34 264
35 93
35 102
35 111
35 120
35 129
35 138
35 147
35 156
35 165
35 174
35 183
35 192
35 201
35 210
35 219
35 228
35 237
35 246
35 255
35 264
36 94
36 103
36 112
36 121
36 130
36 139
36 148
36 157
36 166
36 175
36 184
36 193
36 202
36 211
36 220
36 229
36 238
36 247
36 256
36 265
37 94
37 103
37 112
37 121
37 130
37 139
37 148
37 157
37 166
37 175
37 184
37 193
37 202
37 211
37 220
37 229
37 238
37 247
37 256
37 265
38 94
38 103
38 112
38 121
38 130
38 139
38 148
38 157
38 166
38 175
38 184
38 193
38 202
38 211
38 220
38 229
38 238
38 247
38 256
38 265
39 94
39 103
39 112
39 121
39 130
39 139
39 148
39 157
39 166
39 175
39 184
39 193
39 202
39 211
39 220
39 229
39 238
39 247
39 256
39 265
40 94
40 103
40 112
40 121
40 130
40 139
40 148
40 157
40 166
40 175
40 184
40 193
40 202
40 211
40 220
40 229
40 238
40 247
40 256
40 265
41 94
41 103
41 112
41 121
41 130
41 139
41 148
41 157
41 166
41 175
41 184
41 193
41 202
41 211
41 220
41 229
41 238
41 247
41 256
41 265
42 94
42 103
42 112
42 121
42 130
42 139
42 148
42 157
42 166
42 175
42 184
42 193
42 202
42 211
42 220
42 229
42 238
42 247
42 256
42 265
43 94
43 103
43 112
43 121
43 130
43 139
43 148
43 157
43 166
43 175
43 184
43 193
43 202
43 211
43 220
43 229
43 238
43 247
43 256
43 265
44 94
44 103
44 112
44 121
44 130
44 139
44 148
44 157
44 166
44 175
44 184
44 193
44 202
44 211
44 220
44 229
44 238
44 247
44 256
44 265
45 95
45 104
45 113
45 122
45 131
45 140
45 149
45 158
45 167
45 176
45 185
45 194
45 203
45 212
45 221
45 230
45 239
45 248
45 257
45 266
46 95
46 104
46 113
46 122
46 131
46 140
46 149
46 158
46 167
46 176
46 185
46 194
46 203
46 212
46 221
46 230
46 239
46 248
46 257
46 266
47 95
47 104
47 113
47 122
47 131
47 140
47 149
47 158
47 167
47 176
47 185
47 194
47 203
47 212
47 221
47 230
47 239
47 248
47 257
47 266
48 95
48 104
48 113
48 122
48 131
48 140
48 149
48 158
48 167
48 176
48 185
48 194
48 203
48 212
48 221
48 230
48 239
48 248
48 257
48 266
49 95
49 104
49 113
49 122
49 131
49 140
49 149
49 158
49 167
49 176
49 185
49 194
49 203
49 212
49 221
49 230
49 239
49 248
49 257
49 266
50 95
50 104
50 113
50 122
50 131
50 140
50 149
50 158
50 167
50 176
50 185
50 194
50 203
50 212
50 221
50 230
50 239
50 248
50 257
50 266
51 95
51 104
51 113
51 122
51 131
51 140
51 149
51 158
51 167
51 176
51 185
51 194
51 203
51 212
51 221
51 230
51 239
51 248
51 257
51 266
52 95
52 104
52 113
52 122
52 131
52 140
52 149
52 158
52 167
52 176
52 185
52 194
52 203
52 212
52 221
52 230
52 239
52 248
52 257
52 266
53 95
53 104
53 113
53 122
53 131
53 140
53 149
53 158
53 167
53 176
53 185
53 194
53 203
53 212
53 221
53 230
53 239
53 248
53 257
53 266
54 96
54 105
54 114
54 123
54 132
54 141
54 150
54 159
54 168
54 177
54 186
54 195
54 204
54 213
54 222
54 231
54 240
54 249
54 258
54 267
55 96
55 105
55 114
55 123
55 132
55 141
55 150
55 159
55 168
55 177
55 186
55 195
55 204
55 213
55 222
55 231
55 240
55 249
55 258
55 267
56 96
56 105
56 114
56 123
56 132
56 141
56 150
56 159
56 168
56 177
56 186
56 195
56 204
56 213
56 222
56 231
56 240
56 249
56 258
56 267
57 96
57 105
57 114
57 123
57 132
57 141
57 150
57 159
57 168
57 177
57 186
57 195
57 204
57 213
57 222
57 231
57 240
57 249
57 258
57 267
58 96
58 105
58 114
58 123
58 132
58 141
58 150
58 159
58 168
58 177
58 186
58 195
58 204
58 213
58 222
58 231
58 240
58 249
58 258
58 267
59 96
59 105
59 114
59 123
59 132
59 141
59 150
59 159
59 168
59 177
59 186
59 195
59 204
59 213
59 222
59 231
59 240
59 249
59 258
59 267
60 96
60 105
60 114
60 123
60 132
60 141
60 150
60 159
60 168
60 177
60 186
60 195
60 204
60 213
60 222
60 231
60 240
60 249
60 258
60 267
61 96
61 105
61 114
61 123
61 132
61 141
61 150
61 159
61 168
61 177
61 186
61 195
61 204
61 213
61 222
61 231
61 240
61 249
61 258
61 267
62 96
62 105
62 114
62 123
62 132
62 141
62 150
62 159
62 168
62 177
62 186
62 195
62 204
62 213
62 222
62 231
62 240
62 249
62 258
62 267
63 97
63 106
63 115
63 124
63 133
63 142
63 151
63 160
63 169
63 178
63 187
63 196
63 205
63 214
63 223
63 232
63 241
63 250
63 259
63 268
64 97
64 106
64 115
64 124
64 133
64 142
64 151
64 160
64 169
64 178
64 187
64 196
64 205
64 214
64 223
64 232
64 241
64 250
64 259
64 268
65 97
65 106
65 115
65 124
65 133
65 142
65 151
65 160
65 169
65 178
65 187
65 196
65 205
65 214
65 223
65 232
65 241
65 250
65 259
65 268
66 97
66 106
66 115
66 124
66 133
66 142
66 151
66 160
66 169
66 178
66 187
66 196
66 205
66 214
66 223
66 232
66 241
66 250
66 259
66 268
67 97
67 106
67 115
67 124
67 133
67 142
67 151
67 160
67 169
67 178
67 187
67 196
67 205
67 214
67 223
67 232
67 241
67 250
67 259
67 268
68 97
68 106
68 115
68 124
68 133
68 142
68 151
68 160
68 169
68 178
68 187
68 196
68 205
68 214
68 223
68 232
68 241
68 250
68 259
68 268
69 97
69 106
69 115
69 124
69 133
69 142
69 151
69 160
69 169
69 178
69 187
69 196
69 205
69 214
69 223
69 232
69 241
69 250
69 259
69 268
70 97
70 106
70 115
70 124
70 133
70 142
70 151
70 160
70 169
70 178
70 187
70 196
70 205
70 214
70 223
70 232
70 241
70 250
70 259
70 268
71 97
71 106
71 115
71 124
71 133
71 142
71 151
71 160
71 169
71 178
71 187
71 196
71 205
71 214
71 223
71 232
71 241
71 250
71 259
71 268
72 98
72 107
72 116
72 125
72 134
72 143
72 152
72 161
72 170
72 179
72 188
72 197
72 206
72 215
72 224
72 233
72 242
72 251
72 260
72 269
73 98
73 107
73 116
73 125
73 134
73 143
73 152
73 161
73 170
73 179
73 188
73 197
73 206
73 215
73 224
73 233
73 242
73 251
73 260
73 269
74 98
74 107
74 116
74 125
74 134
74 143
74 152
74 161
74 170
74 179
74 188
74 197
74 206
74 215
74 224
74 233
74 242
74 251
74 260
74 269
75 98
75 107
75 116
75 125
75 134
75 143
75 152
75 161
75 170
75 179
75 188
75 197
75 206
75 215
75 224
75 233
75 242
75 251
75 260
75 269
76 98
76 107
76 116
76 125
76 134
76 143
76 152
76 161
76 170
76 179
76 188
76 197
76 206
76 215
76 224
76 233
76 242
76 251
76 260
76 269
77 98
77 107
77 116
77 125
77 134
77 143
77 152
77 161
77 170
77 179
77 188
77 197
77 206
77 215
77 224
77 233
77 242
77 251
77 260
77 269
78 98
78 107
78 116
78 125
78 134
78 143
78 152
78 161
78 170
78 179
78 188
78 197
78 206
78 215
78 224
78 233
78 242
78 251
78 260
78 269
79 98
79 107
79 116
79 125
79 134
79 143
79 152
79 161
79 170
79 179
79 188
79 197
79 206
79 215
79 224
79 233
79 242
79 251
79 260
79 269
80 98
80 107
80 116
80 125
80 134
80 143
80 152
80 161
80 170
80 179
80 188
80 197
80 206
80 215
80 224
80 233
80 242
80 251
80 260
80 269
81 99
81 108
81 117
81 126
81 135
81 144
81 153
81 162
81 171
81 180
81 189
81 198
81 207
81 216
81 225
81 234
81 243
81 252
81 261
82 99
82 108
82 117
82 126
82 135
82 144
82 153
82 162
82 171
82 180
82 189
82 198
82 207
82 216
82 225
82 234
82 243
82 252
82 261
83 99
83 108
83 117
83 126
83 135
83 144
83 153
83 162
83 171
83 180
83 189
83 198
83 207
83 216
83 225
83 234
83 243
83 252
83 261
84 99
84 108
84 117
84 126
84 135
84 144
84 153
84 162
84 171
84 180
84 189
84 198
84 207
84 216
84 225
84 234
84 243
84 252
84 261
85 99
85 108
85 117
85 126
85 135
85 144
85 153
85 162
85 171
85 180
85 189
85 198
85 207
85 216
85 225
85 234
85 243
85 252
85 261
86 99
86 108
86 117
86 126
86 135
86 144
86 153
86 162
86 171
86 180
86 189
86 198
86 207
86 216
86 225
86 234
86 243
86 252
86 261
87 99
87 108
87 117
87 126
87 135
87 144
87 153
87 162
87 171
87 180
87 189
87 198
87 207
87 216
87 225
87 234
87 243
87 252
87 261
88 99
88 108
88 117
88 126
88 135
88 144
88 153
88 162
88 171
88 180
88 189
88 198
88 207
88 216
88 225
88 234
88 243
88 252
88 261
89 99
89 108
89 117
89 126
89 135
89 144
89 153
89 162
89 171
89 180
89 189
89 198
89 207
89 216
89 225
89 234
89 243
89 252
89 261
90 270
90 271
90 272
90 273
90 274
90 275
90 276
90 277
90 278
91 270
91 271
91 272
91 273
91 274
91 275
91 276
91 277
91 278
92 270
92 271
92 272
92 273
92 274
92 275
92 276
92 277
92 278
93 270
93 271
93 272
93 273
93 274
93 275
93 276
93 277
93 278
94 270
94 271
94 272
94 273
94 274
94 275
94 276
94 277
94 278
95 270
95 271
95 272
95 273
95 274
95 275
95 276
95 277
95 278
96 270
96 271
96 272
96 273
96 274
96 275
96 276
96 277
96 278
97 270
97 271
97 272
97 273
97 274
97 275
97 276
97 277
97 278
98 270
98 271
98 272
98 273
98 274
98 275
98 276
98 277
98 278
99 279
99 280
99 281
99 282
99 283
99 284
99 285
99 286
99 287
100 279
100 280
100 281
100 282
100 283
100 284
100 285
100 286
100 287
101 279
101 280
101 281
101 282
101 283
101 284
101 285
101 286
101 287
102 279
102 280
102 281
102 282
102 283
102 284
102 285
102 286
102 287
103 279
103 280
103 281
103 282
103 283
103 284
103 285
103 286
103 287
104 279
104 280
104 281
104 282
104 283
104 284
104 285
104 286
104 287
105 279
105 280
105 281
105 282
105 283
105 284
105 285
105 286
105 287
106 279
106 280
106 281
106 282
106 283
106 284
106 285
106 286
106 287
107 279
107 280
107 281
107 282
107 283
107 284
107 285
107 286
107 287
108 288
108 289
108 290
108 291
108 292
108 293
108 294
108 295
108 296
109 288
109 289
109 290
109 291
109 292
109 293
109 294
109 295
109 296
110 288
110 289
110 290
110 291
110 292
110 293
110 294
110 295
110 296
111 288
111 289
111 290
111 291
111 292
111 293
111 294
111 295
111 296
112 288
112 289
112 290
112 291
112 292
112 293
112 294
112 295
112 296
113 288
113 289
113 290
113 291
113 292
113 293
113 294
113 295
113 296
114 288
114 289
114 290
114 291
114 292
114 293
114 294
114 295
114 296
115 288
115 289
115 290
115 291
115 292
115 293
115 294
115 295
115 296
116 288
116 289
116 290
116 291
116 292
116 293
116 294
116 295
116 296
117 297
117 298
117 299
117 300
117 301
117 302
117 303
117 304
117 305
118 297
118 298
118 299
118 300
118 301
118 302
118 303
118 304
118 305
119 297
119 298
119 299
119 300
119 301
119 302
119 303
119 304
119 305
120 297
120 298
120 299
120 300
120 301
120 302
120 303
120 304
120 305
121 297
121 298
121 299
121 300
121 301
121 302
121 303
121 304
121 305
122 297
122 298
122 299
122 300
122 301
122 302
122 303
122 304
122 305
123 297
123 298
123 299
123 300
123 301
123 302
123 303
123 304
123 305
124 297
124 298
124 299
124 300
124 301
124 302
124 303
124 304
124 305
125 297
125 298
125 299
125 300
125 301
125 302
125 303
125 304
125 305
126 306
126 307
126 308
126 309
126 310
126 311
126 312
126 313
126 314
127 306
127 307
127 308
127 309
127 310
127 311
127 312
127 313
127 314
128 306
128 307
128 308
128 309
128 310
128 311
128 312
128 313
128 314
129 306
129 307
129 308
129 309
129 310
129 311
129 312
129 313
129 314
130 306
130 307
130 308
130 309
130 310
130 311
130 312
130 313
130 314
131 306
131 307
131 308
131 309
131 310
131 311
131 312
131 313
131 314
132 306
132 307
132 308
132 309
132 310
132 311
132 312
132 313
132 314
133 306
133 307
133 308
133 309
133 310
133 311
133 312
133 313
133 314
134 306
134 307
134 308
134 309
134 310
134 311
134 312
134 313
134 314
135 315
135 316
135 317
135 318
135 319
135 320
135 321
135 322
135 323
136 315
136 316
136 317
136 318
136 319
136 320
136 321
136 322
136 323
137 315
137 316
137 317
137 318
137 319
137 320
137 321
137 322
137 323
138 315
138 316
138 317
138 318
138 319
138 320
138 321
138 322
138 323
139 315
139 316
139 317
139 318
139 319
139 320
139 321
139 322
139 323
140 315
140 316
140 317
140 318
140 319
140 320
140 321
140 322
140 323
141 315
141 316
141 317
141 318
141 319
141 320
141 321
141 322
141 323
142 315
142 316
142 317
142 318
142 319
142 320
142 321
142 322
142 323
143 315
143 316
143 317
143 318
143 319
143 320
143 321
143 322
143 323
144 324
144 325
144 326
144 327
144 328
144 329
144 330
144 331
144 332
145 324
145 325
145 326
145 327
145 328
145 329
145 330
145 331
145 332
146 324
146 325
146 326
146 327
146 328
146 329
146 330
146 331
146 332
147 324
147 325
147 326
147 327
147 328
147 329
147 330
147 331
147 332
148 324
148 325
148 326
148 327
148 328
148 329
148 330
148 331
148 332
149 324
149 325
149 326
149 327
149 328
149 329
149 330
149 331
149 332
150 324
150 325
150 326
150 327
150 328
150 329
150 330
150 331
150 332
151 324
151 325
151 326
151 327
151 328
151 329
151 330
151 331
151 332
152 324
152 325
152 326
152 327
152 328
152 329
152 330
152 331
152 332
153 333
153 334
153 335
153 336
153 337
153 338
153 339
153 340
153 341
154 333
154 334
154 335
154 336
154 337
154 338
154 339
154 340
154 341
155 333
155 334
155 335
155 336
155 337
155 338
155 339
155 340
155 341
156 333
156 334
156 335
156 336
156 337
156 338
156 339
156 340
156 341
157 333
157 334
157 335
157 336
157 337
157 338
157 339
157 340
157 341
158 333
158 334
158 335
158 336
158 337
158 338
158 339
158 340
158 341
159 333
159 334
159 335
159 336
159 337
159 338
159 339
159 340
159 341
160 333
160 334
160 335
160 336
160 337
160 338
160 339
160 340
160 341
161 333
161 334
161 335
161 336
161 337
161 338
161 339
161 340
161 341
162 342
162 343
162 344
162 345
162 346
162 347
162 348
162 349
162 350
163 342
163 343
163 344
163 345
163 346
163 347
163 348
163 349
163 350
164 342
164 343
164 344
164 345
164 346
164 347
164 348
164 349
164 350
165 342
165 343
165 344
165 345
165 346
165 347
165 348
165 349
165 350
166 342
166 343
166 344
166 345
166 346
166 347
166 348
166 349
166 350
167 342
167 343
167 344
167 345
167 346
167 347
167 348
167 349
167 350
168 342
168 343
168 344
168 345
168 346
168 347
168 348
168 349
168 350
169 342
169 343
169 344
169 345
169 346
169 347
169 348
169 349
169 350
170 342
170 343
170 344
170 345
170 346
170 347
170 348
170 349
170 350
171 351
171 352
171 353
171 354
171 355
171 356
171 357
171 358
171 359
172 351
172 352
172 353
172 354
172 355
172 356
172 357
172 358
172 359
173 351
173 352
173 353
173 354
173 355
173 356
173 357
173 358
173 359
174 351
174 352
174 353
174 354
174 355
174 356
174 357
174 358
174 359
175 351
175 352
175 353
175 354
175 355
175 356
175 357
175 358
175 359
176 351
176 352
176 353
176 354
176 355
176 356
176 357
176 358
176 359
177 351
177 352
177 353
177 354
177 355
177 356
177 357
177 358
177 359
178 351
178 352
178 353
178 354
178 355
178 356
178 357
178 358
178 359
179 351
179 352
179 353
179 354
179 355
179 356
179 357
179 358
179 359
180 360
180 361
180 362
180 363
180 364
180 365
180 366
180 367
180 368
181 360
181 361
181 362
181 363
181 364
181 365
181 366
181 367
181 368
182 360
182 361
182 362
182 363
182 364
182 365
182 366
182 367
182 368
183 360
183 361
183 362
183 363
183 364
183 365
183 366
183 367
183 368
184 360
184 361
184 362
184 363
184 364
184 365
184 366
184 367
184 368
185 360
185 361
185 362
185 363
185 364
185 365
185 366
185 367
185 368
186 360
186 361
186 362
186 363
186 364
186 365
186 366
186 367
186 368
187 360
187 361
187 362
187 363
187 364
187 365
187 366
187 367
187 368
188 360
188 361
188 362
188 363
188 364
188 365
188 366
188 367
188 368
189 369
189 370
189 371
189 372
189 373
189 374
189 375
189 376
189 377
190 369
190 370
190 371
190 372
190 373
190 374
190 375
190 376
190 377
191 369
191 370
191 371
191 372
191 373
191 374
191 375
191 376
191 377
192 369
192 370
192 371
192 372
192 373
192 374
192 375
192 376
192 377
193 369
193 370
193 371
193 372
193 373
193 374
193 375
193 376
193 377
194 369
194 370
194 371
194 372
194 373
194 374
194 375
194 376
194 377
195 369
195 370
195 371
195 372
195 373
195 374
195 375
195 376
195 377
196 369
196 370
196 371
196 372
196 373
196 374
196 375
196 376
196 377
197 369
197 370
197 371
197 372
197 373
197 374
197 375
197 376
197 377
198 378
198 379
198 380
198 381
198 382
198 383
198 384
198 385
198 386
199 378
199 379
199 380
199 381
199 382
199 383
199 384
199 385
199 386
200 378
200 379
200 380
200 381
200 382
200 383
200 384
200 385
200 386
201 378
201 379
201 380
201 381
201 382
201 383
201 384
201 385
201 386
202 378
202 379
202 380
202 381
202 382
202 383
202 384
202 385
202 386
203 378
203 379
203 380
203 381
203 382
203 383
203 384
203 385
203 386
204 378
204 379
204 380
204 381
204 382
204 383
204 384
204 385
204 386
205 378
205 379
205 380
205 381
205 382
205 383
205 384
205 385
205 386
206 378
206 379
206 380
206 381
206 382
206 383
206 384
206 385
206 386
207 387
207 388
207 389
207 390
207 391
207 392
207 393
207 394
207 395
208 387
208 388
208 389
208 390
208 391
208 392
208 393
208 394
208 395
209 387
209 388
209 389
209 390
209 391
209 392
209 393
209 394
209 395
210 387
210 388
210 389
210 390
210 391
210 392
210 393
210 394
210 395
211 387
211 388
211 389
211 390
211 391
211 392
211 393
211 394
211 395
212 387
212 388
212 389
212 390
212 391
212 392
212 393
212 394
212 395
213 387
213 388
213 389
213 390
213 391
213 392
213 393
213 394
213 395
214 387
214 388
214 389
214 390
214 391
214 392
214 393
214 394
214 395
215 387
215 388
215 389
215 390
215 391
215 392
215 393
215 394
215 395
216 396
216 397
216 398
216 399
216 400
216 401
216 402
216 403
216 404
217 396
217 397
217 398
217 399
217 400
217 401
217 402
217 403
217 404
218 396
218 397
218 398
218 399
218 400
218 401
218 402
218 403
218 404
219 396
219 397
219 398
219 399
219 400
219 401
219 402
219 403
219 404
220 396
220 397
220 398
220 399
220 400
220 401
220 402
220 403
220 404
221 396
221 397
221 398
221 399
221 400
221 401
221 402
221 403
221 404
222 396
222 397
222 398
222 399
222 400
222 401
222 402
222 403
222 404
223 396
223 397
223 398
223 399
223 400
223 401
223 402
223 403
223 404
224 396
224 397
224 398
224 399
224 400
224 401
224 402
224 403
224 404
225 405
225 406
225 407
225 408
225 409
225 410
225 411
225 412
225 413
226 405
226 406
226 407
226 408
226 409
226 410
226 411
226 412
226 413
227 405
227 406
227 407
227 408
227 409
227 410
227 411
227 412
227 413
228 405
228 406
228 407
228 408
228 409
228 410
228 411
228 412
228 413
229 405
229 406
229 407
229 408
229 409
229 410
229 411
229 412
229 413
230 405
230 406
230 407
230 408
230 409
230 410
230 411
230 412
230 413
231 405
231 406
231 407
231 408
231 409
231 410
231 411
231 412
231 413
232 405
232 406
232 407
232 408
232 409
232 410
232 411
232 412
232 413
233 405
233 406
233 407
233 408
233 409
233 410
233 411
233 412
233 413
234 414
234 415
234 416
234 417
234 418
234 419
234 420
234 421
234 422
235 414
235 415
235 416
235 417
235 418
235 419
235 420
235 421
235 422
236 414
236 415
236 416
236 417
236 418
236 419
236 420
236 421
236 422
237 414
237 415
237 416
237 417
237 418
237 419
237 420
237 421
237 422
238 414
238 415
238 416
238 417
238 418
238 419
238 420
238 421
238 422
239 414
239 415
239 416
239 417
239 418
239 419
239 420
239 421
239 422
240 414
240 415
240 416
240 417
240 418
240 419
240 420
240 421
240 422
241 414
241 415
241 416
241 417
241 418
241 419
241 420
241 421
241 422
242 414
242 415
242 416
242 417
242 418
242 419
242 420
242 421
242 422
243 423
243 424
243 425
243 426
243 427
243 428
243 429
243 430
243 431
244 423
244 424
244 425
244 426
244 427
244 428
244 429
244 430
244 431
245 423
245 424
245 425
245 426
245 427
245 428
245 429
245 430
245 431
246 423
246 424
246 425
246 426
246 427
246 428
246 429
246 430
246 431
247 423
247 424
247 425
247 426
247 427
247 428
247 429
247 430
247 431
248 423
248 424
248 425
248 426
248 427
248 428
248 429
248 430
248 431
249 423
249 424
249 425
249 426
249 427
249 428
249 429
249 430
249 431
250 423
250 424
250 425
250 426
250 427
250 428
250 429
250 430
250 431
251 423
251 424
251 425
251 426
251 427
251 428
251 429
251 430
251 431
252 432
252 433
252 434
252 435
252 436
252 437
252 438
252 439
252 440
253 432
253 433
253 434
253 435
253 436
253 437
253 438
253 439
253 440
254 432
254 433
254 434
254 435
254 436
254 437
254 438
254 439
254 440
255 432
255 433
255 434
255 435
255 436
255 437
255 438
255 439
255 440
256 432
256 433
256 434
256 435
256 436
256 437
256 438
256 439
256 440
257 432
257 433
257 434
257 435
257 436
257 437
257 438
257 439
257 440
258 432
258 433
258 434
258 435
258 436
258 437
258 438
258 439
258 440
259 432
259 433
259 434
259 435
259 436
259 437
259 438
259 439
259 440
260 432
260 433
260 434
260 435
260 436
260 437
260 438
260 439
260 440
261 441
261 442
261 443
261 444
261 445
261 446
261 447
261 448
261 449
262 441
262 442
262 443
262 444
262 445
262 446
262 447
262 448
262 449
263 441
263 442
263 443
263 444
263 445
263 446
263 447
263 448
263 449
264 441
264 442
264 443
264 444
264 445
264 446
264 447
264 448
264 449
265 441
265 442
265 443
265 444
265 445
265 446
265 447
265 448
265 449
266 441
266 442
266 443
266 444
266 445
266 446
266 447
266 448
266 449
267 441
267 442
267 443
267 444
267 445
267 446
267 447
267 448
267 449
268 441
268 442
268 443
268 444
268 445
268 446
268 447
268 448
268 449
269 441
269 442
269 443
269 444
269 445
269 446
269 447
269 448
269 449
270 450
270 451
270 452
270 453
270 454
270 455
270 456
270 457
270 458
271 459
271 460
271 461
271 462
271 463
271 464
271 465
271 466
271 467
272 468
272 469
272 470
272 471
272 472
272 473
272 474
272 475
272 476
273 477
273 478
273 479
273 480
273 481
273 482
273 483
273 484
273 485
274 486
274 487
274 488
274 489
274 490
274 491
274 492
274 493
274 494
275 495
275 496
275 497
275 498
275 499
275 500
275 501
275 502
275 503
276 504
276 505
276 506
276 507
276 508
276 509
276 510
276 511
276 512
277 513
277 514
277 515
277 516
277 517
277 518
277 519
277 520
277 521
278 522
278 523
278 524
278 525
278 526
278 527
278 528
278 529
278 530
279 531
279 532
279 533
279 534
279 535
279 536
279 537
279 538
279 539
280 540
280 541
280 542
280 543
280 544
280 545
280 546
280 547
280 548
281 549
281 550
281 551
281 552
281 553
281 554
281 555
281 556
281 557
282 558
282 559
282 560
282 561
282 562
282 563
282 564
282 565
282 566
283 567
283 568
283 569
283 570
283 571
283 572
283 573
283 574
283 575
284 576
284 577
284 578
284 579
284 580
284 581
284 582
284 583
284 584
285 585
285 586
285 587
285 588
285 589
285 590
285 591
285 592
285 593
286 594
286 595
286 596
286 597
286 598
286 599
286 600
286 601
286 602
287 603
287 604
287 605
287 606
287 607
287 608
287 609
287 610
287 611
288 612
288 613
288 614
288 615
288 616
288 617
288 618
288 619
288 620
289 621
289 622
289 623
289 624
289 625
289 626
289 627
289 628
289 629
290 630
290 631
290 632
290 633
290 634
290 635
290 636
290 637
290 638
291 639
291 640
291 641
291 642
291 643
291 644
291 645
291 646
291 647
292 648
292 649
292 650
292 651
292 652
292 653
292 654
292 655
292 656
293 657
293 658
293 659
293 660
293 661
293 662
293 663
293 664
293 665
294 666
294 667
294 668
294 669
294 670
294 671
294 672
294 673
294 674
295 675
295 676
295 677
295 678
295 679
295 680
295 681
295 682
295 683
296 684
296 685
296 686
296 687
296 688
296 689
296 690
296 691
296 692
297 693
297 694
297 695
297 696
297 697
297 698
297 699
297 700
297 701
298 702
298 703
298 704
298 705
298 706
298 707
298 708
298 709
298 710
299 711
299 712
299 713
299 714
299 715
299 716
299 717
299 718
299 719
300 720
300 721
300 722
300 723
300 724
300 725
300 726
300 727
300 728
301 729
301 730
301 731
301 732
301 733
301 734
301 735
301 736
301 737
302 738
302 739
302 740
302 741
302 742
302 743
302 744
302 745
302 746
303 747
303 748
303 749
303 750
303 751
303 752
303 753
303 754
303 755
304 756
304 757
304 758
304 759
304 760
304 761
304 762
304 763
304 764
305 765
305 766
305 767
305 768
305 769
305 770
305 771
305 772
305 773
306 774
306 775
306 776
306 777
306 778
306 779
306 780
306 781
306 782
307 783
307 784
307 785
307 786
307 787
307 788
307 789
307 790
307 791
308 792
308 793
308 794
308 795
308 796
308 797
308 798
308 799
308 800
309 801
309 802
309 803
309 804
309 805
309 806
309 807
309 808
309 809
310 810
310 811
310 812
310 813
310 814
310 815
310 816
310 817
310 818
311 819
311 820
311 821
311 822
311 823
311 824
311 825
311 826
311 827
312 828
312 829
312 830
312 831
312 832
312 833
312 834
312 835
312 836
313 837
313 838
313 839
313 840
313 841
313 842
313 843
313 844
313 845
314 846
314 847
314 848
314 849
314 850
314 851
314 852
314 853
314 854
315 855
315 856
315 857
315 858
315 859
315 860
315 861
315 862
315 863
316 864
316 865
316 866
316 867
316 868
316 869
316 870
316 871
316 872
317 873
317 874
317 875
317 876
317 877
317 878
317 879
317 880
317 881
318 882
318 883
318 884
318 885
318 886
318 887
318 888
318 889
318 890
319 891
319 892
319 893
319 894
319 895
319 896
319 897
319 898
319 899
320 900
320 901
320 902
320 903
320 904
320 905
320 906
320 907
320 908
321 909
321 910
321 911
321 912
321 913
321 914
321 915
321 916
321 917
322 918
322 919
322 920
322 921
322 922
322 923
322 924
322 925
322 926
323 927
323 928
323 929
323 930
323 931
323 932
323 933
323 934
323 935
324 936
324 937
324 938
324 939
324 940
324 941
324 942
324 943
324 944
325 945
325 946
325 947
325 948
325 949
325 950
325 951
325 952
325 953
326 954
326 955
326 956
326 957
326 958
326 959
326 960
326 961
326 962
327 963
327 964
327 965
327 966
327 967
327 968
327 969
327 970
327 971
328 972
328 973
328 974
328 975
328 976
328 977
328 978
328 979
328 980
329 981
329 982
329 983
329 984
329 985
329 986
329 987
329 988
329 989
330 990
330 991
330 992
330 993
330 994
330 995
330 996
330 997
330 998
331 999
331 1000
331 1001
331 1002
331 1003
331 1004
331 1005
331 1006
331 1007
332 1008
332 1009
332 1010
332 1011
332 1012
332 1013
332 1014
332 1015
332 1016
333 1017
333 1018
333 1019
333 1020
333 1021
333 1022
333 1023
333 1024
333 1025
334 1026
334 1027
334 1028
334 1029
334 1030
334 1031
334 1032
334 1033
334 1034
335 1035
335 1036
335 1037
335 1038
335 1039
335 1040
335 1041
335 1042
335 1043
336 1044
336 1045
336 1046
336 1047
336 1048
336 1049
336 1050
336 1051
336 1052
337 1053
337 1054
337 1055
337 1056
337 1057
337 1058
337 1059
337 1060
337 1061
338 1062
338 1063
338 1064
338 1065
338 1066
338 1067
338 1068
338 1069
338 1070
339 1071
339 1072
339 1073
339 1074
339 1075
339 1076
339 1077
339 1078
339 1079
340 1080
340 1081
340 1082
340 1083
340 1084
340 1085
340 1086
340 1087
340 1088
341 1089
341 1090
341 1091
341 1092
341 1093
341 1094
341 1095
341 1096
341 1097
342 1098
342 1099
342 1100
342 1101
342 1102
342 1103
342 1104
342 1105
342 1106
343 1107
343 1108
343 1109
343 1110
343 1111
343 1112
343 1113
343 1114
343 1115
344 1116
344 1117
344 1118
344 1119
344 1120
344 1121
344 1122
344 1123
344 1124
345 1125
345 1126
345 1127
345 1128
345 1129
345 1130
345 1131
345 1132
345 1133
346 1134
346 1135
346 1136
346 1137
346 1138
346 1139
346 1140
346 1141
346 1142
347 1143
347 1144
347 1145
347 1146
347 1147
347 1148
347 1149
347 1150
347 1151
348 1152
348 1153
348 1154
348 1155
348 1156
348 1157
348 1158
348 1159
348 1160
349 1161
349 1162
349 1163
349 1164
349 1165
349 1166
349 1167
349 1168
349 1169
350 1170
350 1171
350 1172
350 1173
350 1174
350 1175
350 1176
350 1177
350 1178
351 1179
351 1180
351 1181
351 1182
351 1183
351 1184
351 1185
351 1186
351 1187
352 1188
352 1189
352 1190
352 1191
352 1192
352 1193
352 1194
352 1195
352 1196
353 1197
353 1198
353 1199
353 1200
353 1201
353 1202
353 1203
353 1204
353 1205
354 1206
354 1207
354 1208
354 1209
354 1210
354 1211
354 1212
354 1213
354 1214
355 1215
355 1216
355 1217
355 1218
355 1219
355 1220
355 1221
355 1222
355 1223
356 1224
356 1225
356 1226
356 1227
356 1228
356 1229
356 1230
356 1231
356 1232
357 1233
357 1234
357 1235
357 1236
357 1237
357 1238
357 1239
357 1240
357 1241
358 1242
358 1243
358 1244
358 1245
358 1246
358 1247
358 1248
358 1249
358 1250
359 1251
359 1252
359 1253
359 1254
359 1255
359 1256
359 1257
359 1258
359 1259
360 1260
360 1261
360 1262
360 1263
360 1264
360 1265
360 1266
360 1267
360 1268
361 1269
361 1270
361 1271
361 1272
361 1273
361 1274
361 1275
361 1276
361 1277
362 1278
362 1279
362 1280
362 1281
362 1282
362 1283
362 1284
362 1285
362 1286
363 1287
363 1288
363 1289
363 1290
363 1291
363 1292
363 1293
363 1294
363 1295
364 1296
364 1297
364 1298
364 1299
364 1300
364 1301
364 1302
364 1303
364 1304
365 1305
365 1306
365 1307
365 1308
365 1309
365 1310
365 1311
365 1312
365 1313
366 1314
366 1315
366 1316
366 1317
366 1318
366 1319
366 1320
366 1321
366 1322
367 1323
367 1324
367 1325
367 1326
367 1327
367 1328
367 1329
367 1330
367 1331
368 1332
368 1333
368 1334
368 1335
368 1336
368 1337
368 1338
368 1339
368 1340
369 1341
369 1342
369 1343
369 1344
369 1345
369 1346
369 1347
369 1348
369 1349
370 1350
370 1351
370 1352
370 1353
370 1354
370 1355
370 1356
370 1357
370 1358
371 1359
371 1360
371 1361
371 1362
371 1363
371 1364
371 1365
371 1366
371 1367
372 1368
372 1369
372 1370
372 1371
372 1372
372 1373
372 1374
372 1375
372 1376
373 1377
373 1378
373 1379
373 1380
373 1381
373 1382
373 1383
373 1384
373 1385
374 1386
374 1387
374 1388
374 1389
374 1390
374 1391
374 1392
374 1393
374 1394
375 1395
375 1396
375 1397
375 1398
375 1399
375 1400
375 1401
375 1402
375 1403
376 1404
376 1405
376 1406
376 1407
376 1408
376 1409
376 1410
376 1411
376 1412
377 1413
377 1414
377 1415
377 1416
377 1417
377 1418
377 1419
377 1420
377 1421
378 1422
378 1423
378 1424
378 1425
378 1426
378 1427
378 1428
378 1429
378 1430
379 1431
379 1432
379 1433
379 1434
379 1435
379 1436
379 1437
379 1438
379 1439
380 1440
380 1441
380 1442
380 1443
380 1444
380 1445
380 1446
380 1447
380 1448
381 1449
381 1450
381 1451
381 1452
381 1453
381 1454
381 1455
381 1456
381 1457
382 1458
382 1459
382 1460
382 1461
382 1462
382 1463
382 1464
382 1465
382 1466
383 1467
383 1468
383 1469
383 1470
383 1471
383 1472
383 1473
383 1474
383 1475
384 1476
384 1477
384 1478
384 1479
384 1480
384 1481
384 1482
384 1483
384 1484
385 1485
385 1486
385 1487
385 1488
385 1489
385 1490
385 1491
385 1492
385 1493
386 1494
386 1495
386 1496
386 1497
386 1498
386 1499
386 1500
386 1501
386 1502
387 1503
387 1504
387 1505
387 1506
387 1507
387 1508
387 1509
387 1510
387 1511
388 1512
388 1513
388 1514
388 1515
388 1516
388 1517
388 1518
388 1519
388 1520
389 1521
389 1522
389 1523
389 1524
389 1525
389 1526
389 1527
389 1528
389 1529
390 1530
390 1531
390 1532
390 1533
390 1534
390 1535
390 1536
390 1537
390 1538
391 1539
391 1540
391 1541
391 1542
391 1543
391 1544
391 1545
391 1546
391 1547
392 1548
392 1549
392 1550
392 1551
392 1552
392 1553
392 1554
392 1555
392 1556
393 1557
393 1558
393 1559
393 1560
393 1561
393 1562
393 1563
393 1564
393 1565
394 1566
394 1567
394 1568
394 1569
394 1570
394 1571
394 1572
394 1573
394 1574
395 1575
395 1576
395 1577
395 1578
395 1579
395 1580
395 1581
395 1582
395 1583
396 1584
396 1585
396 1586
396 1587
396 1588
396 1589
396 1590
396 1591
396 1592
397 1593
397 1594
397 1595
397 1596
397 1597
397 1598
397 1599
397 1600
397 1601
398 1602
398 1603
398 1604
398 1605
398 1606
398 1607
398 1608
398 1609
398 1610
399 1611
399 1612
399 1613
399 1614
399 1615
399 1616
399 1617
399 1618
399 1619
400 1620
400 1621
400 1622
400 1623
400 1624
400 1625
400 1626
400 1627
400 1628
401 1629
401 1630
401 1631
401 1632
401 1633
401 1634
401 1635
401 1636
401 1637
402 1638
402 1639
402 1640
402 1641
402 1642
402 1643
402 1644
402 1645
402 1646
403 1647
403 1648
403 1649
403 1650
403 1651
403 1652
403 1653
403 1654
403 1655
404 1656
404 1657
404 1658
404 1659
404 1660
404 1661
404 1662
404 1663
404 1664
405 1665
405 1666
405 1667
405 1668
405 1669
405 1670
405 1671
405 1672
405 1673
406 1674
406 1675
406 1676
406 1677
406 1678
406 1679
406 1680
406 1681
406 1682
407 1683
407 1684
407 1685
407 1686
407 1687
407 1688
407 1689
407 1690
407 1691
408 1692
408 1693
408 1694
408 1695
408 1696
408 1697
408 1698
408 1699
408 1700
409 1701
409 1702
409 1703
409 1704
409 1705
409 1706
409 1707
409 1708
409 1709
410 1710
410 1711
410 1712
410 1713
410 1714
410 1715
410 1716
410 1717
410 1718
411 1719
411 1720
411 1721
411 1722
411 1723
411 1724
411 1725
411 1726
411 1727
412 1728
412 1729
412 1730
412 1731
412 1732
412 1733
412 1734
412 1735
412 1736
413 1737
413 1738
413 1739
413 1740
413 1741
413 1742
413 1743
413 1744
413 1745
414 1746
414 1747
414 1748
414 1749
414 1750
414 1751
414 1752
414 1753
414 1754
415 1755
415 1756
415 1757
415 1758
415 1759
415 1760
415 1761
415 1762
415 1763
416 1764
416 1765
416 1766
416 1767
416 1768
416 1769
416 1770
416 1771
416 1772
417 1773
417 1774
417 1775
417 1776
417 1777
417 1778
417 1779
417 1780
417 1781
418 1782
418 1783
418 1784
418 1785
418 1786
418 1787
418 1788
418 1789
418 1790
419 1791
419 1792
419 1793
419 1794
419 1795
419 1796
419 1797
419 1798
419 1799
420 1800
420 1801
420 1802
420 1803
420 1804
420 1805
420 1806
420 1807
420 1808
421 1809
421 1810
421 1811
421 1812
421 1813
421 1814
421 1815
421 1816
421 1817
422 1818
422 1819
422 1820
422 1821
422 1822
422 1823
422 1824
422 1825
422 1826
423 1827
423 1828
423 1829
423 1830
423 1831
423 1832
423 1833
423 1834
423 1835
424 1836
424 1837
424 1838
424 1839
424 1840
424 1841
424 1842
424 1843
424 1844
425 1845
425 1846
425 1847
425 1848
425 1849
425 1850
425 1851
425 1852
425 1853
426 1854
426 1855
426 1856
426 1857
426 1858
426 1859
426 1860
426 1861
426 1862
427 1863
427 1864
427 1865
427 1866
427 1867
427 1868
427 1869
427 1870
427 1871
428 1872
428 1873
428 1874
428 1875
428 1876
428 1877
428 1878
428 1879
428 1880
429 1881
429 1882
429 1883
429 1884
429 1885
429 1886
429 1887
429 1888
429 1889
430 1890
430 1891
430 1892
430 1893
430 1894
430 1895
430 1896
430 1897
430 1898
431 1899
431 1900
431 1901
431 1902
431 1903
431 1904
431 1905
431 1906
431 1907
432 1908
432 1909
432 1910
432 1911
432 1912
432 1913
432 1914
432 1915
432 1916
433 1917
433 1918
433 1919
433 1920
433 1921
433 1922
433 1923
433 1924
433 1925
434 1926
434 1927
434 1928
434 1929
434 1930
434 1931
434 1932
434 1933
434 1934
435 1935
435 1936
435 1937
435 1938
435 1939
435 1940
435 1941
435 1942
435 1943
436 1944
436 1945
436 1946
436 1947
436 1948
436 1949
436 1950
436 1951
436 1952
437 1953
437 1954
437 1955
437 1956
437 1957
437 1958
437 1959
437 1960
437 1961
438 1962
438 1963
438 1964
438 1965
438 1966
438 1967
438 1968
438 1969
438 1970
439 1971
439 1972
439 1973
439 1974
439 1975
439 1976
439 1977
439 1978
439 1979
440 1980
440 1981
440 1982
440 1983
440 1984
440 1985
440 1986
440 1987
440 1988
441 1989
441 1990
441 1991
441 1992
441 1993
441 1994
441 1995
441 1996
441 1997
442 1998
442 1999
442 2000
442 2001
442 2002
442 2003
442 2004
442 2005
442 2006
443 2007
443 2008
443 2009
443 2010
443 2011
443 2012
443 2013
443 2014
443 2015
444 2016
444 2017
444 2018
444 2019
444 2020
444 2021
444 2022
444 2023
444 2024
445 2025
445 2026
445 2027
445 2028
445 2029
445 2030
445 2031
445 2032
445 2033
446 2034
446 2035
446 2036
446 2037
446 2038
446 2039
446 2040
446 2041
446 2042
447 2043
447 2044
447 2045
447 2046
447 2047
447 2048
447 2049
447 2050
447 2051
448 2052
448 2053
448 2054
448 2055
448 2056
448 2057
448 2058
448 2059
448 2060
449 2061
449 2062
449 2063
449 2064
449 2065
449 2066
449 2067
449 2068
449 2069
