0 20
0 24
0 28
0 32
0 36
0 40
0 44
0 48
0 52
0 56
1 20
1 24
1 28
1 32
1 36
1 40
1 44
1 48
1 52
1 56
2 20
2 24
2 28
2 32
2 36
2 40
2 44
2 48
2 52
2 56
3 20
3 24
3 28
3 32
3 36
3 40
3 44
3 48
3 52
3 56
4 21
4 25
4 29
4 33
4 37
4 41
4 45
4 49
4 53
4 57
5 21
5 25
5 29
5 33
5 37
5 41
5 45
5 49
5 53
5 57
6 21
6 25
6 29
6 33
6 37
6 41
6 45
6 49
6 53
6 57
7 21
7 25
7 29
7 33
7 37
7 41
7 45
7 49
7 53
7 57
8 22
8 26
8 30
8 34
8 38
8 42
8 46
8 50
8 54
8 58
9 22
9 26
9 30
9 34
9 38
9 42
9 46
9 50
9 54
9 58
10 22
10 26
10 30
10 34
10 38
10 42
10 46
10 50
10 54
10 58
11 22
11 26
11 30
11 34
11 38
11 42
11 46
11 50
11 54
11 58
12 23
12 27
12 31
12 35
12 39
12 43
12 47
12 51
12 55
12 59
13 23
13 27
13 31
13 35
13 39
13 43
13 47
13 51
13 55
13 59
14 23
14 27
14 31
14 35
14 39
14 43
14 47
14 51
14 55
14 59
15 23
15 27
15 31
15 35
15 39
15 43
15 47
15 51
15 55
15 59
16 24
16 28
16 32
16 36
16 40
16 44
16 48
16 52
16 56
17 24
17 28
17 32
17 36
17 40
17 44
17 48
17 52
17 56
18 24
18 28
18 32
18 36
18 40
18 44
18 48
18 52
18 56
19 24
19 28
19 32
19 36
19 40
19 44
19 48
19 52
19 56
20 60
20 61
20 62
20 63
21 60
21 61
21 62
21 63
22 60
22 61
22 62
22 63
23 60
23 61
23 62
23 63
24 64
24 65
24 66
24 67
25 64
25 65
25 66
25 67
26 64
26 65
26 66
26 67
27 64
27 65
27 66
27 67
28 68
28 69
28 70
28 71
29 68
29 69
29 70
29 71
30 68
30 69
30 70
30 71
31 68
31 69
31 70
31 71
32 72
32 73
32 74
32 75
33 72
33 73
33 74
33 75
34 72
34 73
34 74
34 75
35 72
35 73
35 74
35 75
36 76
36 77
36 78
36 79
37 76
37 77
37 78
37 79
38 76
38 77
38 78
38 79
39 76
39 77
39 78
39 79
40 80
40 81
40 82
40 83
41 80
41 81
41 82
41 83
42 80
42 81
42 82
42 83
43 80
43 81
43 82
43 83
44 84
44 85
44 86
44 87
45 84
45 85
45 86
45 87
46 84
46 85
46 86
46 87
47 84
47 85
47 86
47 87
48 88
48 89
48 90
48 91
49 88
49 89
49 90
49 91
50 88
50 89
50 90
50 91
51 88
51 89
51 90
51 91
52 92
52 93
52 94
52 95
53 92
53 93
53 94
53 95
54 92
54 93
54 94
54 95
55 92
55 93
55 94
55 95
56 96
56 97
56 98
56 99
57 96
57 97
57 98
57 99
58 96
58 97
58 98
58 99
59 96
59 97
59 98
59 99
60 100
60 101
60 102
60 103
61 104
61 105
61 106
61 107
62 108
62 109
62 110
62 111
63 112
63 113
63 114
63 115
64 116
64 117
64 118
64 119
65 120
65 121
65 122
65 123
66 124
66 125
66 126
66 127
67 128
67 129
67 130
67 131
68 132
68 133
68 134
68 135
69 136
69 137
69 138
69 139
70 140
70 141
70 142
70 143
71 144
71 145
71 146
71 147
72 148
72 149
72 150
72 151
73 152
73 153
73 154
73 155
74 156
74 157
74 158
74 159
75 160
75 161
75 162
75 163
76 164
76 165
76 166
76 167
77 168
77 169
77 170
77 171
78 172
78 173
78 174
78 175
79 176
79 177
79 178
79 179
80 180
80 181
80 182
80 183
81 184
81 185
81 186
81 187
82 188
82 189
82 190
82 191
83 192
83 193
83 194
83 195
84 196
84 197
84 198
84 199
85 200
85 201
85 202
85 203
86 204
86 205
86 206
86 207
87 208
87 209
87 210
87 211
88 212
88 213
88 214
88 215
89 216
89 217
89 218
89 219
90 220
90 221
90 222
90 223
91 224
91 225
91 226
91 227
92 228
92 229
92 230
92 231
93 232
93 233
93 234
93 235
94 236
94 237
94 238
94 239
95 240
95 241
95 242
95 243
96 244
96 245
96 246
96 247
97 248
97 249
97 250
97 251
98 252
98 253
98 254
98 255
99 256
99 257
99 258
99 259
