0 56
0 63
0 70
0 77
0 84
0 91
0 98
0 105
0 112
0 119
0 126
0 133
0 140
0 147
0 154
0 161
1 56
1 63
1 70
1 77
1 84
1 91
1 98
1 105
1 112
1 119
1 126
1 133
1 140
1 147
1 154
1 161
2 56
2 63
2 70
2 77
2 84
2 91
2 98
2 105
2 112
2 119
2 126
2 133
2 140
2 147
2 154
2 161
3 56
3 63
3 70
3 77
3 84
3 91
3 98
3 105
3 112
3 119
3 126
3 133
3 140
3 147
3 154
3 161
4 56
4 63
4 70
4 77
4 84
4 91
4 98
4 105
4 112
4 119
4 126
4 133
4 140
4 147
4 154
4 161
5 56
5 63
5 70
5 77
5 84
5 91
5 98
5 105
5 112
5 119
5 126
5 133
5 140
5 147
5 154
5 161
6 56
6 63
6 70
6 77
6 84
6 91
6 98
6 105
6 112
6 119
6 126
6 133
6 140
6 147
6 154
6 161
7 57
7 64
7 71
7 78
7 85
7 92
7 99
7 106
7 113
7 120
7 127
7 134
7 141
7 148
7 155
7 162
8 57
8 64
8 71
8 78
8 85
8 92
8 99
8 106
8 113
8 120
8 127
8 134
8 141
8 148
8 155
8 162
9 57
9 64
9 71
9 78
9 85
9 92
9 99
9 106
9 113
9 120
9 127
9 134
9 141
9 148
9 155
9 162
10 57
10 64
10 71
10 78
10 85
10 92
10 99
10 106
10 113
10 120
10 127
10 134
10 141
10 148
10 155
10 162
11 57
11 64
11 71
11 78
11 85
11 92
11 99
11 106
11 113
11 120
11 127
11 134
11 141
11 148
11 155
11 162
12 57
12 64
12 71
12 78
12 85
12 92
12 99
12 106
12 113
12 120
12 127
12 134
12 141
12 148
12 155
12 162
13 57
13 64
13 71
13 78
13 85
13 92
13 99
13 106
13 113
13 120
13 127
13 134
13 141
13 148
13 155
13 162
14 58
14 65
14 72
14 79
14 86
14 93
14 100
14 107
14 114
14 121
14 128
14 135
14 142
14 149
14 156
14 163
15 58
15 65
15 72
15 79
15 86
15 93
15 100
15 107
15 114
15 121
15 128
15 135
15 142
15 149
15 156
15 163
16 58
16 65
16 72
16 79
16 86
16 93
16 100
16 107
16 114
16 121
16 128
16 135
16 142
16 149
16 156
16 163
17 58
17 65
17 72
17 79
17 86
17 93
17 100
17 107
17 114
17 121
17 128
17 135
17 142
17 149
17 156
17 163
18 58
18 65
18 72
18 79
18 86
18 93
18 100
18 107
18 114
18 121
18 128
18 135
18 142
18 149
18 156
18 163
19 58
19 65
19 72
19 79
19 86
19 93
19 100
19 107
19 114
19 121
19 128
19 135
19 142
19 149
19 156
19 163
20 58
20 65
20 72
20 79
20 86
20 93
20 100
20 107
20 114
20 121
20 128
20 135
20 142
20 149
20 156
20 163
21 59
21 66
21 73
21 80
21 87
21 94
21 101
21 108
21 115
21 122
21 129
21 136
21 143
21 150
21 157
21 164
22 59
22 66
22 73
22 80
22 87
22 94
22 101
22 108
22 115
22 122
22 129
22 136
22 143
22 150
22 157
22 164
23 59
23 66
23 73
23 80
23 87
23 94
23 101
23 108
23 115
23 122
23 129
23 136
23 143
23 150
23 157
23 164
24 59
24 66
24 73
24 80
24 87
24 94
24 101
24 108
24 115
24 122
24 129
24 136
24 143
24 150
24 157
24 164
25 59
25 66
25 73
25 80
25 87
25 94
25 101
25 108
25 115
25 122
25 129
25 136
25 143
25 150
25 157
25 164
26 59
26 66
26 73
26 80
26 87
26 94
26 101
26 108
26 115
26 122
26 129
26 136
26 143
26 150
26 157
26 164
27 59
27 66
27 73
27 80
27 87
27 94
27 101
27 108
27 115
27 122
27 129
27 136
27 143
27 150
27 157
27 164
28 60
28 67
28 74
28 81
28 88
28 95
28 102
28 109
28 116
28 123
28 130
28 137
28 144
28 151
28 158
28 165
29 60
29 67
29 74
29 81
29 88
29 95
29 102
29 109
29 116
29 123
29 130
29 137
29 144
29 151
29 158
29 165
30 60
30 67
30 74
30 81
30 88
30 95
30 102
30 109
30 116
30 123
30 130
30 137
30 144
30 151
30 158
30 165
31 60
31 67
31 74
31 81
31 88
31 95
31 102
31 109
31 116
31 123
31 130
31 137
31 144
31 151
31 158
31 165
32 60
32 67
32 74
32 81
32 88
32 95
32 102
32 109
32 116
32 123
32 130
32 137
32 144
32 151
32 158
32 165
33 60
33 67
33 74
33 81
33 88
33 95
33 102
33 109
33 116
33 123
33 130
33 137
33 144
33 151
33 158
33 165
34 60
34 67
34 74
34 81
34 88
34 95
34 102
34 109
34 116
34 123
34 130
34 137
34 144
34 151
34 158
34 165
35 61
35 68
35 75
35 82
35 89
35 96
35 103
35 110
35 117
35 124
35 131
35 138
35 145
35 152
35 159
35 166
36 61
36 68
36 75
36 82
36 89
36 96
36 103
36 110
36 117
36 124
36 131
36 138
36 145
36 152
36 159
36 166
37 61
37 68
37 75
37 82
37 89
37 96
37 103
37 110
37 117
37 124
37 131
37 138
37 145
37 152
37 159
37 166
38 61
38 68
38 75
38 82
38 89
38 96
38 103
38 110
38 117
38 124
38 131
38 138
38 145
38 152
38 159
38 166
39 61
39 68
39 75
39 82
39 89
39 96
39 103
39 110
39 117
39 124
39 131
39 138
39 145
39 152
39 159
39 166
40 61
40 68
40 75
40 82
40 89
40 96
40 103
40 110
40 117
40 124
40 131
40 138
40 145
40 152
40 159
40 166
41 61
41 68
41 75
41 82
41 89
41 96
41 103
41 110
41 117
41 124
41 131
41 138
41 145
41 152
41 159
41 166
42 62
42 69
42 76
42 83
42 90
42 97
42 104
42 111
42 118
42 125
42 132
42 139
42 146
42 153
42 160
42 167
43 62
43 69
43 76
43 83
43 90
43 97
43 104
43 111
43 118
43 125
43 132
43 139
43 146
43 153
43 160
43 167
44 62
44 69
44 76
44 83
44 90
44 97
44 104
44 111
44 118
44 125
44 132
44 139
44 146
44 153
44 160
44 167
45 62
45 69
45 76
45 83
45 90
45 97
45 104
45 111
45 118
45 125
45 132
45 139
45 146
45 153
45 160
45 167
46 62
46 69
46 76
46 83
46 90
46 97
46 104
46 111
46 118
46 125
46 132
46 139
46 146
46 153
46 160
46 167
47 62
47 69
47 76
47 83
47 90
47 97
47 104
47 111
47 118
47 125
47 132
47 139
47 146
47 153
47 160
47 167
48 62
48 69
48 76
48 83
48 90
48 97
48 104
48 111
48 118
48 125
48 132
48 139
48 146
48 153
48 160
48 167
49 63
49 70
49 77
49 84
49 91
49 98
49 105
49 112
49 119
49 126
49 133
49 140
49 147
49 154
49 161
50 63
50 70
50 77
50 84
50 91
50 98
50 105
50 112
50 119
50 126
50 133
50 140
50 147
50 154
50 161
51 63
51 70
51 77
51 84
51 91
51 98
51 105
51 112
51 119
51 126
51 133
51 140
51 147
51 154
51 161
52 63
52 70
52 77
52 84
52 91
52 98
52 105
52 112
52 119
52 126
52 133
52 140
52 147
52 154
52 161
53 63
53 70
53 77
53 84
53 91
53 98
53 105
53 112
53 119
53 126
53 133
53 140
53 147
53 154
53 161
54 63
54 70
54 77
54 84
54 91
54 98
54 105
54 112
54 119
54 126
54 133
54 140
54 147
54 154
54 161
55 63
55 70
55 77
55 84
55 91
55 98
55 105
55 112
55 119
55 126
55 133
55 140
55 147
55 154
55 161
56 168
56 169
56 170
56 171
56 172
56 173
56 174
57 168
57 169
57 170
57 171
57 172
57 173
57 174
58 168
58 169
58 170
58 171
58 172
58 173
58 174
59 168
59 169
59 170
59 171
59 172
59 173
59 174
60 168
60 169
60 170
60 171
60 172
60 173
60 174
61 168
61 169
61 170
61 171
61 172
61 173
61 174
62 168
62 169
62 170
62 171
62 172
62 173
62 174
63 175
63 176
63 177
63 178
63 179
63 180
63 181
64 175
64 176
64 177
64 178
64 179
64 180
64 181
65 175
65 176
65 177
65 178
65 179
65 180
65 181
66 175
66 176
66 177
66 178
66 179
66 180
66 181
67 175
67 176
67 177
67 178
67 179
67 180
67 181
68 175
68 176
68 177
68 178
68 179
68 180
68 181
69 175
69 176
69 177
69 178
69 179
69 180
69 181
70 182
70 183
70 184
70 185
70 186
70 187
70 188
71 182
71 183
71 184
71 185
71 186
71 187
71 188
72 182
72 183
72 184
72 185
72 186
72 187
72 188
73 182
73 183
73 184
73 185
73 186
73 187
73 188
74 182
74 183
74 184
74 185
74 186
74 187
74 188
75 182
75 183
75 184
75 185
75 186
75 187
75 188
76 182
76 183
76 184
76 185
76 186
76 187
76 188
77 189
77 190
77 191
77 192
77 193
77 194
77 195
78 189
78 190
78 191
78 192
78 193
78 194
78 195
79 189
79 190
79 191
79 192
79 193
79 194
79 195
80 189
80 190
80 191
80 192
80 193
80 194
80 195
81 189
81 190
81 191
81 192
81 193
81 194
81 195
82 189
82 190
82 191
82 192
82 193
82 194
82 195
83 189
83 190
83 191
83 192
83 193
83 194
83 195
84 196
84 197
84 198
84 199
84 200
84 201
84 202
85 196
85 197
85 198
85 199
85 200
85 201
85 202
86 196
86 197
86 198
86 199
86 200
86 201
86 202
87 196
87 197
87 198
87 199
87 200
87 201
87 202
88 196
88 197
88 198
88 199
88 200
88 201
88 202
89 196
89 197
89 198
89 199
89 200
89 201
89 202
90 196
90 197
90 198
90 199
90 200
90 201
90 202
91 203
91 204
91 205
91 206
91 207
91 208
91 209
92 203
92 204
92 205
92 206
92 207
92 208
92 209
93 203
93 204
93 205
93 206
93 207
93 208
93 209
94 203
94 204
94 205
94 206
94 207
94 208
94 209
95 203
95 204
95 205
95 206
95 207
95 208
95 209
96 203
96 204
96 205
96 206
96 207
96 208
96 209
97 203
97 204
97 205
97 206
97 207
97 208
97 209
98 210
98 211
98 212
98 213
98 214
98 215
98 216
99 210
99 211
99 212
99 213
99 214
99 215
99 216
100 210
100 211
100 212
100 213
100 214
100 215
100 216
101 210
101 211
101 212
101 213
101 214
101 215
101 216
102 210
102 211
102 212
102 213
102 214
102 215
102 216
103 210
103 211
103 212
103 213
103 214
103 215
103 216
104 210
104 211
104 212
104 213
104 214
104 215
104 216
105 217
105 218
105 219
105 220
105 221
105 222
105 223
106 217
106 218
106 219
106 220
106 221
106 222
106 223
107 217
107 218
107 219
107 220
107 221
107 222
107 223
108 217
108 218
108 219
108 220
108 221
108 222
108 223
109 217
109 218
109 219
109 220
109 221
109 222
109 223
110 217
110 218
110 219
110 220
110 221
110 222
110 223
111 217
111 218
111 219
111 220
111 221
111 222
111 223
112 224
112 225
112 226
112 227
112 228
112 229
112 230
113 224
113 225
113 226
113 227
113 228
113 229
113 230
114 224
114 225
114 226
114 227
114 228
114 229
114 230
115 224
115 225
115 226
115 227
115 228
115 229
115 230
116 224
116 225
116 226
116 227
116 228
116 229
116 230
117 224
117 225
117 226
117 227
117 228
117 229
117 230
118 224
118 225
118 226
118 227
118 228
118 229
118 230
119 231
119 232
119 233
119 234
119 235
119 236
119 237
120 231
120 232
120 233
120 234
120 235
120 236
120 237
121 231
121 232
121 233
121 234
121 235
121 236
121 237
122 231
122 232
122 233
122 234
122 235
122 236
122 237
123 231
123 232
123 233
123 234
123 235
123 236
123 237
124 231
124 232
124 233
124 234
124 235
124 236
124 237
125 231
125 232
125 233
125 234
125 235
125 236
125 237
126 238
126 239
126 240
126 241
126 242
126 243
126 244
127 238
127 239
127 240
127 241
127 242
127 243
127 244
128 238
128 239
128 240
128 241
128 242
128 243
128 244
129 238
129 239
129 240
129 241
129 242
129 243
129 244
130 238
130 239
130 240
130 241
130 242
130 243
130 244
131 238
131 239
131 240
131 241
131 242
131 243
131 244
132 238
132 239
132 240
132 241
132 242
132 243
132 244
133 245
133 246
133 247
133 248
133 249
133 250
133 251
134 245
134 246
134 247
134 248
134 249
134 250
134 251
135 245
135 246
135 247
135 248
135 249
135 250
135 251
136 245
136 246
136 247
136 248
136 249
136 250
136 251
137 245
137 246
137 247
137 248
137 249
137 250
137 251
138 245
138 246
138 247
138 248
138 249
138 250
138 251
139 245
139 246
139 247
139 248
139 249
139 250
139 251
140 252
140 253
140 254
140 255
140 256
140 257
140 258
141 252
141 253
141 254
141 255
141 256
141 257
141 258
142 252
142 253
142 254
142 255
142 256
142 257
142 258
143 252
143 253
143 254
143 255
143 256
143 257
143 258
144 252
144 253
144 254
144 255
144 256
144 257
144 258
145 252
145 253
145 254
145 255
145 256
145 257
145 258
146 252
146 253
146 254
146 255
146 256
146 257
146 258
147 259
147 260
147 261
147 262
147 263
147 264
147 265
148 259
148 260
148 261
148 262
148 263
148 264
148 265
149 259
149 260
149 261
149 262
149 263
149 264
149 265
150 259
150 260
150 261
150 262
150 263
150 264
150 265
151 259
151 260
151 261
151 262
151 263
151 264
151 265
152 259
152 260
152 261
152 262
152 263
152 264
152 265
153 259
153 260
153 261
153 262
153 263
153 264
153 265
154 266
154 267
154 268
154 269
154 270
154 271
154 272
155 266
155 267
155 268
155 269
155 270
155 271
155 272
156 266
156 267
156 268
156 269
156 270
156 271
156 272
157 266
157 267
157 268
157 269
157 270
157 271
157 272
158 266
158 267
158 268
158 269
158 270
158 271
158 272
159 266
159 267
159 268
159 269
159 270
159 271
159 272
160 266
160 267
160 268
160 269
160 270
160 271
160 272
161 273
161 274
161 275
161 276
161 277
161 278
161 279
162 273
162 274
162 275
162 276
162 277
162 278
162 279
163 273
163 274
163 275
163 276
163 277
163 278
163 279
164 273
164 274
164 275
164 276
164 277
164 278
164 279
165 273
165 274
165 275
165 276
165 277
165 278
165 279
166 273
166 274
166 275
166 276
166 277
166 278
166 279
167 273
167 274
167 275
167 276
167 277
167 278
167 279
168 280
168 281
168 282
168 283
168 284
168 285
168 286
169 287
169 288
169 289
169 290
169 291
169 292
169 293
170 294
170 295
170 296
170 297
170 298
170 299
170 300
171 301
171 302
171 303
171 304
171 305
171 306
171 307
172 308
172 309
172 310
172 311
172 312
172 313
172 314
173 315
173 316
173 317
173 318
173 319
173 320
173 321
174 322
174 323
174 324
174 325
174 326
174 327
174 328
175 329
175 330
175 331
175 332
175 333
175 334
175 335
176 336
176 337
176 338
176 339
176 340
176 341
176 342
177 343
177 344
177 345
177 346
177 347
177 348
177 349
178 350
178 351
178 352
178 353
178 354
178 355
178 356
179 357
179 358
179 359
179 360
179 361
179 362
179 363
180 364
180 365
180 366
180 367
180 368
180 369
180 370
181 371
181 372
181 373
181 374
181 375
181 376
181 377
182 378
182 379
182 380
182 381
182 382
182 383
182 384
183 385
183 386
183 387
183 388
183 389
183 390
183 391
184 392
184 393
184 394
184 395
184 396
184 397
184 398
185 399
185 400
185 401
185 402
185 403
185 404
185 405
186 406
186 407
186 408
186 409
186 410
186 411
186 412
187 413
187 414
187 415
187 416
187 417
187 418
187 419
188 420
188 421
188 422
188 423
188 424
188 425
188 426
189 427
189 428
189 429
189 430
189 431
189 432
189 433
190 434
190 435
190 436
190 437
190 438
190 439
190 440
191 441
191 442
191 443
191 444
191 445
191 446
191 447
192 448
192 449
192 450
192 451
192 452
192 453
192 454
193 455
193 456
193 457
193 458
193 459
193 460
193 461
194 462
194 463
194 464
194 465
194 466
194 467
194 468
195 469
195 470
195 471
195 472
195 473
195 474
195 475
196 476
196 477
196 478
196 479
196 480
196 481
196 482
197 483
197 484
197 485
197 486
197 487
197 488
197 489
198 490
198 491
198 492
198 493
198 494
198 495
198 496
199 497
199 498
199 499
199 500
199 501
199 502
199 503
200 504
200 505
200 506
200 507
200 508
200 509
200 510
201 511
201 512
201 513
201 514
201 515
201 516
201 517
202 518
202 519
202 520
202 521
202 522
202 523
202 524
203 525
203 526
203 527
203 528
203 529
203 530
203 531
204 532
204 533
204 534
204 535
204 536
204 537
204 538
205 539
205 540
205 541
205 542
205 543
205 544
205 545
206 546
206 547
206 548
206 549
206 550
206 551
206 552
207 553
207 554
207 555
207 556
207 557
207 558
207 559
208 560
208 561
208 562
208 563
208 564
208 565
208 566
209 567
209 568
209 569
209 570
209 571
209 572
209 573
210 574
210 575
210 576
210 577
210 578
210 579
210 580
211 581
211 582
211 583
211 584
211 585
211 586
211 587
212 588
212 589
212 590
212 591
212 592
212 593
212 594
213 595
213 596
213 597
213 598
213 599
213 600
213 601
214 602
214 603
214 604
214 605
214 606
214 607
214 608
215 609
215 610
215 611
215 612
215 613
215 614
215 615
216 616
216 617
216 618
216 619
216 620
216 621
216 622
217 623
217 624
217 625
217 626
217 627
217 628
217 629
218 630
218 631
218 632
218 633
218 634
218 635
218 636
219 637
219 638
219 639
219 640
219 641
219 642
219 643
220 644
220 645
220 646
220 647
220 648
220 649
220 650
221 651
221 652
221 653
221 654
221 655
221 656
221 657
222 658
222 659
222 660
222 661
222 662
222 663
222 664
223 665
223 666
223 667
223 668
223 669
223 670
223 671
224 672
224 673
224 674
224 675
224 676
224 677
224 678
225 679
225 680
225 681
225 682
225 683
225 684
225 685
226 686
226 687
226 688
226 689
226 690
226 691
226 692
227 693
227 694
227 695
227 696
227 697
227 698
227 699
228 700
228 701
228 702
228 703
228 704
228 705
228 706
229 707
229 708
229 709
229 710
229 711
229 712
229 713
230 714
230 715
230 716
230 717
230 718
230 719
230 720
231 721
231 722
231 723
231 724
231 725
231 726
231 727
232 728
232 729
232 730
232 731
232 732
232 733
232 734
233 735
233 736
233 737
233 738
233 739
233 740
233 741
234 742
234 743
234 744
234 745
234 746
234 747
234 748
235 749
235 750
235 751
235 752
235 753
235 754
235 755
236 756
236 757
236 758
236 759
236 760
236 761
236 762
237 763
237 764
237 765
237 766
237 767
237 768
237 769
238 770
238 771
238 772
238 773
238 774
238 775
238 776
239 777
239 778
239 779
239 780
239 781
239 782
239 783
240 784
240 785
240 786
240 787
240 788
240 789
240 790
241 791
241 792
241 793
241 794
241 795
241 796
241 797
242 798
242 799
242 800
242 801
242 802
242 803
242 804
243 805
243 806
243 807
243 808
243 809
243 810
243 811
244 812
244 813
244 814
244 815
244 816
244 817
244 818
245 819
245 820
245 821
245 822
245 823
245 824
245 825
246 826
246 827
246 828
246 829
246 830
246 831
246 832
247 833
247 834
247 835
247 836
247 837
247 838
247 839
248 840
248 841
248 842
248 843
248 844
248 845
248 846
249 847
249 848
249 849
249 850
249 851
249 852
249 853
250 854
250 855
250 856
250 857
250 858
250 859
250 860
251 861
251 862
251 863
251 864
251 865
251 866
251 867
252 868
252 869
252 870
252 871
252 872
252 873
252 874
253 875
253 876
253 877
253 878
253 879
253 880
253 881
254 882
254 883
254 884
254 885
254 886
254 887
254 888
255 889
255 890
255 891
255 892
255 893
255 894
255 895
256 896
256 897
256 898
256 899
256 900
256 901
256 902
257 903
257 904
257 905
257 906
257 907
257 908
257 909
258 910
258 911
258 912
258 913
258 914
258 915
258 916
259 917
259 918
259 919
259 920
259 921
259 922
259 923
260 924
260 925
260 926
260 927
260 928
260 929
260 930
261 931
261 932
261 933
261 934
261 935
261 936
261 937
262 938
262 939
262 940
262 941
262 942
262 943
262 944
263 945
263 946
263 947
263 948
263 949
263 950
263 951
264 952
264 953
264 954
264 955
264 956
264 957
264 958
265 959
265 960
265 961
265 962
265 963
265 964
265 965
266 966
266 967
266 968
266 969
266 970
266 971
266 972
267 973
267 974
267 975
267 976
267 977
267 978
267 979
268 980
268 981
268 982
268 983
268 984
268 985
268 986
269 987
269 988
269 989
269 990
269 991
269 992
269 993
270 994
270 995
270 996
270 997
270 998
270 999
270 1000
271 1001
271 1002
271 1003
271 1004
271 1005
271 1006
271 1007
272 1008
272 1009
272 1010
272 1011
272 1012
272 1013
272 1014
273 1015
273 1016
273 1017
273 1018
273 1019
273 1020
273 1021
274 1022
274 1023
274 1024
274 1025
274 1026
274 1027
274 1028
275 1029
275 1030
275 1031
275 1032
275 1033
275 1034
275 1035
276 1036
276 1037
276 1038
276 1039
276 1040
276 1041
276 1042
277 1043
277 1044
277 1045
277 1046
277 1047
277 1048
277 1049
278 1050
278 1051
278 1052
278 1053
278 1054
278 1055
278 1056
279 1057
279 1058
279 1059
279 1060
279 1061
279 1062
279 1063
