0 42
0 48
0 54
0 60
0 66
0 72
0 78
0 84
0 90
0 96
0 102
0 108
0 114
0 120
1 42
1 48
1 54
1 60
1 66
1 72
1 78
1 84
1 90
1 96
1 102
1 108
1 114
1 120
2 42
2 48
2 54
2 60
2 66
2 72
2 78
2 84
2 90
2 96
2 102
2 108
2 114
2 120
3 42
3 48
3 54
3 60
3 66
3 72
3 78
3 84
3 90
3 96
3 102
3 108
3 114
3 120
4 42
4 48
4 54
4 60
4 66
4 72
4 78
4 84
4 90
4 96
4 102
4 108
4 114
4 120
5 42
5 48
5 54
5 60
5 66
5 72
5 78
5 84
5 90
5 96
5 102
5 108
5 114
5 120
6 43
6 49
6 55
6 61
6 67
6 73
6 79
6 85
6 91
6 97
6 103
6 109
6 115
6 121
7 43
7 49
7 55
7 61
7 67
7 73
7 79
7 85
7 91
7 97
7 103
7 109
7 115
7 121
8 43
8 49
8 55
8 61
8 67
8 73
8 79
8 85
8 91
8 97
8 103
8 109
8 115
8 121
9 43
9 49
9 55
9 61
9 67
9 73
9 79
9 85
9 91
9 97
9 103
9 109
9 115
9 121
10 43
10 49
10 55
10 61
10 67
10 73
10 79
10 85
10 91
10 97
10 103
10 109
10 115
10 121
11 43
11 49
11 55
11 61
11 67
11 73
11 79
11 85
11 91
11 97
11 103
11 109
11 115
11 121
12 44
12 50
12 56
12 62
12 68
12 74
12 80
12 86
12 92
12 98
12 104
12 110
12 116
12 122
13 44
13 50
13 56
13 62
13 68
13 74
13 80
13 86
13 92
13 98
13 104
13 110
13 116
13 122
14 44
14 50
14 56
14 62
14 68
14 74
14 80
14 86
14 92
14 98
14 104
14 110
14 116
14 122
15 44
15 50
15 56
15 62
15 68
15 74
15 80
15 86
15 92
15 98
15 104
15 110
15 116
15 122
16 44
16 50
16 56
16 62
16 68
16 74
16 80
16 86
16 92
16 98
16 104
16 110
16 116
16 122
17 44
17 50
17 56
17 62
17 68
17 74
17 80
17 86
17 92
17 98
17 104
17 110
17 116
17 122
18 45
18 51
18 57
18 63
18 69
18 75
18 81
18 87
18 93
18 99
18 105
18 111
18 117
18 123
19 45
19 51
19 57
19 63
19 69
19 75
19 81
19 87
19 93
19 99
19 105
19 111
19 117
19 123
20 45
20 51
20 57
20 63
20 69
20 75
20 81
20 87
20 93
20 99
20 105
20 111
20 117
20 123
21 45
21 51
21 57
21 63
21 69
21 75
21 81
21 87
21 93
21 99
21 105
21 111
21 117
21 123
22 45
22 51
22 57
22 63
22 69
22 75
22 81
22 87
22 93
22 99
22 105
22 111
22 117
22 123
23 45
23 51
23 57
23 63
23 69
23 75
23 81
23 87
23 93
23 99
23 105
23 111
23 117
23 123
24 46
24 52
24 58
24 64
24 70
24 76
24 82
24 88
24 94
24 100
24 106
24 112
24 118
24 124
25 46
25 52
25 58
25 64
25 70
25 76
25 82
25 88
25 94
25 100
25 106
25 112
25 118
25 124
26 46
26 52
26 58
26 64
26 70
26 76
26 82
26 88
26 94
26 100
26 106
26 112
26 118
26 124
27 46
27 52
27 58
27 64
27 70
27 76
27 82
27 88
27 94
27 100
27 106
27 112
27 118
27 124
28 46
28 52
28 58
28 64
28 70
28 76
28 82
28 88
28 94
28 100
28 106
28 112
28 118
28 124
29 46
29 52
29 58
29 64
29 70
29 76
29 82
29 88
29 94
29 100
29 106
29 112
29 118
29 124
30 47
30 53
30 59
30 65
30 71
30 77
30 83
30 89
30 95
30 101
30 107
30 113
30 119
30 125
31 47
31 53
31 59
31 65
31 71
31 77
31 83
31 89
31 95
31 101
31 107
31 113
31 119
31 125
32 47
32 53
32 59
32 65
32 71
32 77
32 83
32 89
32 95
32 101
32 107
32 113
32 119
32 125
33 47
33 53
33 59
33 65
33 71
33 77
33 83
33 89
33 95
33 101
33 107
33 113
33 119
33 125
34 47
34 53
34 59
34 65
34 71
34 77
34 83
34 89
34 95
34 101
34 107
34 113
34 119
34 125
35 47
35 53
35 59
35 65
35 71
35 77
35 83
35 89
35 95
35 101
35 107
35 113
35 119
35 125
36 48
36 54
36 60
36 66
36 72
36 78
36 84
36 90
36 96
36 102
36 108
36 114
36 120
37 48
37 54
37 60
37 66
37 72
37 78
37 84
37 90
37 96
37 102
37 108
37 114
37 120
38 48
38 54
38 60
38 66
38 72
38 78
38 84
38 90
38 96
38 102
38 108
38 114
38 120
39 48
39 54
39 60
39 66
39 72
39 78
39 84
39 90
39 96
39 102
39 108
39 114
39 120
40 48
40 54
40 60
40 66
40 72
40 78
40 84
40 90
40 96
40 102
40 108
40 114
40 120
41 48
41 54
41 60
41 66
41 72
41 78
41 84
41 90
41 96
41 102
41 108
41 114
41 120
42 126
42 127
42 128
42 129
42 130
42 131
43 126
43 127
43 128
43 129
43 130
43 131
44 126
44 127
44 128
44 129
44 130
44 131
45 126
45 127
45 128
45 129
45 130
45 131
46 126
46 127
46 128
46 129
46 130
46 131
47 126
47 127
47 128
47 129
47 130
47 131
48 132
48 133
48 134
48 135
48 136
48 137
49 132
49 133
49 134
49 135
49 136
49 137
50 132
50 133
50 134
50 135
50 136
50 137
51 132
51 133
51 134
51 135
51 136
51 137
52 132
52 133
52 134
52 135
52 136
52 137
53 132
53 133
53 134
53 135
53 136
53 137
54 138
54 139
54 140
54 141
54 142
54 143
55 138
55 139
55 140
55 141
55 142
55 143
56 138
56 139
56 140
56 141
56 142
56 143
57 138
57 139
57 140
57 141
57 142
57 143
58 138
58 139
58 140
58 141
58 142
58 143
59 138
59 139
59 140
59 141
59 142
59 143
60 144
60 145
60 146
60 147
60 148
60 149
61 144
61 145
61 146
61 147
61 148
61 149
62 144
62 145
62 146
62 147
62 148
62 149
63 144
63 145
63 146
63 147
63 148
63 149
64 144
64 145
64 146
64 147
64 148
64 149
65 144
65 145
65 146
65 147
65 148
65 149
66 150
66 151
66 152
66 153
66 154
66 155
67 150
67 151
67 152
67 153
67 154
67 155
68 150
68 151
68 152
68 153
68 154
68 155
69 150
69 151
69 152
69 153
69 154
69 155
70 150
70 151
70 152
70 153
70 154
70 155
71 150
71 151
71 152
71 153
71 154
71 155
72 156
72 157
72 158
72 159
72 160
72 161
73 156
73 157
73 158
73 159
73 160
73 161
74 156
74 157
74 158
74 159
74 160
74 161
75 156
75 157
75 158
75 159
75 160
75 161
76 156
76 157
76 158
76 159
76 160
76 161
77 156
77 157
77 158
77 159
77 160
77 161
78 162
78 163
78 164
78 165
78 166
78 167
79 162
79 163
79 164
79 165
79 166
79 167
80 162
80 163
80 164
80 165
80 166
80 167
81 162
81 163
81 164
81 165
81 166
81 167
82 162
82 163
82 164
82 165
82 166
82 167
83 162
83 163
83 164
83 165
83 166
83 167
84 168
84 169
84 170
84 171
84 172
84 173
85 168
85 169
85 170
85 171
85 172
85 173
86 168
86 169
86 170
86 171
86 172
86 173
87 168
87 169
87 170
87 171
87 172
87 173
88 168
88 169
88 170
88 171
88 172
88 173
89 168
89 169
89 170
89 171
89 172
89 173
90 174
90 175
90 176
90 177
90 178
90 179
91 174
91 175
91 176
91 177
91 178
91 179
92 174
92 175
92 176
92 177
92 178
92 179
93 174
93 175
93 176
93 177
93 178
93 179
94 174
94 175
94 176
94 177
94 178
94 179
95 174
95 175
95 176
95 177
95 178
95 179
96 180
96 181
96 182
96 183
96 184
96 185
97 180
97 181
97 182
97 183
97 184
97 185
98 180
98 181
98 182
98 183
98 184
98 185
99 180
99 181
99 182
99 183
99 184
99 185
100 180
100 181
100 182
100 183
100 184
100 185
101 180
101 181
101 182
101 183
101 184
101 185
102 186
102 187
102 188
102 189
102 190
102 191
103 186
103 187
103 188
103 189
103 190
103 191
104 186
104 187
104 188
104 189
104 190
104 191
105 186
105 187
105 188
105 189
105 190
105 191
106 186
106 187
106 188
106 189
106 190
106 191
107 186
107 187
107 188
107 189
107 190
107 191
108 192
108 193
108 194
108 195
108 196
108 197
109 192
109 193
109 194
109 195
109 196
109 197
110 192
110 193
110 194
110 195
110 196
110 197
111 192
111 193
111 194
111 195
111 196
111 197
112 192
112 193
112 194
112 195
112 196
112 197
113 192
113 193
113 194
113 195
113 196
113 197
114 198
114 199
114 200
114 201
114 202
114 203
115 198
115 199
115 200
115 201
115 202
115 203
116 198
116 199
116 200
116 201
116 202
116 203
117 198
117 199
117 200
117 201
117 202
117 203
118 198
118 199
118 200
118 201
118 202
118 203
119 198
119 199
119 200
119 201
119 202
119 203
120 204
120 205
120 206
120 207
120 208
120 209
121 204
121 205
121 206
121 207
121 208
121 209
122 204
122 205
122 206
122 207
122 208
122 209
123 204
123 205
123 206
123 207
123 208
123 209
124 204
124 205
124 206
124 207
124 208
124 209
125 204
125 205
125 206
125 207
125 208
125 209
126 210
126 211
126 212
126 213
126 214
126 215
127 216
127 217
127 218
127 219
127 220
127 221
128 222
128 223
128 224
128 225
128 226
128 227
129 228
129 229
129 230
129 231
129 232
129 233
130 234
130 235
130 236
130 237
130 238
130 239
131 240
131 241
131 242
131 243
131 244
131 245
132 246
132 247
132 248
132 249
132 250
132 251
133 252
133 253
133 254
133 255
133 256
133 257
134 258
134 259
134 260
134 261
134 262
134 263
135 264
135 265
135 266
135 267
135 268
135 269
136 270
136 271
136 272
136 273
136 274
136 275
137 276
137 277
137 278
137 279
137 280
137 281
138 282
138 283
138 284
138 285
138 286
138 287
139 288
139 289
139 290
139 291
139 292
139 293
140 294
140 295
140 296
140 297
140 298
140 299
141 300
141 301
141 302
141 303
141 304
141 305
142 306
142 307
142 308
142 309
142 310
142 311
143 312
143 313
143 314
143 315
143 316
143 317
144 318
144 319
144 320
144 321
144 322
144 323
145 324
145 325
145 326
145 327
145 328
145 329
146 330
146 331
146 332
146 333
146 334
146 335
147 336
147 337
147 338
147 339
147 340
147 341
148 342
148 343
148 344
148 345
148 346
148 347
149 348
149 349
149 350
149 351
149 352
149 353
150 354
150 355
150 356
150 357
150 358
150 359
151 360
151 361
151 362
151 363
151 364
151 365
152 366
152 367
152 368
152 369
152 370
152 371
153 372
153 373
153 374
153 375
153 376
153 377
154 378
154 379
154 380
154 381
154 382
154 383
155 384
155 385
155 386
155 387
155 388
155 389
156 390
156 391
156 392
156 393
156 394
156 395
157 396
157 397
157 398
157 399
157 400
157 401
158 402
158 403
158 404
158 405
158 406
158 407
159 408
159 409
159 410
159 411
159 412
159 413
160 414
160 415
160 416
160 417
160 418
160 419
161 420
161 421
161 422
161 423
161 424
161 425
162 426
162 427
162 428
162 429
162 430
162 431
163 432
163 433
163 434
163 435
163 436
163 437
164 438
164 439
164 440
164 441
164 442
164 443
165 444
165 445
165 446
165 447
165 448
165 449
166 450
166 451
166 452
166 453
166 454
166 455
167 456
167 457
167 458
167 459
167 460
167 461
168 462
168 463
168 464
168 465
168 466
168 467
169 468
169 469
169 470
169 471
169 472
169 473
170 474
170 475
170 476
170 477
170 478
170 479
171 480
171 481
171 482
171 483
171 484
171 485
172 486
172 487
172 488
172 489
172 490
172 491
173 492
173 493
173 494
173 495
173 496
173 497
174 498
174 499
174 500
174 501
174 502
174 503
175 504
175 505
175 506
175 507
175 508
175 509
176 510
176 511
176 512
176 513
176 514
176 515
177 516
177 517
177 518
177 519
177 520
177 521
178 522
178 523
178 524
178 525
178 526
178 527
179 528
179 529
179 530
179 531
179 532
179 533
180 534
180 535
180 536
180 537
180 538
180 539
181 540
181 541
181 542
181 543
181 544
181 545
182 546
182 547
182 548
182 549
182 550
182 551
183 552
183 553
183 554
183 555
183 556
183 557
184 558
184 559
184 560
184 561
184 562
184 563
185 564
185 565
185 566
185 567
185 568
185 569
186 570
186 571
186 572
186 573
186 574
186 575
187 576
187 577
187 578
187 579
187 580
187 581
188 582
188 583
188 584
188 585
188 586
188 587
189 588
189 589
189 590
189 591
189 592
189 593
190 594
190 595
190 596
190 597
190 598
190 599
191 600
191 601
191 602
191 603
191 604
191 605
192 606
192 607
192 608
192 609
192 610
192 611
193 612
193 613
193 614
193 615
193 616
193 617
194 618
194 619
194 620
194 621
194 622
194 623
195 624
195 625
195 626
195 627
195 628
195 629
196 630
196 631
196 632
196 633
196 634
196 635
197 636
197 637
197 638
197 639
197 640
197 641
198 642
198 643
198 644
198 645
198 646
198 647
199 648
199 649
199 650
199 651
199 652
199 653
200 654
200 655
200 656
200 657
200 658
200 659
201 660
201 661
201 662
201 663
201 664
201 665
202 666
202 667
202 668
202 669
202 670
202 671
203 672
203 673
203 674
203 675
203 676
203 677
204 678
204 679
204 680
204 681
204 682
204 683
205 684
205 685
205 686
205 687
205 688
205 689
206 690
206 691
206 692
206 693
206 694
206 695
207 696
207 697
207 698
207 699
207 700
207 701
208 702
208 703
208 704
208 705
208 706
208 707
209 708
209 709
209 710
209 711
209 712
209 713
