0 12
0 15
0 18
0 21
0 24
0 27
0 30
0 33
1 12
1 15
1 18
1 21
1 24
1 27
1 30
1 33
2 12
2 15
2 18
2 21
2 24
2 27
2 30
2 33
3 13
3 16
3 19
3 22
3 25
3 28
3 31
3 34
4 13
4 16
4 19
4 22
4 25
4 28
4 31
4 34
5 13
5 16
5 19
5 22
5 25
5 28
5 31
5 34
6 14
6 17
6 20
6 23
6 26
6 29
6 32
6 35
7 14
7 17
7 20
7 23
7 26
7 29
7 32
7 35
8 14
8 17
8 20
8 23
8 26
8 29
8 32
8 35
9 15
9 18
9 21
9 24
9 27
9 30
9 33
10 15
10 18
10 21
10 24
10 27
10 30
10 33
11 15
11 18
11 21
11 24
11 27
11 30
11 33
12 36
12 37
12 38
13 36
13 37
13 38
14 36
14 37
14 38
15 39
15 40
15 41
16 39
16 40
16 41
17 39
17 40
17 41
18 42
18 43
18 44
19 42
19 43
19 44
20 42
20 43
20 44
21 45
21 46
21 47
22 45
22 46
22 47
23 45
23 46
23 47
24 48
24 49
24 50
25 48
25 49
25 50
26 48
26 49
26 50
27 51
27 52
27 53
28 51
28 52
28 53
29 51
29 52
29 53
30 54
30 55
30 56
31 54
31 55
31 56
32 54
32 55
32 56
33 57
33 58
33 59
34 57
34 58
34 59
35 57
35 58
35 59
36 60
36 61
36 62
37 63
37 64
37 65
38 66
38 67
38 68
39 69
39 70
39 71
40 72
40 73
40 74
41 75
41 76
41 77
42 78
42 79
42 80
43 81
43 82
43 83
44 84
44 85
44 86
45 87
45 88
45 89
46 90
46 91
46 92
47 93
47 94
47 95
48 96
48 97
48 98
49 99
49 100
49 101
50 102
50 103
50 104
51 105
51 106
51 107
52 108
52 109
52 110
53 111
53 112
53 113
54 114
54 115
54 116
55 117
55 118
55 119
56 120
56 121
56 122
57 123
57 124
57 125
58 126
58 127
58 128
59 129
59 130
59 131
