0 64
0 72
0 80
0 88
0 96
0 104
0 112
0 120
0 128
0 136
0 144
0 152
0 160
0 168
0 176
0 184
1 64
1 72
1 80
1 88
1 96
1 104
1 112
1 120
1 128
1 136
1 144
1 152
1 160
1 168
1 176
1 184
2 64
2 72
2 80
2 88
2 96
2 104
2 112
2 120
2 128
2 136
2 144
2 152
2 160
2 168
2 176
2 184
3 64
3 72
3 80
3 88
3 96
3 104
3 112
3 120
3 128
3 136
3 144
3 152
3 160
3 168
3 176
3 184
4 64
4 72
4 80
4 88
4 96
4 104
4 112
4 120
4 128
4 136
4 144
4 152
4 160
4 168
4 176
4 184
5 64
5 72
5 80
5 88
5 96
5 104
5 112
5 120
5 128
5 136
5 144
5 152
5 160
5 168
5 176
5 184
6 64
6 72
6 80
6 88
6 96
6 104
6 112
6 120
6 128
6 136
6 144
6 152
6 160
6 168
6 176
6 184
7 64
7 72
7 80
7 88
7 96
7 104
7 112
7 120
7 128
7 136
7 144
7 152
7 160
7 168
7 176
7 184
8 65
8 73
8 81
8 89
8 97
8 105
8 113
8 121
8 129
8 137
8 145
8 153
8 161
8 169
8 177
8 185
9 65
9 73
9 81
9 89
9 97
9 105
9 113
9 121
9 129
9 137
9 145
9 153
9 161
9 169
9 177
9 185
10 65
10 73
10 81
10 89
10 97
10 105
10 113
10 121
10 129
10 137
10 145
10 153
10 161
10 169
10 177
10 185
11 65
11 73
11 81
11 89
11 97
11 105
11 113
11 121
11 129
11 137
11 145
11 153
11 161
11 169
11 177
11 185
12 65
12 73
12 81
12 89
12 97
12 105
12 113
12 121
12 129
12 137
12 145
12 153
12 161
12 169
12 177
12 185
13 65
13 73
13 81
13 89
13 97
13 105
13 113
13 121
13 129
13 137
13 145
13 153
13 161
13 169
13 177
13 185
14 65
14 73
14 81
14 89
14 97
14 105
14 113
14 121
14 129
14 137
14 145
14 153
14 161
14 169
14 177
14 185
15 65
15 73
15 81
15 89
15 97
15 105
15 113
15 121
15 129
15 137
15 145
15 153
15 161
15 169
15 177
15 185
16 66
16 74
16 82
16 90
16 98
16 106
16 114
16 122
16 130
16 138
16 146
16 154
16 162
16 170
16 178
16 186
17 66
17 74
17 82
17 90
17 98
17 106
17 114
17 122
17 130
17 138
17 146
17 154
17 162
17 170
17 178
17 186
18 66
18 74
18 82
18 90
18 98
18 106
18 114
18 122
18 130
18 138
18 146
18 154
18 162
18 170
18 178
18 186
19 66
19 74
19 82
19 90
19 98
19 106
19 114
19 122
19 130
19 138
19 146
19 154
19 162
19 170
19 178
19 186
20 66
20 74
20 82
20 90
20 98
20 106
20 114
20 122
20 130
20 138
20 146
20 154
20 162
20 170
20 178
20 186
21 66
21 74
21 82
21 90
21 98
21 106
21 114
21 122
21 130
21 138
21 146
21 154
21 162
21 170
21 178
21 186
22 66
22 74
22 82
22 90
22 98
22 106
22 114
22 122
22 130
22 138
22 146
22 154
22 162
22 170
22 178
22 186
23 66
23 74
23 82
23 90
23 98
23 106
23 114
23 122
23 130
23 138
23 146
23 154
23 162
23 170
23 178
23 186
24 67
24 75
24 83
24 91
24 99
24 107
24 115
24 123
24 131
24 139
24 147
24 155
24 163
24 171
24 179
24 187
25 67
25 75
25 83
25 91
25 99
25 107
25 115
25 123
25 131
25 139
25 147
25 155
25 163
25 171
25 179
25 187
26 67
26 75
26 83
26 91
26 99
26 107
26 115
26 123
26 131
26 139
26 147
26 155
26 163
26 171
26 179
26 187
27 67
27 75
27 83
27 91
27 99
27 107
27 115
27 123
27 131
27 139
27 147
27 155
27 163
27 171
27 179
27 187
28 67
28 75
28 83
28 91
28 99
28 107
28 115
28 123
28 131
28 139
28 147
28 155
28 163
28 171
28 179
28 187
29 67
29 75
29 83
29 91
29 99
29 107
29 115
29 123
29 131
29 139
29 147
29 155
29 163
29 171
29 179
29 187
30 67
30 75
30 83
30 91
30 99
30 107
30 115
30 123
30 131
30 139
30 147
30 155
30 163
30 171
30 179
30 187
31 67
31 75
31 83
31 91
31 99
31 107
31 115
31 123
31 131
31 139
31 147
31 155
31 163
31 171
31 179
31 187
32 68
32 76
32 84
32 92
32 100
32 108
32 116
32 124
32 132
32 140
32 148
32 156
32 164
32 172
32 180
32 188
33 68
33 76
33 84
33 92
33 100
33 108
33 116
33 124
33 132
33 140
33 148
33 156
33 164
33 172
33 180
33 188
34 68
34 76
34 84
34 92
34 100
34 108
34 116
34 124
34 132
34 140
34 148
34 156
34 164
34 172
34 180
34 188
35 68
35 76
35 84
35 92
35 100
35 108
35 116
35 124
35 132
35 140
35 148
35 156
35 164
35 172
35 180
35 188
36 68
36 76
36 84
36 92
36 100
36 108
36 116
36 124
36 132
36 140
36 148
36 156
36 164
36 172
36 180
36 188
37 68
37 76
37 84
37 92
37 100
37 108
37 116
37 124
37 132
37 140
37 148
37 156
37 164
37 172
37 180
37 188
38 68
38 76
38 84
38 92
38 100
38 108
38 116
38 124
38 132
38 140
38 148
38 156
38 164
38 172
38 180
38 188
39 68
39 76
39 84
39 92
39 100
39 108
39 116
39 124
39 132
39 140
39 148
39 156
39 164
39 172
39 180
39 188
40 69
40 77
40 85
40 93
40 101
40 109
40 117
40 125
40 133
40 141
40 149
40 157
40 165
40 173
40 181
40 189
41 69
41 77
41 85
41 93
41 101
41 109
41 117
41 125
41 133
41 141
41 149
41 157
41 165
41 173
41 181
41 189
42 69
42 77
42 85
42 93
42 101
42 109
42 117
42 125
42 133
42 141
42 149
42 157
42 165
42 173
42 181
42 189
43 69
43 77
43 85
43 93
43 101
43 109
43 117
43 125
43 133
43 141
43 149
43 157
43 165
43 173
43 181
43 189
44 69
44 77
44 85
44 93
44 101
44 109
44 117
44 125
44 133
44 141
44 149
44 157
44 165
44 173
44 181
44 189
45 69
45 77
45 85
45 93
45 101
45 109
45 117
45 125
45 133
45 141
45 149
45 157
45 165
45 173
45 181
45 189
46 69
46 77
46 85
46 93
46 101
46 109
46 117
46 125
46 133
46 141
46 149
46 157
46 165
46 173
46 181
46 189
47 69
47 77
47 85
47 93
47 101
47 109
47 117
47 125
47 133
47 141
47 149
47 157
47 165
47 173
47 181
47 189
48 70
48 78
48 86
48 94
48 102
48 110
48 118
48 126
48 134
48 142
48 150
48 158
48 166
48 174
48 182
48 190
49 70
49 78
49 86
49 94
49 102
49 110
49 118
49 126
49 134
49 142
49 150
49 158
49 166
49 174
49 182
49 190
50 70
50 78
50 86
50 94
50 102
50 110
50 118
50 126
50 134
50 142
50 150
50 158
50 166
50 174
50 182
50 190
51 70
51 78
51 86
51 94
51 102
51 110
51 118
51 126
51 134
51 142
51 150
51 158
51 166
51 174
51 182
51 190
52 70
52 78
52 86
52 94
52 102
52 110
52 118
52 126
52 134
52 142
52 150
52 158
52 166
52 174
52 182
52 190
53 70
53 78
53 86
53 94
53 102
53 110
53 118
53 126
53 134
53 142
53 150
53 158
53 166
53 174
53 182
53 190
54 70
54 78
54 86
54 94
54 102
54 110
54 118
54 126
54 134
54 142
54 150
54 158
54 166
54 174
54 182
54 190
55 70
55 78
55 86
55 94
55 102
55 110
55 118
55 126
55 134
55 142
55 150
55 158
55 166
55 174
55 182
55 190
56 71
56 79
56 87
56 95
56 103
56 111
56 119
56 127
56 135
56 143
56 151
56 159
56 167
56 175
56 183
56 191
57 71
57 79
57 87
57 95
57 103
57 111
57 119
57 127
57 135
57 143
57 151
57 159
57 167
57 175
57 183
57 191
58 71
58 79
58 87
58 95
58 103
58 111
58 119
58 127
58 135
58 143
58 151
58 159
58 167
58 175
58 183
58 191
59 71
59 79
59 87
59 95
59 103
59 111
59 119
59 127
59 135
59 143
59 151
59 159
59 167
59 175
59 183
59 191
60 71
60 79
60 87
60 95
60 103
60 111
60 119
60 127
60 135
60 143
60 151
60 159
60 167
60 175
60 183
60 191
61 71
61 79
61 87
61 95
61 103
61 111
61 119
61 127
61 135
61 143
61 151
61 159
61 167
61 175
61 183
61 191
62 71
62 79
62 87
62 95
62 103
62 111
62 119
62 127
62 135
62 143
62 151
62 159
62 167
62 175
62 183
62 191
63 71
63 79
63 87
63 95
63 103
63 111
63 119
63 127
63 135
63 143
63 151
63 159
63 167
63 175
63 183
63 191
64 192
64 193
64 194
64 195
64 196
64 197
64 198
64 199
65 192
65 193
65 194
65 195
65 196
65 197
65 198
65 199
66 192
66 193
66 194
66 195
66 196
66 197
66 198
66 199
67 192
67 193
67 194
67 195
67 196
67 197
67 198
67 199
68 192
68 193
68 194
68 195
68 196
68 197
68 198
68 199
69 192
69 193
69 194
69 195
69 196
69 197
69 198
69 199
70 192
70 193
70 194
70 195
70 196
70 197
70 198
70 199
71 192
71 193
71 194
71 195
71 196
71 197
71 198
71 199
72 200
72 201
72 202
72 203
72 204
72 205
72 206
72 207
73 200
73 201
73 202
73 203
73 204
73 205
73 206
73 207
74 200
74 201
74 202
74 203
74 204
74 205
74 206
74 207
75 200
75 201
75 202
75 203
75 204
75 205
75 206
75 207
76 200
76 201
76 202
76 203
76 204
76 205
76 206
76 207
77 200
77 201
77 202
77 203
77 204
77 205
77 206
77 207
78 200
78 201
78 202
78 203
78 204
78 205
78 206
78 207
79 200
79 201
79 202
79 203
79 204
79 205
79 206
79 207
80 208
80 209
80 210
80 211
80 212
80 213
80 214
80 215
81 208
81 209
81 210
81 211
81 212
81 213
81 214
81 215
82 208
82 209
82 210
82 211
82 212
82 213
82 214
82 215
83 208
83 209
83 210
83 211
83 212
83 213
83 214
83 215
84 208
84 209
84 210
84 211
84 212
84 213
84 214
84 215
85 208
85 209
85 210
85 211
85 212
85 213
85 214
85 215
86 208
86 209
86 210
86 211
86 212
86 213
86 214
86 215
87 208
87 209
87 210
87 211
87 212
87 213
87 214
87 215
88 216
88 217
88 218
88 219
88 220
88 221
88 222
88 223
89 216
89 217
89 218
89 219
89 220
89 221
89 222
89 223
90 216
90 217
90 218
90 219
90 220
90 221
90 222
90 223
91 216
91 217
91 218
91 219
91 220
91 221
91 222
91 223
92 216
92 217
92 218
92 219
92 220
92 221
92 222
92 223
93 216
93 217
93 218
93 219
93 220
93 221
93 222
93 223
94 216
94 217
94 218
94 219
94 220
94 221
94 222
94 223
95 216
95 217
95 218
95 219
95 220
95 221
95 222
95 223
96 224
96 225
96 226
96 227
96 228
96 229
96 230
96 231
97 224
97 225
97 226
97 227
97 228
97 229
97 230
97 231
98 224
98 225
98 226
98 227
98 228
98 229
98 230
98 231
99 224
99 225
99 226
99 227
99 228
99 229
99 230
99 231
100 224
100 225
100 226
100 227
100 228
100 229
100 230
100 231
101 224
101 225
101 226
101 227
101 228
101 229
101 230
101 231
102 224
102 225
102 226
102 227
102 228
102 229
102 230
102 231
103 224
103 225
103 226
103 227
103 228
103 229
103 230
103 231
104 232
104 233
104 234
104 235
104 236
104 237
104 238
104 239
105 232
105 233
105 234
105 235
105 236
105 237
105 238
105 239
106 232
106 233
106 234
106 235
106 236
106 237
106 238
106 239
107 232
107 233
107 234
107 235
107 236
107 237
107 238
107 239
108 232
108 233
108 234
108 235
108 236
108 237
108 238
108 239
109 232
109 233
109 234
109 235
109 236
109 237
109 238
109 239
110 232
110 233
110 234
110 235
110 236
110 237
110 238
110 239
111 232
111 233
111 234
111 235
111 236
111 237
111 238
111 239
112 240
112 241
112 242
112 243
112 244
112 245
112 246
112 247
113 240
113 241
113 242
113 243
113 244
113 245
113 246
113 247
114 240
114 241
114 242
114 243
114 244
114 245
114 246
114 247
115 240
115 241
115 242
115 243
115 244
115 245
115 246
115 247
116 240
116 241
116 242
116 243
116 244
116 245
116 246
116 247
117 240
117 241
117 242
117 243
117 244
117 245
117 246
117 247
118 240
118 241
118 242
118 243
118 244
118 245
118 246
118 247
119 240
119 241
119 242
119 243
119 244
119 245
119 246
119 247
120 248
120 249
120 250
120 251
120 252
120 253
120 254
120 255
121 248
121 249
121 250
121 251
121 252
121 253
121 254
121 255
122 248
122 249
122 250
122 251
122 252
122 253
122 254
122 255
123 248
123 249
123 250
123 251
123 252
123 253
123 254
123 255
124 248
124 249
124 250
124 251
124 252
124 253
124 254
124 255
125 248
125 249
125 250
125 251
125 252
125 253
125 254
125 255
126 248
126 249
126 250
126 251
126 252
126 253
126 254
126 255
127 248
127 249
127 250
127 251
127 252
127 253
127 254
127 255
128 256
128 257
128 258
128 259
128 260
128 261
128 262
128 263
129 256
129 257
129 258
129 259
129 260
129 261
129 262
129 263
130 256
130 257
130 258
130 259
130 260
130 261
130 262
130 263
131 256
131 257
131 258
131 259
131 260
131 261
131 262
131 263
132 256
132 257
132 258
132 259
132 260
132 261
132 262
132 263
133 256
133 257
133 258
133 259
133 260
133 261
133 262
133 263
134 256
134 257
134 258
134 259
134 260
134 261
134 262
134 263
135 256
135 257
135 258
135 259
135 260
135 261
135 262
135 263
136 264
136 265
136 266
136 267
136 268
136 269
136 270
136 271
137 264
137 265
137 266
137 267
137 268
137 269
137 270
137 271
138 264
138 265
138 266
138 267
138 268
138 269
138 270
138 271
139 264
139 265
139 266
139 267
139 268
139 269
139 270
139 271
140 264
140 265
140 266
140 267
140 268
140 269
140 270
140 271
141 264
141 265
141 266
141 267
141 268
141 269
141 270
141 271
142 264
142 265
142 266
142 267
142 268
142 269
142 270
142 271
143 264
143 265
143 266
143 267
143 268
143 269
143 270
143 271
144 272
144 273
144 274
144 275
144 276
144 277
144 278
144 279
145 272
145 273
145 274
145 275
145 276
145 277
145 278
145 279
146 272
146 273
146 274
146 275
146 276
146 277
146 278
146 279
147 272
147 273
147 274
147 275
147 276
147 277
147 278
147 279
148 272
148 273
148 274
148 275
148 276
148 277
148 278
148 279
149 272
149 273
149 274
149 275
149 276
149 277
149 278
149 279
150 272
150 273
150 274
150 275
150 276
150 277
150 278
150 279
151 272
151 273
151 274
151 275
151 276
151 277
151 278
151 279
152 280
152 281
152 282
152 283
152 284
152 285
152 286
152 287
153 280
153 281
153 282
153 283
153 284
153 285
153 286
153 287
154 280
154 281
154 282
154 283
154 284
154 285
154 286
154 287
155 280
155 281
155 282
155 283
155 284
155 285
155 286
155 287
156 280
156 281
156 282
156 283
156 284
156 285
156 286
156 287
157 280
157 281
157 282
157 283
157 284
157 285
157 286
157 287
158 280
158 281
158 282
158 283
158 284
158 285
158 286
158 287
159 280
159 281
159 282
159 283
159 284
159 285
159 286
159 287
160 288
160 289
160 290
160 291
160 292
160 293
160 294
160 295
161 288
161 289
161 290
161 291
161 292
161 293
161 294
161 295
162 288
162 289
162 290
162 291
162 292
162 293
162 294
162 295
163 288
163 289
163 290
163 291
163 292
163 293
163 294
163 295
164 288
164 289
164 290
164 291
164 292
164 293
164 294
164 295
165 288
165 289
165 290
165 291
165 292
165 293
165 294
165 295
166 288
166 289
166 290
166 291
166 292
166 293
166 294
166 295
167 288
167 289
167 290
167 291
167 292
167 293
167 294
167 295
168 296
168 297
168 298
168 299
168 300
168 301
168 302
168 303
169 296
169 297
169 298
169 299
169 300
169 301
169 302
169 303
170 296
170 297
170 298
170 299
170 300
170 301
170 302
170 303
171 296
171 297
171 298
171 299
171 300
171 301
171 302
171 303
172 296
172 297
172 298
172 299
172 300
172 301
172 302
172 303
173 296
173 297
173 298
173 299
173 300
173 301
173 302
173 303
174 296
174 297
174 298
174 299
174 300
174 301
174 302
174 303
175 296
175 297
175 298
175 299
175 300
175 301
175 302
175 303
176 304
176 305
176 306
176 307
176 308
176 309
176 310
176 311
177 304
177 305
177 306
177 307
177 308
177 309
177 310
177 311
178 304
178 305
178 306
178 307
178 308
178 309
178 310
178 311
179 304
179 305
179 306
179 307
179 308
179 309
179 310
179 311
180 304
180 305
180 306
180 307
180 308
180 309
180 310
180 311
181 304
181 305
181 306
181 307
181 308
181 309
181 310
181 311
182 304
182 305
182 306
182 307
182 308
182 309
182 310
182 311
183 304
183 305
183 306
183 307
183 308
183 309
183 310
183 311
184 312
184 313
184 314
184 315
184 316
184 317
184 318
184 319
185 312
185 313
185 314
185 315
185 316
185 317
185 318
185 319
186 312
186 313
186 314
186 315
186 316
186 317
186 318
186 319
187 312
187 313
187 314
187 315
187 316
187 317
187 318
187 319
188 312
188 313
188 314
188 315
188 316
188 317
188 318
188 319
189 312
189 313
189 314
189 315
189 316
189 317
189 318
189 319
190 312
190 313
190 314
190 315
190 316
190 317
190 318
190 319
191 312
191 313
191 314
191 315
191 316
191 317
191 318
191 319
192 320
192 321
192 322
192 323
192 324
192 325
192 326
192 327
193 328
193 329
193 330
193 331
193 332
193 333
193 334
193 335
194 336
194 337
194 338
194 339
194 340
194 341
194 342
194 343
195 344
195 345
195 346
195 347
195 348
195 349
195 350
195 351
196 352
196 353
196 354
196 355
196 356
196 357
196 358
196 359
197 360
197 361
197 362
197 363
197 364
197 365
197 366
197 367
198 368
198 369
198 370
198 371
198 372
198 373
198 374
198 375
199 376
199 377
199 378
199 379
199 380
199 381
199 382
199 383
200 384
200 385
200 386
200 387
200 388
200 389
200 390
200 391
201 392
201 393
201 394
201 395
201 396
201 397
201 398
201 399
202 400
202 401
202 402
202 403
202 404
202 405
202 406
202 407
203 408
203 409
203 410
203 411
203 412
203 413
203 414
203 415
204 416
204 417
204 418
204 419
204 420
204 421
204 422
204 423
205 424
205 425
205 426
205 427
205 428
205 429
205 430
205 431
206 432
206 433
206 434
206 435
206 436
206 437
206 438
206 439
207 440
207 441
207 442
207 443
207 444
207 445
207 446
207 447
208 448
208 449
208 450
208 451
208 452
208 453
208 454
208 455
209 456
209 457
209 458
209 459
209 460
209 461
209 462
209 463
210 464
210 465
210 466
210 467
210 468
210 469
210 470
210 471
211 472
211 473
211 474
211 475
211 476
211 477
211 478
211 479
212 480
212 481
212 482
212 483
212 484
212 485
212 486
212 487
213 488
213 489
213 490
213 491
213 492
213 493
213 494
213 495
214 496
214 497
214 498
214 499
214 500
214 501
214 502
214 503
215 504
215 505
215 506
215 507
215 508
215 509
215 510
215 511
216 512
216 513
216 514
216 515
216 516
216 517
216 518
216 519
217 520
217 521
217 522
217 523
217 524
217 525
217 526
217 527
218 528
218 529
218 530
218 531
218 532
218 533
218 534
218 535
219 536
219 537
219 538
219 539
219 540
219 541
219 542
219 543
220 544
220 545
220 546
220 547
220 548
220 549
220 550
220 551
221 552
221 553
221 554
221 555
221 556
221 557
221 558
221 559
222 560
222 561
222 562
222 563
222 564
222 565
222 566
222 567
223 568
223 569
223 570
223 571
223 572
223 573
223 574
223 575
224 576
224 577
224 578
224 579
224 580
224 581
224 582
224 583
225 584
225 585
225 586
225 587
225 588
225 589
225 590
225 591
226 592
226 593
226 594
226 595
226 596
226 597
226 598
226 599
227 600
227 601
227 602
227 603
227 604
227 605
227 606
227 607
228 608
228 609
228 610
228 611
228 612
228 613
228 614
228 615
229 616
229 617
229 618
229 619
229 620
229 621
229 622
229 623
230 624
230 625
230 626
230 627
230 628
230 629
230 630
230 631
231 632
231 633
231 634
231 635
231 636
231 637
231 638
231 639
232 640
232 641
232 642
232 643
232 644
232 645
232 646
232 647
233 648
233 649
233 650
233 651
233 652
233 653
233 654
233 655
234 656
234 657
234 658
234 659
234 660
234 661
234 662
234 663
235 664
235 665
235 666
235 667
235 668
235 669
235 670
235 671
236 672
236 673
236 674
236 675
236 676
236 677
236 678
236 679
237 680
237 681
237 682
237 683
237 684
237 685
237 686
237 687
238 688
238 689
238 690
238 691
238 692
238 693
238 694
238 695
239 696
239 697
239 698
239 699
239 700
239 701
239 702
239 703
240 704
240 705
240 706
240 707
240 708
240 709
240 710
240 711
241 712
241 713
241 714
241 715
241 716
241 717
241 718
241 719
242 720
242 721
242 722
242 723
242 724
242 725
242 726
242 727
243 728
243 729
243 730
243 731
243 732
243 733
243 734
243 735
244 736
244 737
244 738
244 739
244 740
244 741
244 742
244 743
245 744
245 745
245 746
245 747
245 748
245 749
245 750
245 751
246 752
246 753
246 754
246 755
246 756
246 757
246 758
246 759
247 760
247 761
247 762
247 763
247 764
247 765
247 766
247 767
248 768
248 769
248 770
248 771
248 772
248 773
248 774
248 775
249 776
249 777
249 778
249 779
249 780
249 781
249 782
249 783
250 784
250 785
250 786
250 787
250 788
250 789
250 790
250 791
251 792
251 793
251 794
251 795
251 796
251 797
251 798
251 799
252 800
252 801
252 802
252 803
252 804
252 805
252 806
252 807
253 808
253 809
253 810
253 811
253 812
253 813
253 814
253 815
254 816
254 817
254 818
254 819
254 820
254 821
254 822
254 823
255 824
255 825
255 826
255 827
255 828
255 829
255 830
255 831
256 832
256 833
256 834
256 835
256 836
256 837
256 838
256 839
257 840
257 841
257 842
257 843
257 844
257 845
257 846
257 847
258 848
258 849
258 850
258 851
258 852
258 853
258 854
258 855
259 856
259 857
259 858
259 859
259 860
259 861
259 862
259 863
260 864
260 865
260 866
260 867
260 868
260 869
260 870
260 871
261 872
261 873
261 874
261 875
261 876
261 877
261 878
261 879
262 880
262 881
262 882
262 883
262 884
262 885
262 886
262 887
263 888
263 889
263 890
263 891
263 892
263 893
263 894
263 895
264 896
264 897
264 898
264 899
264 900
264 901
264 902
264 903
265 904
265 905
265 906
265 907
265 908
265 909
265 910
265 911
266 912
266 913
266 914
266 915
266 916
266 917
266 918
266 919
267 920
267 921
267 922
267 923
267 924
267 925
267 926
267 927
268 928
268 929
268 930
268 931
268 932
268 933
268 934
268 935
269 936
269 937
269 938
269 939
269 940
269 941
269 942
269 943
270 944
270 945
270 946
270 947
270 948
270 949
270 950
270 951
271 952
271 953
271 954
271 955
271 956
271 957
271 958
271 959
272 960
272 961
272 962
272 963
272 964
272 965
272 966
272 967
273 968
273 969
273 970
273 971
273 972
273 973
273 974
273 975
274 976
274 977
274 978
274 979
274 980
274 981
274 982
274 983
275 984
275 985
275 986
275 987
275 988
275 989
275 990
275 991
276 992
276 993
276 994
276 995
276 996
276 997
276 998
276 999
277 1000
277 1001
277 1002
277 1003
277 1004
277 1005
277 1006
277 1007
278 1008
278 1009
278 1010
278 1011
278 1012
278 1013
278 1014
278 1015
279 1016
279 1017
279 1018
279 1019
279 1020
279 1021
279 1022
279 1023
280 1024
280 1025
280 1026
280 1027
280 1028
280 1029
280 1030
280 1031
281 1032
281 1033
281 1034
281 1035
281 1036
281 1037
281 1038
281 1039
282 1040
282 1041
282 1042
282 1043
282 1044
282 1045
282 1046
282 1047
283 1048
283 1049
283 1050
283 1051
283 1052
283 1053
283 1054
283 1055
284 1056
284 1057
284 1058
284 1059
284 1060
284 1061
284 1062
284 1063
285 1064
285 1065
285 1066
285 1067
285 1068
285 1069
285 1070
285 1071
286 1072
286 1073
286 1074
286 1075
286 1076
286 1077
286 1078
286 1079
287 1080
287 1081
287 1082
287 1083
287 1084
287 1085
287 1086
287 1087
288 1088
288 1089
288 1090
288 1091
288 1092
288 1093
288 1094
288 1095
289 1096
289 1097
289 1098
289 1099
289 1100
289 1101
289 1102
289 1103
290 1104
290 1105
290 1106
290 1107
290 1108
290 1109
290 1110
290 1111
291 1112
291 1113
291 1114
291 1115
291 1116
291 1117
291 1118
291 1119
292 1120
292 1121
292 1122
292 1123
292 1124
292 1125
292 1126
292 1127
293 1128
293 1129
293 1130
293 1131
293 1132
293 1133
293 1134
293 1135
294 1136
294 1137
294 1138
294 1139
294 1140
294 1141
294 1142
294 1143
295 1144
295 1145
295 1146
295 1147
295 1148
295 1149
295 1150
295 1151
296 1152
296 1153
296 1154
296 1155
296 1156
296 1157
296 1158
296 1159
297 1160
297 1161
297 1162
297 1163
297 1164
297 1165
297 1166
297 1167
298 1168
298 1169
298 1170
298 1171
298 1172
298 1173
298 1174
298 1175
299 1176
299 1177
299 1178
299 1179
299 1180
299 1181
299 1182
299 1183
300 1184
300 1185
300 1186
300 1187
300 1188
300 1189
300 1190
300 1191
301 1192
301 1193
301 1194
301 1195
301 1196
301 1197
301 1198
301 1199
302 1200
302 1201
302 1202
302 1203
302 1204
302 1205
302 1206
302 1207
303 1208
303 1209
303 1210
303 1211
303 1212
303 1213
303 1214
303 1215
304 1216
304 1217
304 1218
304 1219
304 1220
304 1221
304 1222
304 1223
305 1224
305 1225
305 1226
305 1227
305 1228
305 1229
305 1230
305 1231
306 1232
306 1233
306 1234
306 1235
306 1236
306 1237
306 1238
306 1239
307 1240
307 1241
307 1242
307 1243
307 1244
307 1245
307 1246
307 1247
308 1248
308 1249
308 1250
308 1251
308 1252
308 1253
308 1254
308 1255
309 1256
309 1257
309 1258
309 1259
309 1260
309 1261
309 1262
309 1263
310 1264
310 1265
310 1266
310 1267
310 1268
310 1269
310 1270
310 1271
311 1272
311 1273
311 1274
311 1275
311 1276
311 1277
311 1278
311 1279
312 1280
312 1281
312 1282
312 1283
312 1284
312 1285
312 1286
312 1287
313 1288
313 1289
313 1290
313 1291
313 1292
313 1293
313 1294
313 1295
314 1296
314 1297
314 1298
314 1299
314 1300
314 1301
314 1302
314 1303
315 1304
315 1305
315 1306
315 1307
315 1308
315 1309
315 1310
315 1311
316 1312
316 1313
316 1314
316 1315
316 1316
316 1317
316 1318
316 1319
317 1320
317 1321
317 1322
317 1323
317 1324
317 1325
317 1326
317 1327
318 1328
318 1329
318 1330
318 1331
318 1332
318 1333
318 1334
318 1335
319 1336
319 1337
319 1338
319 1339
319 1340
319 1341
319 1342
319 1343
