0 81
0 90
0 99
0 108
0 117
0 126
0 135
0 144
0 153
0 162
0 171
0 180
0 189
0 198
0 207
0 216
0 225
0 234
1 81
1 90
1 99
1 108
1 117
1 126
1 135
1 144
1 153
1 162
1 171
1 180
1 189
1 198
1 207
1 216
1 225
1 234
2 81
2 90
2 99
2 108
2 117
2 126
2 135
2 144
2 153
2 162
2 171
2 180
2 189
2 198
2 207
2 216
2 225
2 234
3 81
3 90
3 99
3 108
3 117
3 126
3 135
3 144
3 153
3 162
3 171
3 180
3 189
3 198
3 207
3 216
3 225
3 234
4 81
4 90
4 99
4 108
4 117
4 126
4 135
4 144
4 153
4 162
4 171
4 180
4 189
4 198
4 207
4 216
4 225
4 234
5 81
5 90
5 99
5 108
5 117
5 126
5 135
5 144
5 153
5 162
5 171
5 180
5 189
5 198
5 207
5 216
5 225
5 234
6 81
6 90
6 99
6 108
6 117
6 126
6 135
6 144
6 153
6 162
6 171
6 180
6 189
6 198
6 207
6 216
6 225
6 234
7 81
7 90
7 99
7 108
7 117
7 126
7 135
7 144
7 153
7 162
7 171
7 180
7 189
7 198
7 207
7 216
7 225
7 234
8 81
8 90
8 99
8 108
8 117
8 126
8 135
8 144
8 153
8 162
8 171
8 180
8 189
8 198
8 207
8 216
8 225
8 234
9 82
9 91
9 100
9 109
9 118
9 127
9 136
9 145
9 154
9 163
9 172
9 181
9 190
9 199
9 208
9 217
9 226
9 235
10 82
10 91
10 100
10 109
10 118
10 127
10 136
10 145
10 154
10 163
10 172
10 181
10 190
10 199
10 208
10 217
10 226
10 235
11 82
11 91
11 100
11 109
11 118
11 127
11 136
11 145
11 154
11 163
11 172
11 181
11 190
11 199
11 208
11 217
11 226
11 235
12 82
12 91
12 100
12 109
12 118
12 127
12 136
12 145
12 154
12 163
12 172
12 181
12 190
12 199
12 208
12 217
12 226
12 235
13 82
13 91
13 100
13 109
13 118
13 127
13 136
13 145
13 154
13 163
13 172
13 181
13 190
13 199
13 208
13 217
13 226
13 235
14 82
14 91
14 100
14 109
14 118
14 127
14 136
14 145
14 154
14 163
14 172
14 181
14 190
14 199
14 208
14 217
14 226
14 235
15 82
15 91
15 100
15 109
15 118
15 127
15 136
15 145
15 154
15 163
15 172
15 181
15 190
15 199
15 208
15 217
15 226
15 235
16 82
16 91
16 100
16 109
16 118
16 127
16 136
16 145
16 154
16 163
16 172
16 181
16 190
16 199
16 208
16 217
16 226
16 235
17 82
17 91
17 100
17 109
17 118
17 127
17 136
17 145
17 154
17 163
17 172
17 181
17 190
17 199
17 208
17 217
17 226
17 235
18 83
18 92
18 101
18 110
18 119
18 128
18 137
18 146
18 155
18 164
18 173
18 182
18 191
18 200
18 209
18 218
18 227
18 236
19 83
19 92
19 101
19 110
19 119
19 128
19 137
19 146
19 155
19 164
19 173
19 182
19 191
19 200
19 209
19 218
19 227
19 236
20 83
20 92
20 101
20 110
20 119
20 128
20 137
20 146
20 155
20 164
20 173
20 182
20 191
20 200
20 209
20 218
20 227
20 236
21 83
21 92
21 101
21 110
21 119
21 128
21 137
21 146
21 155
21 164
21 173
21 182
21 191
21 200
21 209
21 218
21 227
21 236
22 83
22 92
22 101
22 110
22 119
22 128
22 137
22 146
22 155
22 164
22 173
22 182
22 191
22 200
22 209
22 218
22 227
22 236
23 83
23 92
23 101
23 110
23 119
23 128
23 137
23 146
23 155
23 164
23 173
23 182
23 191
23 200
23 209
23 218
23 227
23 236
24 83
24 92
24 101
24 110
24 119
24 128
24 137
24 146
24 155
24 164
24 173
24 182
24 191
24 200
24 209
24 218
24 227
24 236
25 83
25 92
25 101
25 110
25 119
25 128
25 137
25 146
25 155
25 164
25 173
25 182
25 191
25 200
25 209
25 218
25 227
25 236
26 83
26 92
26 101
26 110
26 119
26 128
26 137
26 146
26 155
26 164
26 173
26 182
26 191
26 200
26 209
26 218
26 227
26 236
27 84
27 93
27 102
27 111
27 120
27 129
27 138
27 147
27 156
27 165
27 174
27 183
27 192
27 201
27 210
27 219
27 228
27 237
28 84
28 93
28 102
28 111
28 120
28 129
28 138
28 147
28 156
28 165
28 174
28 183
28 192
28 201
28 210
28 219
28 228
28 237
29 84
29 93
29 102
29 111
29 120
29 129
29 138
29 147
29 156
29 165
29 174
29 183
29 192
29 201
29 210
29 219
29 228
29 237
30 84
30 93
30 102
30 111
30 120
30 129
30 138
30 147
30 156
30 165
30 174
30 183
30 192
30 201
30 210
30 219
30 228
30 237
31 84
31 93
31 102
31 111
31 120
31 129
31 138
31 147
31 156
31 165
31 174
31 183
31 192
31 201
31 210
31 219
31 228
31 237
32 84
32 93
32 102
32 111
32 120
32 129
32 138
32 147
32 156
32 165
32 174
32 183
32 192
32 201
32 210
32 219
32 228
32 237
33 84
33 93
33 102
33 111
33 120
33 129
33 138
33 147
33 156
33 165
33 174
33 183
33 192
33 201
33 210
33 219
33 228
33 237
34 84
34 93
34 102
34 111
34 120
34 129
34 138
34 147
34 156
34 165
34 174
34 183
34 192
34 201
34 210
34 219
34 228
34 237
35 84
35 93
35 102
35 111
35 120
35 129
35 138
35 147
35 156
35 165
35 174
35 183
35 192
35 201
35 210
35 219
35 228
35 237
36 85
36 94
36 103
36 112
36 121
36 130
36 139
36 148
36 157
36 166
36 175
36 184
36 193
36 202
36 211
36 220
36 229
36 238
37 85
37 94
37 103
37 112
37 121
37 130
37 139
37 148
37 157
37 166
37 175
37 184
37 193
37 202
37 211
37 220
37 229
37 238
38 85
38 94
38 103
38 112
38 121
38 130
38 139
38 148
38 157
38 166
38 175
38 184
38 193
38 202
38 211
38 220
38 229
38 238
39 85
39 94
39 103
39 112
39 121
39 130
39 139
39 148
39 157
39 166
39 175
39 184
39 193
39 202
39 211
39 220
39 229
39 238
40 85
40 94
40 103
40 112
40 121
40 130
40 139
40 148
40 157
40 166
40 175
40 184
40 193
40 202
40 211
40 220
40 229
40 238
41 85
41 94
41 103
41 112
41 121
41 130
41 139
41 148
41 157
41 166
41 175
41 184
41 193
41 202
41 211
41 220
41 229
41 238
42 85
42 94
42 103
42 112
42 121
42 130
42 139
42 148
42 157
42 166
42 175
42 184
42 193
42 202
42 211
42 220
42 229
42 238
43 85
43 94
43 103
43 112
43 121
43 130
43 139
43 148
43 157
43 166
43 175
43 184
43 193
43 202
43 211
43 220
43 229
43 238
44 85
44 94
44 103
44 112
44 121
44 130
44 139
44 148
44 157
44 166
44 175
44 184
44 193
44 202
44 211
44 220
44 229
44 238
45 86
45 95
45 104
45 113
45 122
45 131
45 140
45 149
45 158
45 167
45 176
45 185
45 194
45 203
45 212
45 221
45 230
45 239
46 86
46 95
46 104
46 113
46 122
46 131
46 140
46 149
46 158
46 167
46 176
46 185
46 194
46 203
46 212
46 221
46 230
46 239
47 86
47 95
47 104
47 113
47 122
47 131
47 140
47 149
47 158
47 167
47 176
47 185
47 194
47 203
47 212
47 221
47 230
47 239
48 86
48 95
48 104
48 113
48 122
48 131
48 140
48 149
48 158
48 167
48 176
48 185
48 194
48 203
48 212
48 221
48 230
48 239
49 86
49 95
49 104
49 113
49 122
49 131
49 140
49 149
49 158
49 167
49 176
49 185
49 194
49 203
49 212
49 221
49 230
49 239
50 86
50 95
50 104
50 113
50 122
50 131
50 140
50 149
50 158
50 167
50 176
50 185
50 194
50 203
50 212
50 221
50 230
50 239
51 86
51 95
51 104
51 113
51 122
51 131
51 140
51 149
51 158
51 167
51 176
51 185
51 194
51 203
51 212
51 221
51 230
51 239
52 86
52 95
52 104
52 113
52 122
52 131
52 140
52 149
52 158
52 167
52 176
52 185
52 194
52 203
52 212
52 221
52 230
52 239
53 86
53 95
53 104
53 113
53 122
53 131
53 140
53 149
53 158
53 167
53 176
53 185
53 194
53 203
53 212
53 221
53 230
53 239
54 87
54 96
54 105
54 114
54 123
54 132
54 141
54 150
54 159
54 168
54 177
54 186
54 195
54 204
54 213
54 222
54 231
54 240
55 87
55 96
55 105
55 114
55 123
55 132
55 141
55 150
55 159
55 168
55 177
55 186
55 195
55 204
55 213
55 222
55 231
55 240
56 87
56 96
56 105
56 114
56 123
56 132
56 141
56 150
56 159
56 168
56 177
56 186
56 195
56 204
56 213
56 222
56 231
56 240
57 87
57 96
57 105
57 114
57 123
57 132
57 141
57 150
57 159
57 168
57 177
57 186
57 195
57 204
57 213
57 222
57 231
57 240
58 87
58 96
58 105
58 114
58 123
58 132
58 141
58 150
58 159
58 168
58 177
58 186
58 195
58 204
58 213
58 222
58 231
58 240
59 87
59 96
59 105
59 114
59 123
59 132
59 141
59 150
59 159
59 168
59 177
59 186
59 195
59 204
59 213
59 222
59 231
59 240
60 87
60 96
60 105
60 114
60 123
60 132
60 141
60 150
60 159
60 168
60 177
60 186
60 195
60 204
60 213
60 222
60 231
60 240
61 87
61 96
61 105
61 114
61 123
61 132
61 141
61 150
61 159
61 168
61 177
61 186
61 195
61 204
61 213
61 222
61 231
61 240
62 87
62 96
62 105
62 114
62 123
62 132
62 141
62 150
62 159
62 168
62 177
62 186
62 195
62 204
62 213
62 222
62 231
62 240
63 88
63 97
63 106
63 115
63 124
63 133
63 142
63 151
63 160
63 169
63 178
63 187
63 196
63 205
63 214
63 223
63 232
63 241
64 88
64 97
64 106
64 115
64 124
64 133
64 142
64 151
64 160
64 169
64 178
64 187
64 196
64 205
64 214
64 223
64 232
64 241
65 88
65 97
65 106
65 115
65 124
65 133
65 142
65 151
65 160
65 169
65 178
65 187
65 196
65 205
65 214
65 223
65 232
65 241
66 88
66 97
66 106
66 115
66 124
66 133
66 142
66 151
66 160
66 169
66 178
66 187
66 196
66 205
66 214
66 223
66 232
66 241
67 88
67 97
67 106
67 115
67 124
67 133
67 142
67 151
67 160
67 169
67 178
67 187
67 196
67 205
67 214
67 223
67 232
67 241
68 88
68 97
68 106
68 115
68 124
68 133
68 142
68 151
68 160
68 169
68 178
68 187
68 196
68 205
68 214
68 223
68 232
68 241
69 88
69 97
69 106
69 115
69 124
69 133
69 142
69 151
69 160
69 169
69 178
69 187
69 196
69 205
69 214
69 223
69 232
69 241
70 88
70 97
70 106
70 115
70 124
70 133
70 142
70 151
70 160
70 169
70 178
70 187
70 196
70 205
70 214
70 223
70 232
70 241
71 88
71 97
71 106
71 115
71 124
71 133
71 142
71 151
71 160
71 169
71 178
71 187
71 196
71 205
71 214
71 223
71 232
71 241
72 89
72 98
72 107
72 116
72 125
72 134
72 143
72 152
72 161
72 170
72 179
72 188
72 197
72 206
72 215
72 224
72 233
72 242
73 89
73 98
73 107
73 116
73 125
73 134
73 143
73 152
73 161
73 170
73 179
73 188
73 197
73 206
73 215
73 224
73 233
73 242
74 89
74 98
74 107
74 116
74 125
74 134
74 143
74 152
74 161
74 170
74 179
74 188
74 197
74 206
74 215
74 224
74 233
74 242
75 89
75 98
75 107
75 116
75 125
75 134
75 143
75 152
75 161
75 170
75 179
75 188
75 197
75 206
75 215
75 224
75 233
75 242
76 89
76 98
76 107
76 116
76 125
76 134
76 143
76 152
76 161
76 170
76 179
76 188
76 197
76 206
76 215
76 224
76 233
76 242
77 89
77 98
77 107
77 116
77 125
77 134
77 143
77 152
77 161
77 170
77 179
77 188
77 197
77 206
77 215
77 224
77 233
77 242
78 89
78 98
78 107
78 116
78 125
78 134
78 143
78 152
78 161
78 170
78 179
78 188
78 197
78 206
78 215
78 224
78 233
78 242
79 89
79 98
79 107
79 116
79 125
79 134
79 143
79 152
79 161
79 170
79 179
79 188
79 197
79 206
79 215
79 224
79 233
79 242
80 89
80 98
80 107
80 116
80 125
80 134
80 143
80 152
80 161
80 170
80 179
80 188
80 197
80 206
80 215
80 224
80 233
80 242
81 243
81 244
81 245
81 246
81 247
81 248
81 249
81 250
81 251
82 243
82 244
82 245
82 246
82 247
82 248
82 249
82 250
82 251
83 243
83 244
83 245
83 246
83 247
83 248
83 249
83 250
83 251
84 243
84 244
84 245
84 246
84 247
84 248
84 249
84 250
84 251
85 243
85 244
85 245
85 246
85 247
85 248
85 249
85 250
85 251
86 243
86 244
86 245
86 246
86 247
86 248
86 249
86 250
86 251
87 243
87 244
87 245
87 246
87 247
87 248
87 249
87 250
87 251
88 243
88 244
88 245
88 246
88 247
88 248
88 249
88 250
88 251
89 243
89 244
89 245
89 246
89 247
89 248
89 249
89 250
89 251
90 252
90 253
90 254
90 255
90 256
90 257
90 258
90 259
90 260
91 252
91 253
91 254
91 255
91 256
91 257
91 258
91 259
91 260
92 252
92 253
92 254
92 255
92 256
92 257
92 258
92 259
92 260
93 252
93 253
93 254
93 255
93 256
93 257
93 258
93 259
93 260
94 252
94 253
94 254
94 255
94 256
94 257
94 258
94 259
94 260
95 252
95 253
95 254
95 255
95 256
95 257
95 258
95 259
95 260
96 252
96 253
96 254
96 255
96 256
96 257
96 258
96 259
96 260
97 252
97 253
97 254
97 255
97 256
97 257
97 258
97 259
97 260
98 252
98 253
98 254
98 255
98 256
98 257
98 258
98 259
98 260
99 261
99 262
99 263
99 264
99 265
99 266
99 267
99 268
99 269
100 261
100 262
100 263
100 264
100 265
100 266
100 267
100 268
100 269
101 261
101 262
101 263
101 264
101 265
101 266
101 267
101 268
101 269
102 261
102 262
102 263
102 264
102 265
102 266
102 267
102 268
102 269
103 261
103 262
103 263
103 264
103 265
103 266
103 267
103 268
103 269
104 261
104 262
104 263
104 264
104 265
104 266
104 267
104 268
104 269
105 261
105 262
105 263
105 264
105 265
105 266
105 267
105 268
105 269
106 261
106 262
106 263
106 264
106 265
106 266
106 267
106 268
106 269
107 261
107 262
107 263
107 264
107 265
107 266
107 267
107 268
107 269
108 270
108 271
108 272
108 273
108 274
108 275
108 276
108 277
108 278
109 270
109 271
109 272
109 273
109 274
109 275
109 276
109 277
109 278
110 270
110 271
110 272
110 273
110 274
110 275
110 276
110 277
110 278
111 270
111 271
111 272
111 273
111 274
111 275
111 276
111 277
111 278
112 270
112 271
112 272
112 273
112 274
112 275
112 276
112 277
112 278
113 270
113 271
113 272
113 273
113 274
113 275
113 276
113 277
113 278
114 270
114 271
114 272
114 273
114 274
114 275
114 276
114 277
114 278
115 270
115 271
115 272
115 273
115 274
115 275
115 276
115 277
115 278
116 270
116 271
116 272
116 273
116 274
116 275
116 276
116 277
116 278
117 279
117 280
117 281
117 282
117 283
117 284
117 285
117 286
117 287
118 279
118 280
118 281
118 282
118 283
118 284
118 285
118 286
118 287
119 279
119 280
119 281
119 282
119 283
119 284
119 285
119 286
119 287
120 279
120 280
120 281
120 282
120 283
120 284
120 285
120 286
120 287
121 279
121 280
121 281
121 282
121 283
121 284
121 285
121 286
121 287
122 279
122 280
122 281
122 282
122 283
122 284
122 285
122 286
122 287
123 279
123 280
123 281
123 282
123 283
123 284
123 285
123 286
123 287
124 279
124 280
124 281
124 282
124 283
124 284
124 285
124 286
124 287
125 279
125 280
125 281
125 282
125 283
125 284
125 285
125 286
125 287
126 288
126 289
126 290
126 291
126 292
126 293
126 294
126 295
126 296
127 288
127 289
127 290
127 291
127 292
127 293
127 294
127 295
127 296
128 288
128 289
128 290
128 291
128 292
128 293
128 294
128 295
128 296
129 288
129 289
129 290
129 291
129 292
129 293
129 294
129 295
129 296
130 288
130 289
130 290
130 291
130 292
130 293
130 294
130 295
130 296
131 288
131 289
131 290
131 291
131 292
131 293
131 294
131 295
131 296
132 288
132 289
132 290
132 291
132 292
132 293
132 294
132 295
132 296
133 288
133 289
133 290
133 291
133 292
133 293
133 294
133 295
133 296
134 288
134 289
134 290
134 291
134 292
134 293
134 294
134 295
134 296
135 297
135 298
135 299
135 300
135 301
135 302
135 303
135 304
135 305
136 297
136 298
136 299
136 300
136 301
136 302
136 303
136 304
136 305
137 297
137 298
137 299
137 300
137 301
137 302
137 303
137 304
137 305
138 297
138 298
138 299
138 300
138 301
138 302
138 303
138 304
138 305
139 297
139 298
139 299
139 300
139 301
139 302
139 303
139 304
139 305
140 297
140 298
140 299
140 300
140 301
140 302
140 303
140 304
140 305
141 297
141 298
141 299
141 300
141 301
141 302
141 303
141 304
141 305
142 297
142 298
142 299
142 300
142 301
142 302
142 303
142 304
142 305
143 297
143 298
143 299
143 300
143 301
143 302
143 303
143 304
143 305
144 306
144 307
144 308
144 309
144 310
144 311
144 312
144 313
144 314
145 306
145 307
145 308
145 309
145 310
145 311
145 312
145 313
145 314
146 306
146 307
146 308
146 309
146 310
146 311
146 312
146 313
146 314
147 306
147 307
147 308
147 309
147 310
147 311
147 312
147 313
147 314
148 306
148 307
148 308
148 309
148 310
148 311
148 312
148 313
148 314
149 306
149 307
149 308
149 309
149 310
149 311
149 312
149 313
149 314
150 306
150 307
150 308
150 309
150 310
150 311
150 312
150 313
150 314
151 306
151 307
151 308
151 309
151 310
151 311
151 312
151 313
151 314
152 306
152 307
152 308
152 309
152 310
152 311
152 312
152 313
152 314
153 315
153 316
153 317
153 318
153 319
153 320
153 321
153 322
153 323
154 315
154 316
154 317
154 318
154 319
154 320
154 321
154 322
154 323
155 315
155 316
155 317
155 318
155 319
155 320
155 321
155 322
155 323
156 315
156 316
156 317
156 318
156 319
156 320
156 321
156 322
156 323
157 315
157 316
157 317
157 318
157 319
157 320
157 321
157 322
157 323
158 315
158 316
158 317
158 318
158 319
158 320
158 321
158 322
158 323
159 315
159 316
159 317
159 318
159 319
159 320
159 321
159 322
159 323
160 315
160 316
160 317
160 318
160 319
160 320
160 321
160 322
160 323
161 315
161 316
161 317
161 318
161 319
161 320
161 321
161 322
161 323
162 324
162 325
162 326
162 327
162 328
162 329
162 330
162 331
162 332
163 324
163 325
163 326
163 327
163 328
163 329
163 330
163 331
163 332
164 324
164 325
164 326
164 327
164 328
164 329
164 330
164 331
164 332
165 324
165 325
165 326
165 327
165 328
165 329
165 330
165 331
165 332
166 324
166 325
166 326
166 327
166 328
166 329
166 330
166 331
166 332
167 324
167 325
167 326
167 327
167 328
167 329
167 330
167 331
167 332
168 324
168 325
168 326
168 327
168 328
168 329
168 330
168 331
168 332
169 324
169 325
169 326
169 327
169 328
169 329
169 330
169 331
169 332
170 324
170 325
170 326
170 327
170 328
170 329
170 330
170 331
170 332
171 333
171 334
171 335
171 336
171 337
171 338
171 339
171 340
171 341
172 333
172 334
172 335
172 336
172 337
172 338
172 339
172 340
172 341
173 333
173 334
173 335
173 336
173 337
173 338
173 339
173 340
173 341
174 333
174 334
174 335
174 336
174 337
174 338
174 339
174 340
174 341
175 333
175 334
175 335
175 336
175 337
175 338
175 339
175 340
175 341
176 333
176 334
176 335
176 336
176 337
176 338
176 339
176 340
176 341
177 333
177 334
177 335
177 336
177 337
177 338
177 339
177 340
177 341
178 333
178 334
178 335
178 336
178 337
178 338
178 339
178 340
178 341
179 333
179 334
179 335
179 336
179 337
179 338
179 339
179 340
179 341
180 342
180 343
180 344
180 345
180 346
180 347
180 348
180 349
180 350
181 342
181 343
181 344
181 345
181 346
181 347
181 348
181 349
181 350
182 342
182 343
182 344
182 345
182 346
182 347
182 348
182 349
182 350
183 342
183 343
183 344
183 345
183 346
183 347
183 348
183 349
183 350
184 342
184 343
184 344
184 345
184 346
184 347
184 348
184 349
184 350
185 342
185 343
185 344
185 345
185 346
185 347
185 348
185 349
185 350
186 342
186 343
186 344
186 345
186 346
186 347
186 348
186 349
186 350
187 342
187 343
187 344
187 345
187 346
187 347
187 348
187 349
187 350
188 342
188 343
188 344
188 345
188 346
188 347
188 348
188 349
188 350
189 351
189 352
189 353
189 354
189 355
189 356
189 357
189 358
189 359
190 351
190 352
190 353
190 354
190 355
190 356
190 357
190 358
190 359
191 351
191 352
191 353
191 354
191 355
191 356
191 357
191 358
191 359
192 351
192 352
192 353
192 354
192 355
192 356
192 357
192 358
192 359
193 351
193 352
193 353
193 354
193 355
193 356
193 357
193 358
193 359
194 351
194 352
194 353
194 354
194 355
194 356
194 357
194 358
194 359
195 351
195 352
195 353
195 354
195 355
195 356
195 357
195 358
195 359
196 351
196 352
196 353
196 354
196 355
196 356
196 357
196 358
196 359
197 351
197 352
197 353
197 354
197 355
197 356
197 357
197 358
197 359
198 360
198 361
198 362
198 363
198 364
198 365
198 366
198 367
198 368
199 360
199 361
199 362
199 363
199 364
199 365
199 366
199 367
199 368
200 360
200 361
200 362
200 363
200 364
200 365
200 366
200 367
200 368
201 360
201 361
201 362
201 363
201 364
201 365
201 366
201 367
201 368
202 360
202 361
202 362
202 363
202 364
202 365
202 366
202 367
202 368
203 360
203 361
203 362
203 363
203 364
203 365
203 366
203 367
203 368
204 360
204 361
204 362
204 363
204 364
204 365
204 366
204 367
204 368
205 360
205 361
205 362
205 363
205 364
205 365
205 366
205 367
205 368
206 360
206 361
206 362
206 363
206 364
206 365
206 366
206 367
206 368
207 369
207 370
207 371
207 372
207 373
207 374
207 375
207 376
207 377
208 369
208 370
208 371
208 372
208 373
208 374
208 375
208 376
208 377
209 369
209 370
209 371
209 372
209 373
209 374
209 375
209 376
209 377
210 369
210 370
210 371
210 372
210 373
210 374
210 375
210 376
210 377
211 369
211 370
211 371
211 372
211 373
211 374
211 375
211 376
211 377
212 369
212 370
212 371
212 372
212 373
212 374
212 375
212 376
212 377
213 369
213 370
213 371
213 372
213 373
213 374
213 375
213 376
213 377
214 369
214 370
214 371
214 372
214 373
214 374
214 375
214 376
214 377
215 369
215 370
215 371
215 372
215 373
215 374
215 375
215 376
215 377
216 378
216 379
216 380
216 381
216 382
216 383
216 384
216 385
216 386
217 378
217 379
217 380
217 381
217 382
217 383
217 384
217 385
217 386
218 378
218 379
218 380
218 381
218 382
218 383
218 384
218 385
218 386
219 378
219 379
219 380
219 381
219 382
219 383
219 384
219 385
219 386
220 378
220 379
220 380
220 381
220 382
220 383
220 384
220 385
220 386
221 378
221 379
221 380
221 381
221 382
221 383
221 384
221 385
221 386
222 378
222 379
222 380
222 381
222 382
222 383
222 384
222 385
222 386
223 378
223 379
223 380
223 381
223 382
223 383
223 384
223 385
223 386
224 378
224 379
224 380
224 381
224 382
224 383
224 384
224 385
224 386
225 387
225 388
225 389
225 390
225 391
225 392
225 393
225 394
225 395
226 387
226 388
226 389
226 390
226 391
226 392
226 393
226 394
226 395
227 387
227 388
227 389
227 390
227 391
227 392
227 393
227 394
227 395
228 387
228 388
228 389
228 390
228 391
228 392
228 393
228 394
228 395
229 387
229 388
229 389
229 390
229 391
229 392
229 393
229 394
229 395
230 387
230 388
230 389
230 390
230 391
230 392
230 393
230 394
230 395
231 387
231 388
231 389
231 390
231 391
231 392
231 393
231 394
231 395
232 387
232 388
232 389
232 390
232 391
232 392
232 393
232 394
232 395
233 387
233 388
233 389
233 390
233 391
233 392
233 393
233 394
233 395
234 396
234 397
234 398
234 399
234 400
234 401
234 402
234 403
234 404
235 396
235 397
235 398
235 399
235 400
235 401
235 402
235 403
235 404
236 396
236 397
236 398
236 399
236 400
236 401
236 402
236 403
236 404
237 396
237 397
237 398
237 399
237 400
237 401
237 402
237 403
237 404
238 396
238 397
238 398
238 399
238 400
238 401
238 402
238 403
238 404
239 396
239 397
239 398
239 399
239 400
239 401
239 402
239 403
239 404
240 396
240 397
240 398
240 399
240 400
240 401
240 402
240 403
240 404
241 396
241 397
241 398
241 399
241 400
241 401
241 402
241 403
241 404
242 396
242 397
242 398
242 399
242 400
242 401
242 402
242 403
242 404
243 405
243 406
243 407
243 408
243 409
243 410
243 411
243 412
243 413
244 414
244 415
244 416
244 417
244 418
244 419
244 420
244 421
244 422
245 423
245 424
245 425
245 426
245 427
245 428
245 429
245 430
245 431
246 432
246 433
246 434
246 435
246 436
246 437
246 438
246 439
246 440
247 441
247 442
247 443
247 444
247 445
247 446
247 447
247 448
247 449
248 450
248 451
248 452
248 453
248 454
248 455
248 456
248 457
248 458
249 459
249 460
249 461
249 462
249 463
249 464
249 465
249 466
249 467
250 468
250 469
250 470
250 471
250 472
250 473
250 474
250 475
250 476
251 477
251 478
251 479
251 480
251 481
251 482
251 483
251 484
251 485
252 486
252 487
252 488
252 489
252 490
252 491
252 492
252 493
252 494
253 495
253 496
253 497
253 498
253 499
253 500
253 501
253 502
253 503
254 504
254 505
254 506
254 507
254 508
254 509
254 510
254 511
254 512
255 513
255 514
255 515
255 516
255 517
255 518
255 519
255 520
255 521
256 522
256 523
256 524
256 525
256 526
256 527
256 528
256 529
256 530
257 531
257 532
257 533
257 534
257 535
257 536
257 537
257 538
257 539
258 540
258 541
258 542
258 543
258 544
258 545
258 546
258 547
258 548
259 549
259 550
259 551
259 552
259 553
259 554
259 555
259 556
259 557
260 558
260 559
260 560
260 561
260 562
260 563
260 564
260 565
260 566
261 567
261 568
261 569
261 570
261 571
261 572
261 573
261 574
261 575
262 576
262 577
262 578
262 579
262 580
262 581
262 582
262 583
262 584
263 585
263 586
263 587
263 588
263 589
263 590
263 591
263 592
263 593
264 594
264 595
264 596
264 597
264 598
264 599
264 600
264 601
264 602
265 603
265 604
265 605
265 606
265 607
265 608
265 609
265 610
265 611
266 612
266 613
266 614
266 615
266 616
266 617
266 618
266 619
266 620
267 621
267 622
267 623
267 624
267 625
267 626
267 627
267 628
267 629
268 630
268 631
268 632
268 633
268 634
268 635
268 636
268 637
268 638
269 639
269 640
269 641
269 642
269 643
269 644
269 645
269 646
269 647
270 648
270 649
270 650
270 651
270 652
270 653
270 654
270 655
270 656
271 657
271 658
271 659
271 660
271 661
271 662
271 663
271 664
271 665
272 666
272 667
272 668
272 669
272 670
272 671
272 672
272 673
272 674
273 675
273 676
273 677
273 678
273 679
273 680
273 681
273 682
273 683
274 684
274 685
274 686
274 687
274 688
274 689
274 690
274 691
274 692
275 693
275 694
275 695
275 696
275 697
275 698
275 699
275 700
275 701
276 702
276 703
276 704
276 705
276 706
276 707
276 708
276 709
276 710
277 711
277 712
277 713
277 714
277 715
277 716
277 717
277 718
277 719
278 720
278 721
278 722
278 723
278 724
278 725
278 726
278 727
278 728
279 729
279 730
279 731
279 732
279 733
279 734
279 735
279 736
279 737
280 738
280 739
280 740
280 741
280 742
280 743
280 744
280 745
280 746
281 747
281 748
281 749
281 750
281 751
281 752
281 753
281 754
281 755
282 756
282 757
282 758
282 759
282 760
282 761
282 762
282 763
282 764
283 765
283 766
283 767
283 768
283 769
283 770
283 771
283 772
283 773
284 774
284 775
284 776
284 777
284 778
284 779
284 780
284 781
284 782
285 783
285 784
285 785
285 786
285 787
285 788
285 789
285 790
285 791
286 792
286 793
286 794
286 795
286 796
286 797
286 798
286 799
286 800
287 801
287 802
287 803
287 804
287 805
287 806
287 807
287 808
287 809
288 810
288 811
288 812
288 813
288 814
288 815
288 816
288 817
288 818
289 819
289 820
289 821
289 822
289 823
289 824
289 825
289 826
289 827
290 828
290 829
290 830
290 831
290 832
290 833
290 834
290 835
290 836
291 837
291 838
291 839
291 840
291 841
291 842
291 843
291 844
291 845
292 846
292 847
292 848
292 849
292 850
292 851
292 852
292 853
292 854
293 855
293 856
293 857
293 858
293 859
293 860
293 861
293 862
293 863
294 864
294 865
294 866
294 867
294 868
294 869
294 870
294 871
294 872
295 873
295 874
295 875
295 876
295 877
295 878
295 879
295 880
295 881
296 882
296 883
296 884
296 885
296 886
296 887
296 888
296 889
296 890
297 891
297 892
297 893
297 894
297 895
297 896
297 897
297 898
297 899
298 900
298 901
298 902
298 903
298 904
298 905
298 906
298 907
298 908
299 909
299 910
299 911
299 912
299 913
299 914
299 915
299 916
299 917
300 918
300 919
300 920
300 921
300 922
300 923
300 924
300 925
300 926
301 927
301 928
301 929
301 930
301 931
301 932
301 933
301 934
301 935
302 936
302 937
302 938
302 939
302 940
302 941
302 942
302 943
302 944
303 945
303 946
303 947
303 948
303 949
303 950
303 951
303 952
303 953
304 954
304 955
304 956
304 957
304 958
304 959
304 960
304 961
304 962
305 963
305 964
305 965
305 966
305 967
305 968
305 969
305 970
305 971
306 972
306 973
306 974
306 975
306 976
306 977
306 978
306 979
306 980
307 981
307 982
307 983
307 984
307 985
307 986
307 987
307 988
307 989
308 990
308 991
308 992
308 993
308 994
308 995
308 996
308 997
308 998
309 999
309 1000
309 1001
309 1002
309 1003
309 1004
309 1005
309 1006
309 1007
310 1008
310 1009
310 1010
310 1011
310 1012
310 1013
310 1014
310 1015
310 1016
311 1017
311 1018
311 1019
311 1020
311 1021
311 1022
311 1023
311 1024
311 1025
312 1026
312 1027
312 1028
312 1029
312 1030
312 1031
312 1032
312 1033
312 1034
313 1035
313 1036
313 1037
313 1038
313 1039
313 1040
313 1041
313 1042
313 1043
314 1044
314 1045
314 1046
314 1047
314 1048
314 1049
314 1050
314 1051
314 1052
315 1053
315 1054
315 1055
315 1056
315 1057
315 1058
315 1059
315 1060
315 1061
316 1062
316 1063
316 1064
316 1065
316 1066
316 1067
316 1068
316 1069
316 1070
317 1071
317 1072
317 1073
317 1074
317 1075
317 1076
317 1077
317 1078
317 1079
318 1080
318 1081
318 1082
318 1083
318 1084
318 1085
318 1086
318 1087
318 1088
319 1089
319 1090
319 1091
319 1092
319 1093
319 1094
319 1095
319 1096
319 1097
320 1098
320 1099
320 1100
320 1101
320 1102
320 1103
320 1104
320 1105
320 1106
321 1107
321 1108
321 1109
321 1110
321 1111
321 1112
321 1113
321 1114
321 1115
322 1116
322 1117
322 1118
322 1119
322 1120
322 1121
322 1122
322 1123
322 1124
323 1125
323 1126
323 1127
323 1128
323 1129
323 1130
323 1131
323 1132
323 1133
324 1134
324 1135
324 1136
324 1137
324 1138
324 1139
324 1140
324 1141
324 1142
325 1143
325 1144
325 1145
325 1146
325 1147
325 1148
325 1149
325 1150
325 1151
326 1152
326 1153
326 1154
326 1155
326 1156
326 1157
326 1158
326 1159
326 1160
327 1161
327 1162
327 1163
327 1164
327 1165
327 1166
327 1167
327 1168
327 1169
328 1170
328 1171
328 1172
328 1173
328 1174
328 1175
328 1176
328 1177
328 1178
329 1179
329 1180
329 1181
329 1182
329 1183
329 1184
329 1185
329 1186
329 1187
330 1188
330 1189
330 1190
330 1191
330 1192
330 1193
330 1194
330 1195
330 1196
331 1197
331 1198
331 1199
331 1200
331 1201
331 1202
331 1203
331 1204
331 1205
332 1206
332 1207
332 1208
332 1209
332 1210
332 1211
332 1212
332 1213
332 1214
333 1215
333 1216
333 1217
333 1218
333 1219
333 1220
333 1221
333 1222
333 1223
334 1224
334 1225
334 1226
334 1227
334 1228
334 1229
334 1230
334 1231
334 1232
335 1233
335 1234
335 1235
335 1236
335 1237
335 1238
335 1239
335 1240
335 1241
336 1242
336 1243
336 1244
336 1245
336 1246
336 1247
336 1248
336 1249
336 1250
337 1251
337 1252
337 1253
337 1254
337 1255
337 1256
337 1257
337 1258
337 1259
338 1260
338 1261
338 1262
338 1263
338 1264
338 1265
338 1266
338 1267
338 1268
339 1269
339 1270
339 1271
339 1272
339 1273
339 1274
339 1275
339 1276
339 1277
340 1278
340 1279
340 1280
340 1281
340 1282
340 1283
340 1284
340 1285
340 1286
341 1287
341 1288
341 1289
341 1290
341 1291
341 1292
341 1293
341 1294
341 1295
342 1296
342 1297
342 1298
342 1299
342 1300
342 1301
342 1302
342 1303
342 1304
343 1305
343 1306
343 1307
343 1308
343 1309
343 1310
343 1311
343 1312
343 1313
344 1314
344 1315
344 1316
344 1317
344 1318
344 1319
344 1320
344 1321
344 1322
345 1323
345 1324
345 1325
345 1326
345 1327
345 1328
345 1329
345 1330
345 1331
346 1332
346 1333
346 1334
346 1335
346 1336
346 1337
346 1338
346 1339
346 1340
347 1341
347 1342
347 1343
347 1344
347 1345
347 1346
347 1347
347 1348
347 1349
348 1350
348 1351
348 1352
348 1353
348 1354
348 1355
348 1356
348 1357
348 1358
349 1359
349 1360
349 1361
349 1362
349 1363
349 1364
349 1365
349 1366
349 1367
350 1368
350 1369
350 1370
350 1371
350 1372
350 1373
350 1374
350 1375
350 1376
351 1377
351 1378
351 1379
351 1380
351 1381
351 1382
351 1383
351 1384
351 1385
352 1386
352 1387
352 1388
352 1389
352 1390
352 1391
352 1392
352 1393
352 1394
353 1395
353 1396
353 1397
353 1398
353 1399
353 1400
353 1401
353 1402
353 1403
354 1404
354 1405
354 1406
354 1407
354 1408
354 1409
354 1410
354 1411
354 1412
355 1413
355 1414
355 1415
355 1416
355 1417
355 1418
355 1419
355 1420
355 1421
356 1422
356 1423
356 1424
356 1425
356 1426
356 1427
356 1428
356 1429
356 1430
357 1431
357 1432
357 1433
357 1434
357 1435
357 1436
357 1437
357 1438
357 1439
358 1440
358 1441
358 1442
358 1443
358 1444
358 1445
358 1446
358 1447
358 1448
359 1449
359 1450
359 1451
359 1452
359 1453
359 1454
359 1455
359 1456
359 1457
360 1458
360 1459
360 1460
360 1461
360 1462
360 1463
360 1464
360 1465
360 1466
361 1467
361 1468
361 1469
361 1470
361 1471
361 1472
361 1473
361 1474
361 1475
362 1476
362 1477
362 1478
362 1479
362 1480
362 1481
362 1482
362 1483
362 1484
363 1485
363 1486
363 1487
363 1488
363 1489
363 1490
363 1491
363 1492
363 1493
364 1494
364 1495
364 1496
364 1497
364 1498
364 1499
364 1500
364 1501
364 1502
365 1503
365 1504
365 1505
365 1506
365 1507
365 1508
365 1509
365 1510
365 1511
366 1512
366 1513
366 1514
366 1515
366 1516
366 1517
366 1518
366 1519
366 1520
367 1521
367 1522
367 1523
367 1524
367 1525
367 1526
367 1527
367 1528
367 1529
368 1530
368 1531
368 1532
368 1533
368 1534
368 1535
368 1536
368 1537
368 1538
369 1539
369 1540
369 1541
369 1542
369 1543
369 1544
369 1545
369 1546
369 1547
370 1548
370 1549
370 1550
370 1551
370 1552
370 1553
370 1554
370 1555
370 1556
371 1557
371 1558
371 1559
371 1560
371 1561
371 1562
371 1563
371 1564
371 1565
372 1566
372 1567
372 1568
372 1569
372 1570
372 1571
372 1572
372 1573
372 1574
373 1575
373 1576
373 1577
373 1578
373 1579
373 1580
373 1581
373 1582
373 1583
374 1584
374 1585
374 1586
374 1587
374 1588
374 1589
374 1590
374 1591
374 1592
375 1593
375 1594
375 1595
375 1596
375 1597
375 1598
375 1599
375 1600
375 1601
376 1602
376 1603
376 1604
376 1605
376 1606
376 1607
376 1608
376 1609
376 1610
377 1611
377 1612
377 1613
377 1614
377 1615
377 1616
377 1617
377 1618
377 1619
378 1620
378 1621
378 1622
378 1623
378 1624
378 1625
378 1626
378 1627
378 1628
379 1629
379 1630
379 1631
379 1632
379 1633
379 1634
379 1635
379 1636
379 1637
380 1638
380 1639
380 1640
380 1641
380 1642
380 1643
380 1644
380 1645
380 1646
381 1647
381 1648
381 1649
381 1650
381 1651
381 1652
381 1653
381 1654
381 1655
382 1656
382 1657
382 1658
382 1659
382 1660
382 1661
382 1662
382 1663
382 1664
383 1665
383 1666
383 1667
383 1668
383 1669
383 1670
383 1671
383 1672
383 1673
384 1674
384 1675
384 1676
384 1677
384 1678
384 1679
384 1680
384 1681
384 1682
385 1683
385 1684
385 1685
385 1686
385 1687
385 1688
385 1689
385 1690
385 1691
386 1692
386 1693
386 1694
386 1695
386 1696
386 1697
386 1698
386 1699
386 1700
387 1701
387 1702
387 1703
387 1704
387 1705
387 1706
387 1707
387 1708
387 1709
388 1710
388 1711
388 1712
388 1713
388 1714
388 1715
388 1716
388 1717
388 1718
389 1719
389 1720
389 1721
389 1722
389 1723
389 1724
389 1725
389 1726
389 1727
390 1728
390 1729
390 1730
390 1731
390 1732
390 1733
390 1734
390 1735
390 1736
391 1737
391 1738
391 1739
391 1740
391 1741
391 1742
391 1743
391 1744
391 1745
392 1746
392 1747
392 1748
392 1749
392 1750
392 1751
392 1752
392 1753
392 1754
393 1755
393 1756
393 1757
393 1758
393 1759
393 1760
393 1761
393 1762
393 1763
394 1764
394 1765
394 1766
394 1767
394 1768
394 1769
394 1770
394 1771
394 1772
395 1773
395 1774
395 1775
395 1776
395 1777
395 1778
395 1779
395 1780
395 1781
396 1782
396 1783
396 1784
396 1785
396 1786
396 1787
396 1788
396 1789
396 1790
397 1791
397 1792
397 1793
397 1794
397 1795
397 1796
397 1797
397 1798
397 1799
398 1800
398 1801
398 1802
398 1803
398 1804
398 1805
398 1806
398 1807
398 1808
399 1809
399 1810
399 1811
399 1812
399 1813
399 1814
399 1815
399 1816
399 1817
400 1818
400 1819
400 1820
400 1821
400 1822
400 1823
400 1824
400 1825
400 1826
401 1827
401 1828
401 1829
401 1830
401 1831
401 1832
401 1833
401 1834
401 1835
402 1836
402 1837
402 1838
402 1839
402 1840
402 1841
402 1842
402 1843
402 1844
403 1845
403 1846
403 1847
403 1848
403 1849
403 1850
403 1851
403 1852
403 1853
404 1854
404 1855
404 1856
404 1857
404 1858
404 1859
404 1860
404 1861
404 1862
