0 100
0 110
0 120
0 130
0 140
0 150
0 160
0 170
0 180
0 190
0 200
0 210
0 220
0 230
0 240
0 250
0 260
0 270
0 280
0 290
1 100
1 110
1 120
1 130
1 140
1 150
1 160
1 170
1 180
1 190
1 200
1 210
1 220
1 230
1 240
1 250
1 260
1 270
1 280
1 290
2 100
2 110
2 120
2 130
2 140
2 150
2 160
2 170
2 180
2 190
2 200
2 210
2 220
2 230
2 240
2 250
2 260
2 270
2 280
2 290
3 100
3 110
3 120
3 130
3 140
3 150
3 160
3 170
3 180
3 190
3 200
3 210
3 220
3 230
3 240
3 250
3 260
3 270
3 280
3 290
4 100
4 110
4 120
4 130
4 140
4 150
4 160
4 170
4 180
4 190
4 200
4 210
4 220
4 230
4 240
4 250
4 260
4 270
4 280
4 290
5 100
5 110
5 120
5 130
5 140
5 150
5 160
5 170
5 180
5 190
5 200
5 210
5 220
5 230
5 240
5 250
5 260
5 270
5 280
5 290
6 100
6 110
6 120
6 130
6 140
6 150
6 160
6 170
6 180
6 190
6 200
6 210
6 220
6 230
6 240
6 250
6 260
6 270
6 280
6 290
7 100
7 110
7 120
7 130
7 140
7 150
7 160
7 170
7 180
7 190
7 200
7 210
7 220
7 230
7 240
7 250
7 260
7 270
7 280
7 290
8 100
8 110
8 120
8 130
8 140
8 150
8 160
8 170
8 180
8 190
8 200
8 210
8 220
8 230
8 240
8 250
8 260
8 270
8 280
8 290
9 100
9 110
9 120
9 130
9 140
9 150
9 160
9 170
9 180
9 190
9 200
9 210
9 220
9 230
9 240
9 250
9 260
9 270
9 280
9 290
10 101
10 111
10 121
10 131
10 141
10 151
10 161
10 171
10 181
10 191
10 201
10 211
10 221
10 231
10 241
10 251
10 261
10 271
10 281
10 291
11 101
11 111
11 121
11 131
11 141
11 151
11 161
11 171
11 181
11 191
11 201
11 211
11 221
11 231
11 241
11 251
11 261
11 271
11 281
11 291
12 101
12 111
12 121
12 131
12 141
12 151
12 161
12 171
12 181
12 191
12 201
12 211
12 221
12 231
12 241
12 251
12 261
12 271
12 281
12 291
13 101
13 111
13 121
13 131
13 141
13 151
13 161
13 171
13 181
13 191
13 201
13 211
13 221
13 231
13 241
13 251
13 261
13 271
13 281
13 291
14 101
14 111
14 121
14 131
14 141
14 151
14 161
14 171
14 181
14 191
14 201
14 211
14 221
14 231
14 241
14 251
14 261
14 271
14 281
14 291
15 101
15 111
15 121
15 131
15 141
15 151
15 161
15 171
15 181
15 191
15 201
15 211
15 221
15 231
15 241
15 251
15 261
15 271
15 281
15 291
16 101
16 111
16 121
16 131
16 141
16 151
16 161
16 171
16 181
16 191
16 201
16 211
16 221
16 231
16 241
16 251
16 261
16 271
16 281
16 291
17 101
17 111
17 121
17 131
17 141
17 151
17 161
17 171
17 181
17 191
17 201
17 211
17 221
17 231
17 241
17 251
17 261
17 271
17 281
17 291
18 101
18 111
18 121
18 131
18 141
18 151
18 161
18 171
18 181
18 191
18 201
18 211
18 221
18 231
18 241
18 251
18 261
18 271
18 281
18 291
19 101
19 111
19 121
19 131
19 141
19 151
19 161
19 171
19 181
19 191
19 201
19 211
19 221
19 231
19 241
19 251
19 261
19 271
19 281
19 291
20 102
20 112
20 122
20 132
20 142
20 152
20 162
20 172
20 182
20 192
20 202
20 212
20 222
20 232
20 242
20 252
20 262
20 272
20 282
20 292
21 102
21 112
21 122
21 132
21 142
21 152
21 162
21 172
21 182
21 192
21 202
21 212
21 222
21 232
21 242
21 252
21 262
21 272
21 282
21 292
22 102
22 112
22 122
22 132
22 142
22 152
22 162
22 172
22 182
22 192
22 202
22 212
22 222
22 232
22 242
22 252
22 262
22 272
22 282
22 292
23 102
23 112
23 122
23 132
23 142
23 152
23 162
23 172
23 182
23 192
23 202
23 212
23 222
23 232
23 242
23 252
23 262
23 272
23 282
23 292
24 102
24 112
24 122
24 132
24 142
24 152
24 162
24 172
24 182
24 192
24 202
24 212
24 222
24 232
24 242
24 252
24 262
24 272
24 282
24 292
25 102
25 112
25 122
25 132
25 142
25 152
25 162
25 172
25 182
25 192
25 202
25 212
25 222
25 232
25 242
25 252
25 262
25 272
25 282
25 292
26 102
26 112
26 122
26 132
26 142
26 152
26 162
26 172
26 182
26 192
26 202
26 212
26 222
26 232
26 242
26 252
26 262
26 272
26 282
26 292
27 102
27 112
27 122
27 132
27 142
27 152
27 162
27 172
27 182
27 192
27 202
27 212
27 222
27 232
27 242
27 252
27 262
27 272
27 282
27 292
28 102
28 112
28 122
28 132
28 142
28 152
28 162
28 172
28 182
28 192
28 202
28 212
28 222
28 232
28 242
28 252
28 262
28 272
28 282
28 292
29 102
29 112
29 122
29 132
29 142
29 152
29 162
29 172
29 182
29 192
29 202
29 212
29 222
29 232
29 242
29 252
29 262
29 272
29 282
29 292
30 103
30 113
30 123
30 133
30 143
30 153
30 163
30 173
30 183
30 193
30 203
30 213
30 223
30 233
30 243
30 253
30 263
30 273
30 283
30 293
31 103
31 113
31 123
31 133
31 143
31 153
31 163
31 173
31 183
31 193
31 203
31 213
31 223
31 233
31 243
31 253
31 263
31 273
31 283
31 293
32 103
32 113
32 123
32 133
32 143
32 153
32 163
32 173
32 183
32 193
32 203
32 213
32 223
32 233
32 243
32 253
32 263
32 273
32 283
32 293
33 103
33 113
33 123
33 133
33 143
33 153
33 163
33 173
33 183
33 193
33 203
33 213
33 223
33 233
33 243
33 253
33 263
33 273
33 283
33 293
34 103
34 113
34 123
34 133
34 143
34 153
34 163
34 173
34 183
34 193
34 203
34 213
34 223
34 233
34 243
34 253
34 263
34 273
34 283
34 293
35 103
35 113
35 123
35 133
35 143
35 153
35 163
35 173
35 183
35 193
35 203
35 213
35 223
35 233
35 243
35 253
35 263
35 273
35 283
35 293
36 103
36 113
36 123
36 133
36 143
36 153
36 163
36 173
36 183
36 193
36 203
36 213
36 223
36 233
36 243
36 253
36 263
36 273
36 283
36 293
37 103
37 113
37 123
37 133
37 143
37 153
37 163
37 173
37 183
37 193
37 203
37 213
37 223
37 233
37 243
37 253
37 263
37 273
37 283
37 293
38 103
38 113
38 123
38 133
38 143
38 153
38 163
38 173
38 183
38 193
38 203
38 213
38 223
38 233
38 243
38 253
38 263
38 273
38 283
38 293
39 103
39 113
39 123
39 133
39 143
39 153
39 163
39 173
39 183
39 193
39 203
39 213
39 223
39 233
39 243
39 253
39 263
39 273
39 283
39 293
40 104
40 114
40 124
40 134
40 144
40 154
40 164
40 174
40 184
40 194
40 204
40 214
40 224
40 234
40 244
40 254
40 264
40 274
40 284
40 294
41 104
41 114
41 124
41 134
41 144
41 154
41 164
41 174
41 184
41 194
41 204
41 214
41 224
41 234
41 244
41 254
41 264
41 274
41 284
41 294
42 104
42 114
42 124
42 134
42 144
42 154
42 164
42 174
42 184
42 194
42 204
42 214
42 224
42 234
42 244
42 254
42 264
42 274
42 284
42 294
43 104
43 114
43 124
43 134
43 144
43 154
43 164
43 174
43 184
43 194
43 204
43 214
43 224
43 234
43 244
43 254
43 264
43 274
43 284
43 294
44 104
44 114
44 124
44 134
44 144
44 154
44 164
44 174
44 184
44 194
44 204
44 214
44 224
44 234
44 244
44 254
44 264
44 274
44 284
44 294
45 104
45 114
45 124
45 134
45 144
45 154
45 164
45 174
45 184
45 194
45 204
45 214
45 224
45 234
45 244
45 254
45 264
45 274
45 284
45 294
46 104
46 114
46 124
46 134
46 144
46 154
46 164
46 174
46 184
46 194
46 204
46 214
46 224
46 234
46 244
46 254
46 264
46 274
46 284
46 294
47 104
47 114
47 124
47 134
47 144
47 154
47 164
47 174
47 184
47 194
47 204
47 214
47 224
47 234
47 244
47 254
47 264
47 274
47 284
47 294
48 104
48 114
48 124
48 134
48 144
48 154
48 164
48 174
48 184
48 194
48 204
48 214
48 224
48 234
48 244
48 254
48 264
48 274
48 284
48 294
49 104
49 114
49 124
49 134
49 144
49 154
49 164
49 174
49 184
49 194
49 204
49 214
49 224
49 234
49 244
49 254
49 264
49 274
49 284
49 294
50 105
50 115
50 125
50 135
50 145
50 155
50 165
50 175
50 185
50 195
50 205
50 215
50 225
50 235
50 245
50 255
50 265
50 275
50 285
50 295
51 105
51 115
51 125
51 135
51 145
51 155
51 165
51 175
51 185
51 195
51 205
51 215
51 225
51 235
51 245
51 255
51 265
51 275
51 285
51 295
52 105
52 115
52 125
52 135
52 145
52 155
52 165
52 175
52 185
52 195
52 205
52 215
52 225
52 235
52 245
52 255
52 265
52 275
52 285
52 295
53 105
53 115
53 125
53 135
53 145
53 155
53 165
53 175
53 185
53 195
53 205
53 215
53 225
53 235
53 245
53 255
53 265
53 275
53 285
53 295
54 105
54 115
54 125
54 135
54 145
54 155
54 165
54 175
54 185
54 195
54 205
54 215
54 225
54 235
54 245
54 255
54 265
54 275
54 285
54 295
55 105
55 115
55 125
55 135
55 145
55 155
55 165
55 175
55 185
55 195
55 205
55 215
55 225
55 235
55 245
55 255
55 265
55 275
55 285
55 295
56 105
56 115
56 125
56 135
56 145
56 155
56 165
56 175
56 185
56 195
56 205
56 215
56 225
56 235
56 245
56 255
56 265
56 275
56 285
56 295
57 105
57 115
57 125
57 135
57 145
57 155
57 165
57 175
57 185
57 195
57 205
57 215
57 225
57 235
57 245
57 255
57 265
57 275
57 285
57 295
58 105
58 115
58 125
58 135
58 145
58 155
58 165
58 175
58 185
58 195
58 205
58 215
58 225
58 235
58 245
58 255
58 265
58 275
58 285
58 295
59 105
59 115
59 125
59 135
59 145
59 155
59 165
59 175
59 185
59 195
59 205
59 215
59 225
59 235
59 245
59 255
59 265
59 275
59 285
59 295
60 106
60 116
60 126
60 136
60 146
60 156
60 166
60 176
60 186
60 196
60 206
60 216
60 226
60 236
60 246
60 256
60 266
60 276
60 286
60 296
61 106
61 116
61 126
61 136
61 146
61 156
61 166
61 176
61 186
61 196
61 206
61 216
61 226
61 236
61 246
61 256
61 266
61 276
61 286
61 296
62 106
62 116
62 126
62 136
62 146
62 156
62 166
62 176
62 186
62 196
62 206
62 216
62 226
62 236
62 246
62 256
62 266
62 276
62 286
62 296
63 106
63 116
63 126
63 136
63 146
63 156
63 166
63 176
63 186
63 196
63 206
63 216
63 226
63 236
63 246
63 256
63 266
63 276
63 286
63 296
64 106
64 116
64 126
64 136
64 146
64 156
64 166
64 176
64 186
64 196
64 206
64 216
64 226
64 236
64 246
64 256
64 266
64 276
64 286
64 296
65 106
65 116
65 126
65 136
65 146
65 156
65 166
65 176
65 186
65 196
65 206
65 216
65 226
65 236
65 246
65 256
65 266
65 276
65 286
65 296
66 106
66 116
66 126
66 136
66 146
66 156
66 166
66 176
66 186
66 196
66 206
66 216
66 226
66 236
66 246
66 256
66 266
66 276
66 286
66 296
67 106
67 116
67 126
67 136
67 146
67 156
67 166
67 176
67 186
67 196
67 206
67 216
67 226
67 236
67 246
67 256
67 266
67 276
67 286
67 296
68 106
68 116
68 126
68 136
68 146
68 156
68 166
68 176
68 186
68 196
68 206
68 216
68 226
68 236
68 246
68 256
68 266
68 276
68 286
68 296
69 106
69 116
69 126
69 136
69 146
69 156
69 166
69 176
69 186
69 196
69 206
69 216
69 226
69 236
69 246
69 256
69 266
69 276
69 286
69 296
70 107
70 117
70 127
70 137
70 147
70 157
70 167
70 177
70 187
70 197
70 207
70 217
70 227
70 237
70 247
70 257
70 267
70 277
70 287
70 297
71 107
71 117
71 127
71 137
71 147
71 157
71 167
71 177
71 187
71 197
71 207
71 217
71 227
71 237
71 247
71 257
71 267
71 277
71 287
71 297
72 107
72 117
72 127
72 137
72 147
72 157
72 167
72 177
72 187
72 197
72 207
72 217
72 227
72 237
72 247
72 257
72 267
72 277
72 287
72 297
73 107
73 117
73 127
73 137
73 147
73 157
73 167
73 177
73 187
73 197
73 207
73 217
73 227
73 237
73 247
73 257
73 267
73 277
73 287
73 297
74 107
74 117
74 127
74 137
74 147
74 157
74 167
74 177
74 187
74 197
74 207
74 217
74 227
74 237
74 247
74 257
74 267
74 277
74 287
74 297
75 107
75 117
75 127
75 137
75 147
75 157
75 167
75 177
75 187
75 197
75 207
75 217
75 227
75 237
75 247
75 257
75 267
75 277
75 287
75 297
76 107
76 117
76 127
76 137
76 147
76 157
76 167
76 177
76 187
76 197
76 207
76 217
76 227
76 237
76 247
76 257
76 267
76 277
76 287
76 297
77 107
77 117
77 127
77 137
77 147
77 157
77 167
77 177
77 187
77 197
77 207
77 217
77 227
77 237
77 247
77 257
77 267
77 277
77 287
77 297
78 107
78 117
78 127
78 137
78 147
78 157
78 167
78 177
78 187
78 197
78 207
78 217
78 227
78 237
78 247
78 257
78 267
78 277
78 287
78 297
79 107
79 117
79 127
79 137
79 147
79 157
79 167
79 177
79 187
79 197
79 207
79 217
79 227
79 237
79 247
79 257
79 267
79 277
79 287
79 297
80 108
80 118
80 128
80 138
80 148
80 158
80 168
80 178
80 188
80 198
80 208
80 218
80 228
80 238
80 248
80 258
80 268
80 278
80 288
80 298
81 108
81 118
81 128
81 138
81 148
81 158
81 168
81 178
81 188
81 198
81 208
81 218
81 228
81 238
81 248
81 258
81 268
81 278
81 288
81 298
82 108
82 118
82 128
82 138
82 148
82 158
82 168
82 178
82 188
82 198
82 208
82 218
82 228
82 238
82 248
82 258
82 268
82 278
82 288
82 298
83 108
83 118
83 128
83 138
83 148
83 158
83 168
83 178
83 188
83 198
83 208
83 218
83 228
83 238
83 248
83 258
83 268
83 278
83 288
83 298
84 108
84 118
84 128
84 138
84 148
84 158
84 168
84 178
84 188
84 198
84 208
84 218
84 228
84 238
84 248
84 258
84 268
84 278
84 288
84 298
85 108
85 118
85 128
85 138
85 148
85 158
85 168
85 178
85 188
85 198
85 208
85 218
85 228
85 238
85 248
85 258
85 268
85 278
85 288
85 298
86 108
86 118
86 128
86 138
86 148
86 158
86 168
86 178
86 188
86 198
86 208
86 218
86 228
86 238
86 248
86 258
86 268
86 278
86 288
86 298
87 108
87 118
87 128
87 138
87 148
87 158
87 168
87 178
87 188
87 198
87 208
87 218
87 228
87 238
87 248
87 258
87 268
87 278
87 288
87 298
88 108
88 118
88 128
88 138
88 148
88 158
88 168
88 178
88 188
88 198
88 208
88 218
88 228
88 238
88 248
88 258
88 268
88 278
88 288
88 298
89 108
89 118
89 128
89 138
89 148
89 158
89 168
89 178
89 188
89 198
89 208
89 218
89 228
89 238
89 248
89 258
89 268
89 278
89 288
89 298
90 109
90 119
90 129
90 139
90 149
90 159
90 169
90 179
90 189
90 199
90 209
90 219
90 229
90 239
90 249
90 259
90 269
90 279
90 289
90 299
91 109
91 119
91 129
91 139
91 149
91 159
91 169
91 179
91 189
91 199
91 209
91 219
91 229
91 239
91 249
91 259
91 269
91 279
91 289
91 299
92 109
92 119
92 129
92 139
92 149
92 159
92 169
92 179
92 189
92 199
92 209
92 219
92 229
92 239
92 249
92 259
92 269
92 279
92 289
92 299
93 109
93 119
93 129
93 139
93 149
93 159
93 169
93 179
93 189
93 199
93 209
93 219
93 229
93 239
93 249
93 259
93 269
93 279
93 289
93 299
94 109
94 119
94 129
94 139
94 149
94 159
94 169
94 179
94 189
94 199
94 209
94 219
94 229
94 239
94 249
94 259
94 269
94 279
94 289
94 299
95 109
95 119
95 129
95 139
95 149
95 159
95 169
95 179
95 189
95 199
95 209
95 219
95 229
95 239
95 249
95 259
95 269
95 279
95 289
95 299
96 109
96 119
96 129
96 139
96 149
96 159
96 169
96 179
96 189
96 199
96 209
96 219
96 229
96 239
96 249
96 259
96 269
96 279
96 289
96 299
97 109
97 119
97 129
97 139
97 149
97 159
97 169
97 179
97 189
97 199
97 209
97 219
97 229
97 239
97 249
97 259
97 269
97 279
97 289
97 299
98 109
98 119
98 129
98 139
98 149
98 159
98 169
98 179
98 189
98 199
98 209
98 219
98 229
98 239
98 249
98 259
98 269
98 279
98 289
98 299
99 109
99 119
99 129
99 139
99 149
99 159
99 169
99 179
99 189
99 199
99 209
99 219
99 229
99 239
99 249
99 259
99 269
99 279
99 289
99 299
100 300
100 301
100 302
100 303
100 304
100 305
100 306
100 307
100 308
100 309
101 300
101 301
101 302
101 303
101 304
101 305
101 306
101 307
101 308
101 309
102 300
102 301
102 302
102 303
102 304
102 305
102 306
102 307
102 308
102 309
103 300
103 301
103 302
103 303
103 304
103 305
103 306
103 307
103 308
103 309
104 300
104 301
104 302
104 303
104 304
104 305
104 306
104 307
104 308
104 309
105 300
105 301
105 302
105 303
105 304
105 305
105 306
105 307
105 308
105 309
106 300
106 301
106 302
106 303
106 304
106 305
106 306
106 307
106 308
106 309
107 300
107 301
107 302
107 303
107 304
107 305
107 306
107 307
107 308
107 309
108 300
108 301
108 302
108 303
108 304
108 305
108 306
108 307
108 308
108 309
109 300
109 301
109 302
109 303
109 304
109 305
109 306
109 307
109 308
109 309
110 310
110 311
110 312
110 313
110 314
110 315
110 316
110 317
110 318
110 319
111 310
111 311
111 312
111 313
111 314
111 315
111 316
111 317
111 318
111 319
112 310
112 311
112 312
112 313
112 314
112 315
112 316
112 317
112 318
112 319
113 310
113 311
113 312
113 313
113 314
113 315
113 316
113 317
113 318
113 319
114 310
114 311
114 312
114 313
114 314
114 315
114 316
114 317
114 318
114 319
115 310
115 311
115 312
115 313
115 314
115 315
115 316
115 317
115 318
115 319
116 310
116 311
116 312
116 313
116 314
116 315
116 316
116 317
116 318
116 319
117 310
117 311
117 312
117 313
117 314
117 315
117 316
117 317
117 318
117 319
118 310
118 311
118 312
118 313
118 314
118 315
118 316
118 317
118 318
118 319
119 310
119 311
119 312
119 313
119 314
119 315
119 316
119 317
119 318
119 319
120 320
120 321
120 322
120 323
120 324
120 325
120 326
120 327
120 328
120 329
121 320
121 321
121 322
121 323
121 324
121 325
121 326
121 327
121 328
121 329
122 320
122 321
122 322
122 323
122 324
122 325
122 326
122 327
122 328
122 329
123 320
123 321
123 322
123 323
123 324
123 325
123 326
123 327
123 328
123 329
124 320
124 321
124 322
124 323
124 324
124 325
124 326
124 327
124 328
124 329
125 320
125 321
125 322
125 323
125 324
125 325
125 326
125 327
125 328
125 329
126 320
126 321
126 322
126 323
126 324
126 325
126 326
126 327
126 328
126 329
127 320
127 321
127 322
127 323
127 324
127 325
127 326
127 327
127 328
127 329
128 320
128 321
128 322
128 323
128 324
128 325
128 326
128 327
128 328
128 329
129 320
129 321
129 322
129 323
129 324
129 325
129 326
129 327
129 328
129 329
130 330
130 331
130 332
130 333
130 334
130 335
130 336
130 337
130 338
130 339
131 330
131 331
131 332
131 333
131 334
131 335
131 336
131 337
131 338
131 339
132 330
132 331
132 332
132 333
132 334
132 335
132 336
132 337
132 338
132 339
133 330
133 331
133 332
133 333
133 334
133 335
133 336
133 337
133 338
133 339
134 330
134 331
134 332
134 333
134 334
134 335
134 336
134 337
134 338
134 339
135 330
135 331
135 332
135 333
135 334
135 335
135 336
135 337
135 338
135 339
136 330
136 331
136 332
136 333
136 334
136 335
136 336
136 337
136 338
136 339
137 330
137 331
137 332
137 333
137 334
137 335
137 336
137 337
137 338
137 339
138 330
138 331
138 332
138 333
138 334
138 335
138 336
138 337
138 338
138 339
139 330
139 331
139 332
139 333
139 334
139 335
139 336
139 337
139 338
139 339
140 340
140 341
140 342
140 343
140 344
140 345
140 346
140 347
140 348
140 349
141 340
141 341
141 342
141 343
141 344
141 345
141 346
141 347
141 348
141 349
142 340
142 341
142 342
142 343
142 344
142 345
142 346
142 347
142 348
142 349
143 340
143 341
143 342
143 343
143 344
143 345
143 346
143 347
143 348
143 349
144 340
144 341
144 342
144 343
144 344
144 345
144 346
144 347
144 348
144 349
145 340
145 341
145 342
145 343
145 344
145 345
145 346
145 347
145 348
145 349
146 340
146 341
146 342
146 343
146 344
146 345
146 346
146 347
146 348
146 349
147 340
147 341
147 342
147 343
147 344
147 345
147 346
147 347
147 348
147 349
148 340
148 341
148 342
148 343
148 344
148 345
148 346
148 347
148 348
148 349
149 340
149 341
149 342
149 343
149 344
149 345
149 346
149 347
149 348
149 349
150 350
150 351
150 352
150 353
150 354
150 355
150 356
150 357
150 358
150 359
151 350
151 351
151 352
151 353
151 354
151 355
151 356
151 357
151 358
151 359
152 350
152 351
152 352
152 353
152 354
152 355
152 356
152 357
152 358
152 359
153 350
153 351
153 352
153 353
153 354
153 355
153 356
153 357
153 358
153 359
154 350
154 351
154 352
154 353
154 354
154 355
154 356
154 357
154 358
154 359
155 350
155 351
155 352
155 353
155 354
155 355
155 356
155 357
155 358
155 359
156 350
156 351
156 352
156 353
156 354
156 355
156 356
156 357
156 358
156 359
157 350
157 351
157 352
157 353
157 354
157 355
157 356
157 357
157 358
157 359
158 350
158 351
158 352
158 353
158 354
158 355
158 356
158 357
158 358
158 359
159 350
159 351
159 352
159 353
159 354
159 355
159 356
159 357
159 358
159 359
160 360
160 361
160 362
160 363
160 364
160 365
160 366
160 367
160 368
160 369
161 360
161 361
161 362
161 363
161 364
161 365
161 366
161 367
161 368
161 369
162 360
162 361
162 362
162 363
162 364
162 365
162 366
162 367
162 368
162 369
163 360
163 361
163 362
163 363
163 364
163 365
163 366
163 367
163 368
163 369
164 360
164 361
164 362
164 363
164 364
164 365
164 366
164 367
164 368
164 369
165 360
165 361
165 362
165 363
165 364
165 365
165 366
165 367
165 368
165 369
166 360
166 361
166 362
166 363
166 364
166 365
166 366
166 367
166 368
166 369
167 360
167 361
167 362
167 363
167 364
167 365
167 366
167 367
167 368
167 369
168 360
168 361
168 362
168 363
168 364
168 365
168 366
168 367
168 368
168 369
169 360
169 361
169 362
169 363
169 364
169 365
169 366
169 367
169 368
169 369
170 370
170 371
170 372
170 373
170 374
170 375
170 376
170 377
170 378
170 379
171 370
171 371
171 372
171 373
171 374
171 375
171 376
171 377
171 378
171 379
172 370
172 371
172 372
172 373
172 374
172 375
172 376
172 377
172 378
172 379
173 370
173 371
173 372
173 373
173 374
173 375
173 376
173 377
173 378
173 379
174 370
174 371
174 372
174 373
174 374
174 375
174 376
174 377
174 378
174 379
175 370
175 371
175 372
175 373
175 374
175 375
175 376
175 377
175 378
175 379
176 370
176 371
176 372
176 373
176 374
176 375
176 376
176 377
176 378
176 379
177 370
177 371
177 372
177 373
177 374
177 375
177 376
177 377
177 378
177 379
178 370
178 371
178 372
178 373
178 374
178 375
178 376
178 377
178 378
178 379
179 370
179 371
179 372
179 373
179 374
179 375
179 376
179 377
179 378
179 379
180 380
180 381
180 382
180 383
180 384
180 385
180 386
180 387
180 388
180 389
181 380
181 381
181 382
181 383
181 384
181 385
181 386
181 387
181 388
181 389
182 380
182 381
182 382
182 383
182 384
182 385
182 386
182 387
182 388
182 389
183 380
183 381
183 382
183 383
183 384
183 385
183 386
183 387
183 388
183 389
184 380
184 381
184 382
184 383
184 384
184 385
184 386
184 387
184 388
184 389
185 380
185 381
185 382
185 383
185 384
185 385
185 386
185 387
185 388
185 389
186 380
186 381
186 382
186 383
186 384
186 385
186 386
186 387
186 388
186 389
187 380
187 381
187 382
187 383
187 384
187 385
187 386
187 387
187 388
187 389
188 380
188 381
188 382
188 383
188 384
188 385
188 386
188 387
188 388
188 389
189 380
189 381
189 382
189 383
189 384
189 385
189 386
189 387
189 388
189 389
190 390
190 391
190 392
190 393
190 394
190 395
190 396
190 397
190 398
190 399
191 390
191 391
191 392
191 393
191 394
191 395
191 396
191 397
191 398
191 399
192 390
192 391
192 392
192 393
192 394
192 395
192 396
192 397
192 398
192 399
193 390
193 391
193 392
193 393
193 394
193 395
193 396
193 397
193 398
193 399
194 390
194 391
194 392
194 393
194 394
194 395
194 396
194 397
194 398
194 399
195 390
195 391
195 392
195 393
195 394
195 395
195 396
195 397
195 398
195 399
196 390
196 391
196 392
196 393
196 394
196 395
196 396
196 397
196 398
196 399
197 390
197 391
197 392
197 393
197 394
197 395
197 396
197 397
197 398
197 399
198 390
198 391
198 392
198 393
198 394
198 395
198 396
198 397
198 398
198 399
199 390
199 391
199 392
199 393
199 394
199 395
199 396
199 397
199 398
199 399
200 400
200 401
200 402
200 403
200 404
200 405
200 406
200 407
200 408
200 409
201 400
201 401
201 402
201 403
201 404
201 405
201 406
201 407
201 408
201 409
202 400
202 401
202 402
202 403
202 404
202 405
202 406
202 407
202 408
202 409
203 400
203 401
203 402
203 403
203 404
203 405
203 406
203 407
203 408
203 409
204 400
204 401
204 402
204 403
204 404
204 405
204 406
204 407
204 408
204 409
205 400
205 401
205 402
205 403
205 404
205 405
205 406
205 407
205 408
205 409
206 400
206 401
206 402
206 403
206 404
206 405
206 406
206 407
206 408
206 409
207 400
207 401
207 402
207 403
207 404
207 405
207 406
207 407
207 408
207 409
208 400
208 401
208 402
208 403
208 404
208 405
208 406
208 407
208 408
208 409
209 400
209 401
209 402
209 403
209 404
209 405
209 406
209 407
209 408
209 409
210 410
210 411
210 412
210 413
210 414
210 415
210 416
210 417
210 418
210 419
211 410
211 411
211 412
211 413
211 414
211 415
211 416
211 417
211 418
211 419
212 410
212 411
212 412
212 413
212 414
212 415
212 416
212 417
212 418
212 419
213 410
213 411
213 412
213 413
213 414
213 415
213 416
213 417
213 418
213 419
214 410
214 411
214 412
214 413
214 414
214 415
214 416
214 417
214 418
214 419
215 410
215 411
215 412
215 413
215 414
215 415
215 416
215 417
215 418
215 419
216 410
216 411
216 412
216 413
216 414
216 415
216 416
216 417
216 418
216 419
217 410
217 411
217 412
217 413
217 414
217 415
217 416
217 417
217 418
217 419
218 410
218 411
218 412
218 413
218 414
218 415
218 416
218 417
218 418
218 419
219 410
219 411
219 412
219 413
219 414
219 415
219 416
219 417
219 418
219 419
220 420
220 421
220 422
220 423
220 424
220 425
220 426
220 427
220 428
220 429
221 420
221 421
221 422
221 423
221 424
221 425
221 426
221 427
221 428
221 429
222 420
222 421
222 422
222 423
222 424
222 425
222 426
222 427
222 428
222 429
223 420
223 421
223 422
223 423
223 424
223 425
223 426
223 427
223 428
223 429
224 420
224 421
224 422
224 423
224 424
224 425
224 426
224 427
224 428
224 429
225 420
225 421
225 422
225 423
225 424
225 425
225 426
225 427
225 428
225 429
226 420
226 421
226 422
226 423
226 424
226 425
226 426
226 427
226 428
226 429
227 420
227 421
227 422
227 423
227 424
227 425
227 426
227 427
227 428
227 429
228 420
228 421
228 422
228 423
228 424
228 425
228 426
228 427
228 428
228 429
229 420
229 421
229 422
229 423
229 424
229 425
229 426
229 427
229 428
229 429
230 430
230 431
230 432
230 433
230 434
230 435
230 436
230 437
230 438
230 439
231 430
231 431
231 432
231 433
231 434
231 435
231 436
231 437
231 438
231 439
232 430
232 431
232 432
232 433
232 434
232 435
232 436
232 437
232 438
232 439
233 430
233 431
233 432
233 433
233 434
233 435
233 436
233 437
233 438
233 439
234 430
234 431
234 432
234 433
234 434
234 435
234 436
234 437
234 438
234 439
235 430
235 431
235 432
235 433
235 434
235 435
235 436
235 437
235 438
235 439
236 430
236 431
236 432
236 433
236 434
236 435
236 436
236 437
236 438
236 439
237 430
237 431
237 432
237 433
237 434
237 435
237 436
237 437
237 438
237 439
238 430
238 431
238 432
238 433
238 434
238 435
238 436
238 437
238 438
238 439
239 430
239 431
239 432
239 433
239 434
239 435
239 436
239 437
239 438
239 439
240 440
240 441
240 442
240 443
240 444
240 445
240 446
240 447
240 448
240 449
241 440
241 441
241 442
241 443
241 444
241 445
241 446
241 447
241 448
241 449
242 440
242 441
242 442
242 443
242 444
242 445
242 446
242 447
242 448
242 449
243 440
243 441
243 442
243 443
243 444
243 445
243 446
243 447
243 448
243 449
244 440
244 441
244 442
244 443
244 444
244 445
244 446
244 447
244 448
244 449
245 440
245 441
245 442
245 443
245 444
245 445
245 446
245 447
245 448
245 449
246 440
246 441
246 442
246 443
246 444
246 445
246 446
246 447
246 448
246 449
247 440
247 441
247 442
247 443
247 444
247 445
247 446
247 447
247 448
247 449
248 440
248 441
248 442
248 443
248 444
248 445
248 446
248 447
248 448
248 449
249 440
249 441
249 442
249 443
249 444
249 445
249 446
249 447
249 448
249 449
250 450
250 451
250 452
250 453
250 454
250 455
250 456
250 457
250 458
250 459
251 450
251 451
251 452
251 453
251 454
251 455
251 456
251 457
251 458
251 459
252 450
252 451
252 452
252 453
252 454
252 455
252 456
252 457
252 458
252 459
253 450
253 451
253 452
253 453
253 454
253 455
253 456
253 457
253 458
253 459
254 450
254 451
254 452
254 453
254 454
254 455
254 456
254 457
254 458
254 459
255 450
255 451
255 452
255 453
255 454
255 455
255 456
255 457
255 458
255 459
256 450
256 451
256 452
256 453
256 454
256 455
256 456
256 457
256 458
256 459
257 450
257 451
257 452
257 453
257 454
257 455
257 456
257 457
257 458
257 459
258 450
258 451
258 452
258 453
258 454
258 455
258 456
258 457
258 458
258 459
259 450
259 451
259 452
259 453
259 454
259 455
259 456
259 457
259 458
259 459
260 460
260 461
260 462
260 463
260 464
260 465
260 466
260 467
260 468
260 469
261 460
261 461
261 462
261 463
261 464
261 465
261 466
261 467
261 468
261 469
262 460
262 461
262 462
262 463
262 464
262 465
262 466
262 467
262 468
262 469
263 460
263 461
263 462
263 463
263 464
263 465
263 466
263 467
263 468
263 469
264 460
264 461
264 462
264 463
264 464
264 465
264 466
264 467
264 468
264 469
265 460
265 461
265 462
265 463
265 464
265 465
265 466
265 467
265 468
265 469
266 460
266 461
266 462
266 463
266 464
266 465
266 466
266 467
266 468
266 469
267 460
267 461
267 462
267 463
267 464
267 465
267 466
267 467
267 468
267 469
268 460
268 461
268 462
268 463
268 464
268 465
268 466
268 467
268 468
268 469
269 460
269 461
269 462
269 463
269 464
269 465
269 466
269 467
269 468
269 469
270 470
270 471
270 472
270 473
270 474
270 475
270 476
270 477
270 478
270 479
271 470
271 471
271 472
271 473
271 474
271 475
271 476
271 477
271 478
271 479
272 470
272 471
272 472
272 473
272 474
272 475
272 476
272 477
272 478
272 479
273 470
273 471
273 472
273 473
273 474
273 475
273 476
273 477
273 478
273 479
274 470
274 471
274 472
274 473
274 474
274 475
274 476
274 477
274 478
274 479
275 470
275 471
275 472
275 473
275 474
275 475
275 476
275 477
275 478
275 479
276 470
276 471
276 472
276 473
276 474
276 475
276 476
276 477
276 478
276 479
277 470
277 471
277 472
277 473
277 474
277 475
277 476
277 477
277 478
277 479
278 470
278 471
278 472
278 473
278 474
278 475
278 476
278 477
278 478
278 479
279 470
279 471
279 472
279 473
279 474
279 475
279 476
279 477
279 478
279 479
280 480
280 481
280 482
280 483
280 484
280 485
280 486
280 487
280 488
280 489
281 480
281 481
281 482
281 483
281 484
281 485
281 486
281 487
281 488
281 489
282 480
282 481
282 482
282 483
282 484
282 485
282 486
282 487
282 488
282 489
283 480
283 481
283 482
283 483
283 484
283 485
283 486
283 487
283 488
283 489
284 480
284 481
284 482
284 483
284 484
284 485
284 486
284 487
284 488
284 489
285 480
285 481
285 482
285 483
285 484
285 485
285 486
285 487
285 488
285 489
286 480
286 481
286 482
286 483
286 484
286 485
286 486
286 487
286 488
286 489
287 480
287 481
287 482
287 483
287 484
287 485
287 486
287 487
287 488
287 489
288 480
288 481
288 482
288 483
288 484
288 485
288 486
288 487
288 488
288 489
289 480
289 481
289 482
289 483
289 484
289 485
289 486
289 487
289 488
289 489
290 490
290 491
290 492
290 493
290 494
290 495
290 496
290 497
290 498
290 499
291 490
291 491
291 492
291 493
291 494
291 495
291 496
291 497
291 498
291 499
292 490
292 491
292 492
292 493
292 494
292 495
292 496
292 497
292 498
292 499
293 490
293 491
293 492
293 493
293 494
293 495
293 496
293 497
293 498
293 499
294 490
294 491
294 492
294 493
294 494
294 495
294 496
294 497
294 498
294 499
295 490
295 491
295 492
295 493
295 494
295 495
295 496
295 497
295 498
295 499
296 490
296 491
296 492
296 493
296 494
296 495
296 496
296 497
296 498
296 499
297 490
297 491
297 492
297 493
297 494
297 495
297 496
297 497
297 498
297 499
298 490
298 491
298 492
298 493
298 494
298 495
298 496
298 497
298 498
298 499
299 490
299 491
299 492
299 493
299 494
299 495
299 496
299 497
299 498
299 499
300 500
300 501
300 502
300 503
300 504
300 505
300 506
300 507
300 508
300 509
301 510
301 511
301 512
301 513
301 514
301 515
301 516
301 517
301 518
301 519
302 520
302 521
302 522
302 523
302 524
302 525
302 526
302 527
302 528
302 529
303 530
303 531
303 532
303 533
303 534
303 535
303 536
303 537
303 538
303 539
304 540
304 541
304 542
304 543
304 544
304 545
304 546
304 547
304 548
304 549
305 550
305 551
305 552
305 553
305 554
305 555
305 556
305 557
305 558
305 559
306 560
306 561
306 562
306 563
306 564
306 565
306 566
306 567
306 568
306 569
307 570
307 571
307 572
307 573
307 574
307 575
307 576
307 577
307 578
307 579
308 580
308 581
308 582
308 583
308 584
308 585
308 586
308 587
308 588
308 589
309 590
309 591
309 592
309 593
309 594
309 595
309 596
309 597
309 598
309 599
310 600
310 601
310 602
310 603
310 604
310 605
310 606
310 607
310 608
310 609
311 610
311 611
311 612
311 613
311 614
311 615
311 616
311 617
311 618
311 619
312 620
312 621
312 622
312 623
312 624
312 625
312 626
312 627
312 628
312 629
313 630
313 631
313 632
313 633
313 634
313 635
313 636
313 637
313 638
313 639
314 640
314 641
314 642
314 643
314 644
314 645
314 646
314 647
314 648
314 649
315 650
315 651
315 652
315 653
315 654
315 655
315 656
315 657
315 658
315 659
316 660
316 661
316 662
316 663
316 664
316 665
316 666
316 667
316 668
316 669
317 670
317 671
317 672
317 673
317 674
317 675
317 676
317 677
317 678
317 679
318 680
318 681
318 682
318 683
318 684
318 685
318 686
318 687
318 688
318 689
319 690
319 691
319 692
319 693
319 694
319 695
319 696
319 697
319 698
319 699
320 700
320 701
320 702
320 703
320 704
320 705
320 706
320 707
320 708
320 709
321 710
321 711
321 712
321 713
321 714
321 715
321 716
321 717
321 718
321 719
322 720
322 721
322 722
322 723
322 724
322 725
322 726
322 727
322 728
322 729
323 730
323 731
323 732
323 733
323 734
323 735
323 736
323 737
323 738
323 739
324 740
324 741
324 742
324 743
324 744
324 745
324 746
324 747
324 748
324 749
325 750
325 751
325 752
325 753
325 754
325 755
325 756
325 757
325 758
325 759
326 760
326 761
326 762
326 763
326 764
326 765
326 766
326 767
326 768
326 769
327 770
327 771
327 772
327 773
327 774
327 775
327 776
327 777
327 778
327 779
328 780
328 781
328 782
328 783
328 784
328 785
328 786
328 787
328 788
328 789
329 790
329 791
329 792
329 793
329 794
329 795
329 796
329 797
329 798
329 799
330 800
330 801
330 802
330 803
330 804
330 805
330 806
330 807
330 808
330 809
331 810
331 811
331 812
331 813
331 814
331 815
331 816
331 817
331 818
331 819
332 820
332 821
332 822
332 823
332 824
332 825
332 826
332 827
332 828
332 829
333 830
333 831
333 832
333 833
333 834
333 835
333 836
333 837
333 838
333 839
334 840
334 841
334 842
334 843
334 844
334 845
334 846
334 847
334 848
334 849
335 850
335 851
335 852
335 853
335 854
335 855
335 856
335 857
335 858
335 859
336 860
336 861
336 862
336 863
336 864
336 865
336 866
336 867
336 868
336 869
337 870
337 871
337 872
337 873
337 874
337 875
337 876
337 877
337 878
337 879
338 880
338 881
338 882
338 883
338 884
338 885
338 886
338 887
338 888
338 889
339 890
339 891
339 892
339 893
339 894
339 895
339 896
339 897
339 898
339 899
340 900
340 901
340 902
340 903
340 904
340 905
340 906
340 907
340 908
340 909
341 910
341 911
341 912
341 913
341 914
341 915
341 916
341 917
341 918
341 919
342 920
342 921
342 922
342 923
342 924
342 925
342 926
342 927
342 928
342 929
343 930
343 931
343 932
343 933
343 934
343 935
343 936
343 937
343 938
343 939
344 940
344 941
344 942
344 943
344 944
344 945
344 946
344 947
344 948
344 949
345 950
345 951
345 952
345 953
345 954
345 955
345 956
345 957
345 958
345 959
346 960
346 961
346 962
346 963
346 964
346 965
346 966
346 967
346 968
346 969
347 970
347 971
347 972
347 973
347 974
347 975
347 976
347 977
347 978
347 979
348 980
348 981
348 982
348 983
348 984
348 985
348 986
348 987
348 988
348 989
349 990
349 991
349 992
349 993
349 994
349 995
349 996
349 997
349 998
349 999
350 1000
350 1001
350 1002
350 1003
350 1004
350 1005
350 1006
350 1007
350 1008
350 1009
351 1010
351 1011
351 1012
351 1013
351 1014
351 1015
351 1016
351 1017
351 1018
351 1019
352 1020
352 1021
352 1022
352 1023
352 1024
352 1025
352 1026
352 1027
352 1028
352 1029
353 1030
353 1031
353 1032
353 1033
353 1034
353 1035
353 1036
353 1037
353 1038
353 1039
354 1040
354 1041
354 1042
354 1043
354 1044
354 1045
354 1046
354 1047
354 1048
354 1049
355 1050
355 1051
355 1052
355 1053
355 1054
355 1055
355 1056
355 1057
355 1058
355 1059
356 1060
356 1061
356 1062
356 1063
356 1064
356 1065
356 1066
356 1067
356 1068
356 1069
357 1070
357 1071
357 1072
357 1073
357 1074
357 1075
357 1076
357 1077
357 1078
357 1079
358 1080
358 1081
358 1082
358 1083
358 1084
358 1085
358 1086
358 1087
358 1088
358 1089
359 1090
359 1091
359 1092
359 1093
359 1094
359 1095
359 1096
359 1097
359 1098
359 1099
360 1100
360 1101
360 1102
360 1103
360 1104
360 1105
360 1106
360 1107
360 1108
360 1109
361 1110
361 1111
361 1112
361 1113
361 1114
361 1115
361 1116
361 1117
361 1118
361 1119
362 1120
362 1121
362 1122
362 1123
362 1124
362 1125
362 1126
362 1127
362 1128
362 1129
363 1130
363 1131
363 1132
363 1133
363 1134
363 1135
363 1136
363 1137
363 1138
363 1139
364 1140
364 1141
364 1142
364 1143
364 1144
364 1145
364 1146
364 1147
364 1148
364 1149
365 1150
365 1151
365 1152
365 1153
365 1154
365 1155
365 1156
365 1157
365 1158
365 1159
366 1160
366 1161
366 1162
366 1163
366 1164
366 1165
366 1166
366 1167
366 1168
366 1169
367 1170
367 1171
367 1172
367 1173
367 1174
367 1175
367 1176
367 1177
367 1178
367 1179
368 1180
368 1181
368 1182
368 1183
368 1184
368 1185
368 1186
368 1187
368 1188
368 1189
369 1190
369 1191
369 1192
369 1193
369 1194
369 1195
369 1196
369 1197
369 1198
369 1199
370 1200
370 1201
370 1202
370 1203
370 1204
370 1205
370 1206
370 1207
370 1208
370 1209
371 1210
371 1211
371 1212
371 1213
371 1214
371 1215
371 1216
371 1217
371 1218
371 1219
372 1220
372 1221
372 1222
372 1223
372 1224
372 1225
372 1226
372 1227
372 1228
372 1229
373 1230
373 1231
373 1232
373 1233
373 1234
373 1235
373 1236
373 1237
373 1238
373 1239
374 1240
374 1241
374 1242
374 1243
374 1244
374 1245
374 1246
374 1247
374 1248
374 1249
375 1250
375 1251
375 1252
375 1253
375 1254
375 1255
375 1256
375 1257
375 1258
375 1259
376 1260
376 1261
376 1262
376 1263
376 1264
376 1265
376 1266
376 1267
376 1268
376 1269
377 1270
377 1271
377 1272
377 1273
377 1274
377 1275
377 1276
377 1277
377 1278
377 1279
378 1280
378 1281
378 1282
378 1283
378 1284
378 1285
378 1286
378 1287
378 1288
378 1289
379 1290
379 1291
379 1292
379 1293
379 1294
379 1295
379 1296
379 1297
379 1298
379 1299
380 1300
380 1301
380 1302
380 1303
380 1304
380 1305
380 1306
380 1307
380 1308
380 1309
381 1310
381 1311
381 1312
381 1313
381 1314
381 1315
381 1316
381 1317
381 1318
381 1319
382 1320
382 1321
382 1322
382 1323
382 1324
382 1325
382 1326
382 1327
382 1328
382 1329
383 1330
383 1331
383 1332
383 1333
383 1334
383 1335
383 1336
383 1337
383 1338
383 1339
384 1340
384 1341
384 1342
384 1343
384 1344
384 1345
384 1346
384 1347
384 1348
384 1349
385 1350
385 1351
385 1352
385 1353
385 1354
385 1355
385 1356
385 1357
385 1358
385 1359
386 1360
386 1361
386 1362
386 1363
386 1364
386 1365
386 1366
386 1367
386 1368
386 1369
387 1370
387 1371
387 1372
387 1373
387 1374
387 1375
387 1376
387 1377
387 1378
387 1379
388 1380
388 1381
388 1382
388 1383
388 1384
388 1385
388 1386
388 1387
388 1388
388 1389
389 1390
389 1391
389 1392
389 1393
389 1394
389 1395
389 1396
389 1397
389 1398
389 1399
390 1400
390 1401
390 1402
390 1403
390 1404
390 1405
390 1406
390 1407
390 1408
390 1409
391 1410
391 1411
391 1412
391 1413
391 1414
391 1415
391 1416
391 1417
391 1418
391 1419
392 1420
392 1421
392 1422
392 1423
392 1424
392 1425
392 1426
392 1427
392 1428
392 1429
393 1430
393 1431
393 1432
393 1433
393 1434
393 1435
393 1436
393 1437
393 1438
393 1439
394 1440
394 1441
394 1442
394 1443
394 1444
394 1445
394 1446
394 1447
394 1448
394 1449
395 1450
395 1451
395 1452
395 1453
395 1454
395 1455
395 1456
395 1457
395 1458
395 1459
396 1460
396 1461
396 1462
396 1463
396 1464
396 1465
396 1466
396 1467
396 1468
396 1469
397 1470
397 1471
397 1472
397 1473
397 1474
397 1475
397 1476
397 1477
397 1478
397 1479
398 1480
398 1481
398 1482
398 1483
398 1484
398 1485
398 1486
398 1487
398 1488
398 1489
399 1490
399 1491
399 1492
399 1493
399 1494
399 1495
399 1496
399 1497
399 1498
399 1499
400 1500
400 1501
400 1502
400 1503
400 1504
400 1505
400 1506
400 1507
400 1508
400 1509
401 1510
401 1511
401 1512
401 1513
401 1514
401 1515
401 1516
401 1517
401 1518
401 1519
402 1520
402 1521
402 1522
402 1523
402 1524
402 1525
402 1526
402 1527
402 1528
402 1529
403 1530
403 1531
403 1532
403 1533
403 1534
403 1535
403 1536
403 1537
403 1538
403 1539
404 1540
404 1541
404 1542
404 1543
404 1544
404 1545
404 1546
404 1547
404 1548
404 1549
405 1550
405 1551
405 1552
405 1553
405 1554
405 1555
405 1556
405 1557
405 1558
405 1559
406 1560
406 1561
406 1562
406 1563
406 1564
406 1565
406 1566
406 1567
406 1568
406 1569
407 1570
407 1571
407 1572
407 1573
407 1574
407 1575
407 1576
407 1577
407 1578
407 1579
408 1580
408 1581
408 1582
408 1583
408 1584
408 1585
408 1586
408 1587
408 1588
408 1589
409 1590
409 1591
409 1592
409 1593
409 1594
409 1595
409 1596
409 1597
409 1598
409 1599
410 1600
410 1601
410 1602
410 1603
410 1604
410 1605
410 1606
410 1607
410 1608
410 1609
411 1610
411 1611
411 1612
411 1613
411 1614
411 1615
411 1616
411 1617
411 1618
411 1619
412 1620
412 1621
412 1622
412 1623
412 1624
412 1625
412 1626
412 1627
412 1628
412 1629
413 1630
413 1631
413 1632
413 1633
413 1634
413 1635
413 1636
413 1637
413 1638
413 1639
414 1640
414 1641
414 1642
414 1643
414 1644
414 1645
414 1646
414 1647
414 1648
414 1649
415 1650
415 1651
415 1652
415 1653
415 1654
415 1655
415 1656
415 1657
415 1658
415 1659
416 1660
416 1661
416 1662
416 1663
416 1664
416 1665
416 1666
416 1667
416 1668
416 1669
417 1670
417 1671
417 1672
417 1673
417 1674
417 1675
417 1676
417 1677
417 1678
417 1679
418 1680
418 1681
418 1682
418 1683
418 1684
418 1685
418 1686
418 1687
418 1688
418 1689
419 1690
419 1691
419 1692
419 1693
419 1694
419 1695
419 1696
419 1697
419 1698
419 1699
420 1700
420 1701
420 1702
420 1703
420 1704
420 1705
420 1706
420 1707
420 1708
420 1709
421 1710
421 1711
421 1712
421 1713
421 1714
421 1715
421 1716
421 1717
421 1718
421 1719
422 1720
422 1721
422 1722
422 1723
422 1724
422 1725
422 1726
422 1727
422 1728
422 1729
423 1730
423 1731
423 1732
423 1733
423 1734
423 1735
423 1736
423 1737
423 1738
423 1739
424 1740
424 1741
424 1742
424 1743
424 1744
424 1745
424 1746
424 1747
424 1748
424 1749
425 1750
425 1751
425 1752
425 1753
425 1754
425 1755
425 1756
425 1757
425 1758
425 1759
426 1760
426 1761
426 1762
426 1763
426 1764
426 1765
426 1766
426 1767
426 1768
426 1769
427 1770
427 1771
427 1772
427 1773
427 1774
427 1775
427 1776
427 1777
427 1778
427 1779
428 1780
428 1781
428 1782
428 1783
428 1784
428 1785
428 1786
428 1787
428 1788
428 1789
429 1790
429 1791
429 1792
429 1793
429 1794
429 1795
429 1796
429 1797
429 1798
429 1799
430 1800
430 1801
430 1802
430 1803
430 1804
430 1805
430 1806
430 1807
430 1808
430 1809
431 1810
431 1811
431 1812
431 1813
431 1814
431 1815
431 1816
431 1817
431 1818
431 1819
432 1820
432 1821
432 1822
432 1823
432 1824
432 1825
432 1826
432 1827
432 1828
432 1829
433 1830
433 1831
433 1832
433 1833
433 1834
433 1835
433 1836
433 1837
433 1838
433 1839
434 1840
434 1841
434 1842
434 1843
434 1844
434 1845
434 1846
434 1847
434 1848
434 1849
435 1850
435 1851
435 1852
435 1853
435 1854
435 1855
435 1856
435 1857
435 1858
435 1859
436 1860
436 1861
436 1862
436 1863
436 1864
436 1865
436 1866
436 1867
436 1868
436 1869
437 1870
437 1871
437 1872
437 1873
437 1874
437 1875
437 1876
437 1877
437 1878
437 1879
438 1880
438 1881
438 1882
438 1883
438 1884
438 1885
438 1886
438 1887
438 1888
438 1889
439 1890
439 1891
439 1892
439 1893
439 1894
439 1895
439 1896
439 1897
439 1898
439 1899
440 1900
440 1901
440 1902
440 1903
440 1904
440 1905
440 1906
440 1907
440 1908
440 1909
441 1910
441 1911
441 1912
441 1913
441 1914
441 1915
441 1916
441 1917
441 1918
441 1919
442 1920
442 1921
442 1922
442 1923
442 1924
442 1925
442 1926
442 1927
442 1928
442 1929
443 1930
443 1931
443 1932
443 1933
443 1934
443 1935
443 1936
443 1937
443 1938
443 1939
444 1940
444 1941
444 1942
444 1943
444 1944
444 1945
444 1946
444 1947
444 1948
444 1949
445 1950
445 1951
445 1952
445 1953
445 1954
445 1955
445 1956
445 1957
445 1958
445 1959
446 1960
446 1961
446 1962
446 1963
446 1964
446 1965
446 1966
446 1967
446 1968
446 1969
447 1970
447 1971
447 1972
447 1973
447 1974
447 1975
447 1976
447 1977
447 1978
447 1979
448 1980
448 1981
448 1982
448 1983
448 1984
448 1985
448 1986
448 1987
448 1988
448 1989
449 1990
449 1991
449 1992
449 1993
449 1994
449 1995
449 1996
449 1997
449 1998
449 1999
450 2000
450 2001
450 2002
450 2003
450 2004
450 2005
450 2006
450 2007
450 2008
450 2009
451 2010
451 2011
451 2012
451 2013
451 2014
451 2015
451 2016
451 2017
451 2018
451 2019
452 2020
452 2021
452 2022
452 2023
452 2024
452 2025
452 2026
452 2027
452 2028
452 2029
453 2030
453 2031
453 2032
453 2033
453 2034
453 2035
453 2036
453 2037
453 2038
453 2039
454 2040
454 2041
454 2042
454 2043
454 2044
454 2045
454 2046
454 2047
454 2048
454 2049
455 2050
455 2051
455 2052
455 2053
455 2054
455 2055
455 2056
455 2057
455 2058
455 2059
456 2060
456 2061
456 2062
456 2063
456 2064
456 2065
456 2066
456 2067
456 2068
456 2069
457 2070
457 2071
457 2072
457 2073
457 2074
457 2075
457 2076
457 2077
457 2078
457 2079
458 2080
458 2081
458 2082
458 2083
458 2084
458 2085
458 2086
458 2087
458 2088
458 2089
459 2090
459 2091
459 2092
459 2093
459 2094
459 2095
459 2096
459 2097
459 2098
459 2099
460 2100
460 2101
460 2102
460 2103
460 2104
460 2105
460 2106
460 2107
460 2108
460 2109
461 2110
461 2111
461 2112
461 2113
461 2114
461 2115
461 2116
461 2117
461 2118
461 2119
462 2120
462 2121
462 2122
462 2123
462 2124
462 2125
462 2126
462 2127
462 2128
462 2129
463 2130
463 2131
463 2132
463 2133
463 2134
463 2135
463 2136
463 2137
463 2138
463 2139
464 2140
464 2141
464 2142
464 2143
464 2144
464 2145
464 2146
464 2147
464 2148
464 2149
465 2150
465 2151
465 2152
465 2153
465 2154
465 2155
465 2156
465 2157
465 2158
465 2159
466 2160
466 2161
466 2162
466 2163
466 2164
466 2165
466 2166
466 2167
466 2168
466 2169
467 2170
467 2171
467 2172
467 2173
467 2174
467 2175
467 2176
467 2177
467 2178
467 2179
468 2180
468 2181
468 2182
468 2183
468 2184
468 2185
468 2186
468 2187
468 2188
468 2189
469 2190
469 2191
469 2192
469 2193
469 2194
469 2195
469 2196
469 2197
469 2198
469 2199
470 2200
470 2201
470 2202
470 2203
470 2204
470 2205
470 2206
470 2207
470 2208
470 2209
471 2210
471 2211
471 2212
471 2213
471 2214
471 2215
471 2216
471 2217
471 2218
471 2219
472 2220
472 2221
472 2222
472 2223
472 2224
472 2225
472 2226
472 2227
472 2228
472 2229
473 2230
473 2231
473 2232
473 2233
473 2234
473 2235
473 2236
473 2237
473 2238
473 2239
474 2240
474 2241
474 2242
474 2243
474 2244
474 2245
474 2246
474 2247
474 2248
474 2249
475 2250
475 2251
475 2252
475 2253
475 2254
475 2255
475 2256
475 2257
475 2258
475 2259
476 2260
476 2261
476 2262
476 2263
476 2264
476 2265
476 2266
476 2267
476 2268
476 2269
477 2270
477 2271
477 2272
477 2273
477 2274
477 2275
477 2276
477 2277
477 2278
477 2279
478 2280
478 2281
478 2282
478 2283
478 2284
478 2285
478 2286
478 2287
478 2288
478 2289
479 2290
479 2291
479 2292
479 2293
479 2294
479 2295
479 2296
479 2297
479 2298
479 2299
480 2300
480 2301
480 2302
480 2303
480 2304
480 2305
480 2306
480 2307
480 2308
480 2309
481 2310
481 2311
481 2312
481 2313
481 2314
481 2315
481 2316
481 2317
481 2318
481 2319
482 2320
482 2321
482 2322
482 2323
482 2324
482 2325
482 2326
482 2327
482 2328
482 2329
483 2330
483 2331
483 2332
483 2333
483 2334
483 2335
483 2336
483 2337
483 2338
483 2339
484 2340
484 2341
484 2342
484 2343
484 2344
484 2345
484 2346
484 2347
484 2348
484 2349
485 2350
485 2351
485 2352
485 2353
485 2354
485 2355
485 2356
485 2357
485 2358
485 2359
486 2360
486 2361
486 2362
486 2363
486 2364
486 2365
486 2366
486 2367
486 2368
486 2369
487 2370
487 2371
487 2372
487 2373
487 2374
487 2375
487 2376
487 2377
487 2378
487 2379
488 2380
488 2381
488 2382
488 2383
488 2384
488 2385
488 2386
488 2387
488 2388
488 2389
489 2390
489 2391
489 2392
489 2393
489 2394
489 2395
489 2396
489 2397
489 2398
489 2399
490 2400
490 2401
490 2402
490 2403
490 2404
490 2405
490 2406
490 2407
490 2408
490 2409
491 2410
491 2411
491 2412
491 2413
491 2414
491 2415
491 2416
491 2417
491 2418
491 2419
492 2420
492 2421
492 2422
492 2423
492 2424
492 2425
492 2426
492 2427
492 2428
492 2429
493 2430
493 2431
493 2432
493 2433
493 2434
493 2435
493 2436
493 2437
493 2438
493 2439
494 2440
494 2441
494 2442
494 2443
494 2444
494 2445
494 2446
494 2447
494 2448
494 2449
495 2450
495 2451
495 2452
495 2453
495 2454
495 2455
495 2456
495 2457
495 2458
495 2459
496 2460
496 2461
496 2462
496 2463
496 2464
496 2465
496 2466
496 2467
496 2468
496 2469
497 2470
497 2471
497 2472
497 2473
497 2474
497 2475
497 2476
497 2477
497 2478
497 2479
498 2480
498 2481
498 2482
498 2483
498 2484
498 2485
498 2486
498 2487
498 2488
498 2489
499 2490
499 2491
499 2492
499 2493
499 2494
499 2495
499 2496
499 2497
499 2498
499 2499
