0 9
0 12
0 15
0 18
0 21
0 24
1 9
1 12
1 15
1 18
1 21
1 24
2 9
2 12
2 15
2 18
2 21
2 24
3 10
3 13
3 16
3 19
3 22
3 25
4 10
4 13
4 16
4 19
4 22
4 25
5 10
5 13
5 16
5 19
5 22
5 25
6 11
6 14
6 17
6 20
6 23
6 26
7 11
7 14
7 17
7 20
7 23
7 26
8 11
8 14
8 17
8 20
8 23
8 26
9 27
9 28
9 29
10 27
10 28
10 29
11 27
11 28
11 29
12 30
12 31
12 32
13 30
13 31
13 32
14 30
14 31
14 32
15 33
15 34
15 35
16 33
16 34
16 35
17 33
17 34
17 35
18 36
18 37
18 38
19 36
19 37
19 38
20 36
20 37
20 38
21 39
21 40
21 41
22 39
22 40
22 41
23 39
23 40
23 41
24 42
24 43
24 44
25 42
25 43
25 44
26 42
26 43
26 44
27 45
27 46
27 47
28 48
28 49
28 50
29 51
29 52
29 53
30 54
30 55
30 56
31 57
31 58
31 59
32 60
32 61
32 62
33 63
33 64
33 65
34 66
34 67
34 68
35 69
35 70
35 71
36 72
36 73
36 74
37 75
37 76
37 77
38 78
38 79
38 80
39 81
39 82
39 83
40 84
40 85
40 86
41 87
41 88
41 89
42 90
42 91
42 92
43 93
43 94
43 95
44 96
44 97
44 98
