0 25
0 30
0 35
0 40
0 45
0 50
0 55
0 60
0 65
0 70
1 25
1 30
1 35
1 40
1 45
1 50
1 55
1 60
1 65
1 70
2 25
2 30
2 35
2 40
2 45
2 50
2 55
2 60
2 65
2 70
3 25
3 30
3 35
3 40
3 45
3 50
3 55
3 60
3 65
3 70
4 25
4 30
4 35
4 40
4 45
4 50
4 55
4 60
4 65
4 70
5 26
5 31
5 36
5 41
5 46
5 51
5 56
5 61
5 66
5 71
6 26
6 31
6 36
6 41
6 46
6 51
6 56
6 61
6 66
6 71
7 26
7 31
7 36
7 41
7 46
7 51
7 56
7 61
7 66
7 71
8 26
8 31
8 36
8 41
8 46
8 51
8 56
8 61
8 66
8 71
9 26
9 31
9 36
9 41
9 46
9 51
9 56
9 61
9 66
9 71
10 27
10 32
10 37
10 42
10 47
10 52
10 57
10 62
10 67
10 72
11 27
11 32
11 37
11 42
11 47
11 52
11 57
11 62
11 67
11 72
12 27
12 32
12 37
12 42
12 47
12 52
12 57
12 62
12 67
12 72
13 27
13 32
13 37
13 42
13 47
13 52
13 57
13 62
13 67
13 72
14 27
14 32
14 37
14 42
14 47
14 52
14 57
14 62
14 67
14 72
15 28
15 33
15 38
15 43
15 48
15 53
15 58
15 63
15 68
15 73
16 28
16 33
16 38
16 43
16 48
16 53
16 58
16 63
16 68
16 73
17 28
17 33
17 38
17 43
17 48
17 53
17 58
17 63
17 68
17 73
18 28
18 33
18 38
18 43
18 48
18 53
18 58
18 63
18 68
18 73
19 28
19 33
19 38
19 43
19 48
19 53
19 58
19 63
19 68
19 73
20 29
20 34
20 39
20 44
20 49
20 54
20 59
20 64
20 69
20 74
21 29
21 34
21 39
21 44
21 49
21 54
21 59
21 64
21 69
21 74
22 29
22 34
22 39
22 44
22 49
22 54
22 59
22 64
22 69
22 74
23 29
23 34
23 39
23 44
23 49
23 54
23 59
23 64
23 69
23 74
24 29
24 34
24 39
24 44
24 49
24 54
24 59
24 64
24 69
24 74
25 75
25 76
25 77
25 78
25 79
26 75
26 76
26 77
26 78
26 79
27 75
27 76
27 77
27 78
27 79
28 75
28 76
28 77
28 78
28 79
29 75
29 76
29 77
29 78
29 79
30 80
30 81
30 82
30 83
30 84
31 80
31 81
31 82
31 83
31 84
32 80
32 81
32 82
32 83
32 84
33 80
33 81
33 82
33 83
33 84
34 80
34 81
34 82
34 83
34 84
35 85
35 86
35 87
35 88
35 89
36 85
36 86
36 87
36 88
36 89
37 85
37 86
37 87
37 88
37 89
38 85
38 86
38 87
38 88
38 89
39 85
39 86
39 87
39 88
39 89
40 90
40 91
40 92
40 93
40 94
41 90
41 91
41 92
41 93
41 94
42 90
42 91
42 92
42 93
42 94
43 90
43 91
43 92
43 93
43 94
44 90
44 91
44 92
44 93
44 94
45 95
45 96
45 97
45 98
45 99
46 95
46 96
46 97
46 98
46 99
47 95
47 96
47 97
47 98
47 99
48 95
48 96
48 97
48 98
48 99
49 95
49 96
49 97
49 98
49 99
50 100
50 101
50 102
50 103
50 104
51 100
51 101
51 102
51 103
51 104
52 100
52 101
52 102
52 103
52 104
53 100
53 101
53 102
53 103
53 104
54 100
54 101
54 102
54 103
54 104
55 105
55 106
55 107
55 108
55 109
56 105
56 106
56 107
56 108
56 109
57 105
57 106
57 107
57 108
57 109
58 105
58 106
58 107
58 108
58 109
59 105
59 106
59 107
59 108
59 109
60 110
60 111
60 112
60 113
60 114
61 110
61 111
61 112
61 113
61 114
62 110
62 111
62 112
62 113
62 114
63 110
63 111
63 112
63 113
63 114
64 110
64 111
64 112
64 113
64 114
65 115
65 116
65 117
65 118
65 119
66 115
66 116
66 117
66 118
66 119
67 115
67 116
67 117
67 118
67 119
68 115
68 116
68 117
68 118
68 119
69 115
69 116
69 117
69 118
69 119
70 120
70 121
70 122
70 123
70 124
71 120
71 121
71 122
71 123
71 124
72 120
72 121
72 122
72 123
72 124
73 120
73 121
73 122
73 123
73 124
74 120
74 121
74 122
74 123
74 124
75 125
75 126
75 127
75 128
75 129
76 130
76 131
76 132
76 133
76 134
77 135
77 136
77 137
77 138
77 139
78 140
78 141
78 142
78 143
78 144
79 145
79 146
79 147
79 148
79 149
80 150
80 151
80 152
80 153
80 154
81 155
81 156
81 157
81 158
81 159
82 160
82 161
82 162
82 163
82 164
83 165
83 166
83 167
83 168
83 169
84 170
84 171
84 172
84 173
84 174
85 175
85 176
85 177
85 178
85 179
86 180
86 181
86 182
86 183
86 184
87 185
87 186
87 187
87 188
87 189
88 190
88 191
88 192
88 193
88 194
89 195
89 196
89 197
89 198
89 199
90 200
90 201
90 202
90 203
90 204
91 205
91 206
91 207
91 208
91 209
92 210
92 211
92 212
92 213
92 214
93 215
93 216
93 217
93 218
93 219
94 220
94 221
94 222
94 223
94 224
95 225
95 226
95 227
95 228
95 229
96 230
96 231
96 232
96 233
96 234
97 235
97 236
97 237
97 238
97 239
98 240
98 241
98 242
98 243
98 244
99 245
99 246
99 247
99 248
99 249
100 250
100 251
100 252
100 253
100 254
101 255
101 256
101 257
101 258
101 259
102 260
102 261
102 262
102 263
102 264
103 265
103 266
103 267
103 268
103 269
104 270
104 271
104 272
104 273
104 274
105 275
105 276
105 277
105 278
105 279
106 280
106 281
106 282
106 283
106 284
107 285
107 286
107 287
107 288
107 289
108 290
108 291
108 292
108 293
108 294
109 295
109 296
109 297
109 298
109 299
110 300
110 301
110 302
110 303
110 304
111 305
111 306
111 307
111 308
111 309
112 310
112 311
112 312
112 313
112 314
113 315
113 316
113 317
113 318
113 319
114 320
114 321
114 322
114 323
114 324
115 325
115 326
115 327
115 328
115 329
116 330
116 331
116 332
116 333
116 334
117 335
117 336
117 337
117 338
117 339
118 340
118 341
118 342
118 343
118 344
119 345
119 346
119 347
119 348
119 349
120 350
120 351
120 352
120 353
120 354
121 355
121 356
121 357
121 358
121 359
122 360
122 361
122 362
122 363
122 364
123 365
123 366
123 367
123 368
123 369
124 370
124 371
124 372
124 373
124 374
