0 30
0 35
0 40
0 45
0 50
0 55
0 60
0 65
0 70
0 75
0 80
0 85
1 30
1 35
1 40
1 45
1 50
1 55
1 60
1 65
1 70
1 75
1 80
1 85
2 30
2 35
2 40
2 45
2 50
2 55
2 60
2 65
2 70
2 75
2 80
2 85
3 30
3 35
3 40
3 45
3 50
3 55
3 60
3 65
3 70
3 75
3 80
3 85
4 30
4 35
4 40
4 45
4 50
4 55
4 60
4 65
4 70
4 75
4 80
4 85
5 31
5 36
5 41
5 46
5 51
5 56
5 61
5 66
5 71
5 76
5 81
5 86
6 31
6 36
6 41
6 46
6 51
6 56
6 61
6 66
6 71
6 76
6 81
6 86
7 31
7 36
7 41
7 46
7 51
7 56
7 61
7 66
7 71
7 76
7 81
7 86
8 31
8 36
8 41
8 46
8 51
8 56
8 61
8 66
8 71
8 76
8 81
8 86
9 31
9 36
9 41
9 46
9 51
9 56
9 61
9 66
9 71
9 76
9 81
9 86
10 32
10 37
10 42
10 47
10 52
10 57
10 62
10 67
10 72
10 77
10 82
10 87
11 32
11 37
11 42
11 47
11 52
11 57
11 62
11 67
11 72
11 77
11 82
11 87
12 32
12 37
12 42
12 47
12 52
12 57
12 62
12 67
12 72
12 77
12 82
12 87
13 32
13 37
13 42
13 47
13 52
13 57
13 62
13 67
13 72
13 77
13 82
13 87
14 32
14 37
14 42
14 47
14 52
14 57
14 62
14 67
14 72
14 77
14 82
14 87
15 33
15 38
15 43
15 48
15 53
15 58
15 63
15 68
15 73
15 78
15 83
15 88
16 33
16 38
16 43
16 48
16 53
16 58
16 63
16 68
16 73
16 78
16 83
16 88
17 33
17 38
17 43
17 48
17 53
17 58
17 63
17 68
17 73
17 78
17 83
17 88
18 33
18 38
18 43
18 48
18 53
18 58
18 63
18 68
18 73
18 78
18 83
18 88
19 33
19 38
19 43
19 48
19 53
19 58
19 63
19 68
19 73
19 78
19 83
19 88
20 34
20 39
20 44
20 49
20 54
20 59
20 64
20 69
20 74
20 79
20 84
20 89
21 34
21 39
21 44
21 49
21 54
21 59
21 64
21 69
21 74
21 79
21 84
21 89
22 34
22 39
22 44
22 49
22 54
22 59
22 64
22 69
22 74
22 79
22 84
22 89
23 34
23 39
23 44
23 49
23 54
23 59
23 64
23 69
23 74
23 79
23 84
23 89
24 34
24 39
24 44
24 49
24 54
24 59
24 64
24 69
24 74
24 79
24 84
24 89
25 35
25 40
25 45
25 50
25 55
25 60
25 65
25 70
25 75
25 80
25 85
26 35
26 40
26 45
26 50
26 55
26 60
26 65
26 70
26 75
26 80
26 85
27 35
27 40
27 45
27 50
27 55
27 60
27 65
27 70
27 75
27 80
27 85
28 35
28 40
28 45
28 50
28 55
28 60
28 65
28 70
28 75
28 80
28 85
29 35
29 40
29 45
29 50
29 55
29 60
29 65
29 70
29 75
29 80
29 85
30 90
30 91
30 92
30 93
30 94
31 90
31 91
31 92
31 93
31 94
32 90
32 91
32 92
32 93
32 94
33 90
33 91
33 92
33 93
33 94
34 90
34 91
34 92
34 93
34 94
35 95
35 96
35 97
35 98
35 99
36 95
36 96
36 97
36 98
36 99
37 95
37 96
37 97
37 98
37 99
38 95
38 96
38 97
38 98
38 99
39 95
39 96
39 97
39 98
39 99
40 100
40 101
40 102
40 103
40 104
41 100
41 101
41 102
41 103
41 104
42 100
42 101
42 102
42 103
42 104
43 100
43 101
43 102
43 103
43 104
44 100
44 101
44 102
44 103
44 104
45 105
45 106
45 107
45 108
45 109
46 105
46 106
46 107
46 108
46 109
47 105
47 106
47 107
47 108
47 109
48 105
48 106
48 107
48 108
48 109
49 105
49 106
49 107
49 108
49 109
50 110
50 111
50 112
50 113
50 114
51 110
51 111
51 112
51 113
51 114
52 110
52 111
52 112
52 113
52 114
53 110
53 111
53 112
53 113
53 114
54 110
54 111
54 112
54 113
54 114
55 115
55 116
55 117
55 118
55 119
56 115
56 116
56 117
56 118
56 119
57 115
57 116
57 117
57 118
57 119
58 115
58 116
58 117
58 118
58 119
59 115
59 116
59 117
59 118
59 119
60 120
60 121
60 122
60 123
60 124
61 120
61 121
61 122
61 123
61 124
62 120
62 121
62 122
62 123
62 124
63 120
63 121
63 122
63 123
63 124
64 120
64 121
64 122
64 123
64 124
65 125
65 126
65 127
65 128
65 129
66 125
66 126
66 127
66 128
66 129
67 125
67 126
67 127
67 128
67 129
68 125
68 126
68 127
68 128
68 129
69 125
69 126
69 127
69 128
69 129
70 130
70 131
70 132
70 133
70 134
71 130
71 131
71 132
71 133
71 134
72 130
72 131
72 132
72 133
72 134
73 130
73 131
73 132
73 133
73 134
74 130
74 131
74 132
74 133
74 134
75 135
75 136
75 137
75 138
75 139
76 135
76 136
76 137
76 138
76 139
77 135
77 136
77 137
77 138
77 139
78 135
78 136
78 137
78 138
78 139
79 135
79 136
79 137
79 138
79 139
80 140
80 141
80 142
80 143
80 144
81 140
81 141
81 142
81 143
81 144
82 140
82 141
82 142
82 143
82 144
83 140
83 141
83 142
83 143
83 144
84 140
84 141
84 142
84 143
84 144
85 145
85 146
85 147
85 148
85 149
86 145
86 146
86 147
86 148
86 149
87 145
87 146
87 147
87 148
87 149
88 145
88 146
88 147
88 148
88 149
89 145
89 146
89 147
89 148
89 149
90 150
90 151
90 152
90 153
90 154
91 155
91 156
91 157
91 158
91 159
92 160
92 161
92 162
92 163
92 164
93 165
93 166
93 167
93 168
93 169
94 170
94 171
94 172
94 173
94 174
95 175
95 176
95 177
95 178
95 179
96 180
96 181
96 182
96 183
96 184
97 185
97 186
97 187
97 188
97 189
98 190
98 191
98 192
98 193
98 194
99 195
99 196
99 197
99 198
99 199
100 200
100 201
100 202
100 203
100 204
101 205
101 206
101 207
101 208
101 209
102 210
102 211
102 212
102 213
102 214
103 215
103 216
103 217
103 218
103 219
104 220
104 221
104 222
104 223
104 224
105 225
105 226
105 227
105 228
105 229
106 230
106 231
106 232
106 233
106 234
107 235
107 236
107 237
107 238
107 239
108 240
108 241
108 242
108 243
108 244
109 245
109 246
109 247
109 248
109 249
110 250
110 251
110 252
110 253
110 254
111 255
111 256
111 257
111 258
111 259
112 260
112 261
112 262
112 263
112 264
113 265
113 266
113 267
113 268
113 269
114 270
114 271
114 272
114 273
114 274
115 275
115 276
115 277
115 278
115 279
116 280
116 281
116 282
116 283
116 284
117 285
117 286
117 287
117 288
117 289
118 290
118 291
118 292
118 293
118 294
119 295
119 296
119 297
119 298
119 299
120 300
120 301
120 302
120 303
120 304
121 305
121 306
121 307
121 308
121 309
122 310
122 311
122 312
122 313
122 314
123 315
123 316
123 317
123 318
123 319
124 320
124 321
124 322
124 323
124 324
125 325
125 326
125 327
125 328
125 329
126 330
126 331
126 332
126 333
126 334
127 335
127 336
127 337
127 338
127 339
128 340
128 341
128 342
128 343
128 344
129 345
129 346
129 347
129 348
129 349
130 350
130 351
130 352
130 353
130 354
131 355
131 356
131 357
131 358
131 359
132 360
132 361
132 362
132 363
132 364
133 365
133 366
133 367
133 368
133 369
134 370
134 371
134 372
134 373
134 374
135 375
135 376
135 377
135 378
135 379
136 380
136 381
136 382
136 383
136 384
137 385
137 386
137 387
137 388
137 389
138 390
138 391
138 392
138 393
138 394
139 395
139 396
139 397
139 398
139 399
140 400
140 401
140 402
140 403
140 404
141 405
141 406
141 407
141 408
141 409
142 410
142 411
142 412
142 413
142 414
143 415
143 416
143 417
143 418
143 419
144 420
144 421
144 422
144 423
144 424
145 425
145 426
145 427
145 428
145 429
146 430
146 431
146 432
146 433
146 434
147 435
147 436
147 437
147 438
147 439
148 440
148 441
148 442
148 443
148 444
149 445
149 446
149 447
149 448
149 449
